Jaya Berkah Mawar Medical Jaya Pharma,Jl. Jeruk Sejahtera Wilayah 37 Kota/Kabupaten PARIGI MOUTONG Provinsi SULAWESI TENGAH,POINT(120.1804794748126 -0.8701239349049779),Chris Smith Martin,651739/4210376/700130,660790117899,jaya-berkah-mawar-medical-jaya-pharma,141
Berkah Bahagia Cemerlang Prima Medika Pharma,Jl. Kuda Kecil Cluster 42 Kota/Kabupaten RAJA AMPAT Provinsi PAPUA BARAT,POINT(130.21068956795605 -2.034670550735361),David Roberts Garcia,1019996/997278/375199,881385402636,berkah-bahagia-cemerlang-prima-medika-pharma,118
Surya Kimia Indah Medical Sejahtera Bersama,Jl. Kuda Indah Cluster 66 Kota/Kabupaten MOROWALI UTARA Provinsi SULAWESI TENGAH,POINT(121.21968927572188 -2.2230106977621453),David Jackson Jackson,831738/217008/3106192,2118590451014,surya-kimia-indah-medical-sejahtera-bersama,220
Makmur Resep Amanah Prima Apotek Sejahtera,Jl. Rambutan Tinggi Wilayah 61 Kota/Kabupaten ASAHAN Provinsi SUMATERA UTARA,POINT(99.67375291002874 2.6383321385906946),Michael Smith Harris,1014851/832073/677379,9048057181011,makmur-resep-amanah-prima-apotek-sejahtera,918
Sentorsa Surya Farmasi Jaya Sehat Pharma,Jl. Balai Cermat Blok 100 Kota/Kabupaten LAHAT Provinsi SUMATERA SELATAN,POINT(103.58404819240675 -3.7659029969359903),Rachel Taylor Taylor,110501/950312/983493,5110450744898,sentorsa-surya-farmasi-jaya-sehat-pharma,2
Bumi Harmoni Nusantara Mutiara Farma Medika,Jl. Apel Cepat Wilayah 81 Kota/Kabupaten MALINAU Provinsi KALIMANTAN UTARA,POINT(116.60238700009604 3.2755321324072355),Brittany Jones Williams,128287/102810010/326403,1058618358105,bumi-harmoni-nusantara-mutiara-farma-medika,325
Kimia Prima Bumi Amanah Pharma Sejahtera,Jl. Jeruk Pintar Cluster 46 Kota/Kabupaten NUNUKAN Provinsi KALIMANTAN UTARA,POINT(117.21908839800948 4.290026686200413),Lauren Hill Miller,516017/427241/443239,80531009881510,kimia-prima-bumi-amanah-pharma-sejahtera,652
Jaya Medic Obat Nusantara Jaya Sejahtera,Jl. Gunung Tinggi Komplek 89 Kota/Kabupaten LANDAK Provinsi KALIMANTAN BARAT,POINT(109.90830935603478 0.4419736539733456),Emily Hill Jones,191121/636802/843395,185799302639,jaya-medic-obat-nusantara-jaya-sejahtera,365
Amanah Sehat Badan Tubuh Apotek Jaya,Jl. Mangga Jenius Cluster 14 Kota/Kabupaten MAHAKAM ULU Provinsi KALIMANTAN TIMUR,POINT(114.25348915926897 0.6914167620901139),Katie Parker Jones,10411081/450224/182630,1103704856788,amanah-sehat-badan-tubuh-apotek-jaya,129
Badan Makmur Prima Medical Farma Apotik,Jl. Kebun Kecil Daerah 80 Kota/Kabupaten BANDUNG BARAT Provinsi JAWA BARAT,POINT(107.51182848635536 -6.784268284713188),David Anderson Smith,295691/129772/419374,21810400331105,badan-makmur-prima-medical-farma-apotik,332
Bahagia Medical Murni Farmasi Medik Jaya,Jl. Gedung Sejahtera Blok 98 Kota/Kabupaten SERAM BAGIAN TIMUR Provinsi MALUKU,POINT(130.77289684596613 -3.67277248690111),Ashley Smith White,2106691/3210606/616573,4150501109680,bahagia-medical-murni-farmasi-medik-jaya,81
Prima Obat Resep Murni Pharm Sejahtera,Jl. Rambutan Sejahtera Daerah 24 Kota/Kabupaten PEGUNUNGAN BINTANG Provinsi PAPUA,POINT(140.04161249047877 -4.22813289469824),Mark Nelson Martinez,125019/7107722/1061931,471809808818,prima-obat-resep-murni-pharm-sejahtera,752
Cemerlang Sejahtera Sehat Badan Farma Jaya,Jl. Kebun Pintar Blok 21 Kota/Kabupaten SANGGAU Provinsi KALIMANTAN BARAT,POINT(110.87406767153492 0.4390392926733302),Mark White Thomas,792717/3547102/8106683,1087629213800,cemerlang-sejahtera-sehat-badan-farma-jaya,520
Bintang Surya Nusantara Toko Sejahtera Jaya,Jl. Pisang Jenius Daerah 97 Kota/Kabupaten GAYO LUES Provinsi ACEH,POINT(97.78474864281628 3.9409536987298575),Chris Hill Anderson,451011/809342/5322710,1090079816194,bintang-surya-nusantara-toko-sejahtera-jaya,799
Surya Resep Jaya Berkah Pharm Medika,Jl. Kuda Sejahtera Wilayah 12 Kota/Kabupaten TABALONG Provinsi KALIMANTAN SELATAN,POINT(115.67547617618833 -1.9751627018174516),Jason Roberts Smith,910850/847062/745369,2101828100110210,surya-resep-jaya-berkah-pharm-medika,326
Terang Apotik Toko Tenaga Apotek Bersama,Jl. Tembok Jenius Komplek 69 Kota/Kabupaten ACEH BARAT Provinsi ACEH,POINT(96.42591727702856 4.519052490660087),Allison Harris Wilson,1891050/400920/516393,344890511027,terang-apotik-toko-tenaga-apotek-bersama,238
Makmur Sehat Prima Badan Sehat Bersama,Jl. Kota Sari Cluster 17 Kota/Kabupaten YAHUKIMO Provinsi PAPUA,POINT(139.6935815338326 -4.987553602689882),Brittany Nelson Wilson,1013070/219826/731627,7510083910439,makmur-sehat-prima-badan-sehat-bersama,869
Sentorsa Makmur Murni Jaya Apotek Pharm,Jl. Tembok Cermat Blok 33 Kota/Kabupaten HALMAHERA TIMUR Provinsi MALUKU UTARA,POINT(128.18033923562382 1.2621596155101464),Katie Johnson Harris,571017/2441082/183938,313971118012,sentorsa-makmur-murni-jaya-apotek-pharm,90
Toko Farmasi Tubuh Terang Jaya Pharm,Jl. Sirih Pendek Komplek 30 Kota/Kabupaten NABIRE Provinsi PAPUA,POINT(135.692848550435 -2.929309017785231),Jessica Johnson Jackson,8649110/482997/1053876,964823400125,toko-farmasi-tubuh-terang-jaya-pharm,484
Prima Apotik Resep Bakti Pharm Jaya,Jl. Mangga Cerah Blok 58 Kota/Kabupaten SINTANG Provinsi KALIMANTAN BARAT,POINT(112.04559396537748 0.1252910114840073),David Clark Thompson,851711/752652/484013,1011068426265,prima-apotik-resep-bakti-pharm-jaya,817
Prima Bakti Mutiara Apotik Pharm Sehat,Jl. Duku Cepat Cluster 48 Kota/Kabupaten KUTAI TIMUR Provinsi KALIMANTAN TIMUR,POINT(116.5839586489611 0.6945904473642344),Alex Carter Robinson,130071/9108279/683397,101010409581,prima-bakti-mutiara-apotik-pharm-sehat,940
Terang Sejahtera Makmur Nusantara Jaya Apotek,Jl. Rambutan Cepat Komplek 18 Kota/Kabupaten MOROWALI UTARA Provinsi SULAWESI TENGAH,POINT(120.9412313635505 -1.9135797098111524),Michael Williams Martinez,1510493/210910102/277273,95106510010681,terang-sejahtera-makmur-nusantara-jaya-apotek,487
Obat Toko Surya Nusantara Sehat Sejahtera,Jl. Duku Cerah Komplek 57 Kota/Kabupaten HULU SUNGAI TENGAH Provinsi KALIMANTAN SELATAN,POINT(115.50503188612991 -2.6523306816858714),Mark Anderson Williams,421005/5284610/5310909,1071488801100,obat-toko-surya-nusantara-sehat-sejahtera,16
Bintang Sehat Prima Mutiara Medika Sejahtera,Jl. Kota Jenius Cluster 73 Kota/Kabupaten KETAPANG Provinsi KALIMANTAN BARAT,POINT(110.77315432722642 -2.7819361368125275),Ashley Anderson Smith,1045611/4236108/1810436,7201034791800,bintang-sehat-prima-mutiara-medika-sejahtera,424
Mutiara Lestari Tenaga Apotik Pharma Sehat,Jl. Gedung Cermat Cluster 94 Kota/Kabupaten ACEH JAYA Provinsi ACEH,POINT(95.49116556565636 4.760740952453338),Sarah Nelson Davis,551863/10107328/312425,177287204673,mutiara-lestari-tenaga-apotik-pharma-sehat,163
Prima Badan Bakti Bumi Farma Sehat,Jl. Balai Cerah Wilayah 50 Kota/Kabupaten MANOKWARI SELATAN Provinsi PAPUA BARAT,POINT(134.16796515626277 -1.3194926579888335),David Jones Smith,13510100/7881062/493233,207587741019,prima-badan-bakti-bumi-farma-sehat,461
Berkah Obat Makmur Terang Jaya Apotek,Jl. Jeruk Cermat Wilayah 90 Kota/Kabupaten MAHAKAM ULU Provinsi KALIMANTAN TIMUR,POINT(115.10967991373374 0.0515543826195035),Alex Jones Smith,674157/21032102/833488,1080691062811,berkah-obat-makmur-terang-jaya-apotek,15
Cemerlang Badan Nusantara Murni Medika Sehat,Jl. Gunung Cerdas Blok 12 Kota/Kabupaten SINTANG Provinsi KALIMANTAN BARAT,POINT(112.85251061200782 0.1692569085943045),Tom Roberts Martin,3714110/356235/378103,950787518878,cemerlang-badan-nusantara-murni-medika-sehat,465
Medical Bumi Tenaga Toko Jaya Medika,Jl. Gajah Jenius Komplek 33 Kota/Kabupaten KAIMANA Provinsi PAPUA BARAT,POINT(134.3442790975761 -3.5924679171408185),Brittany Roberts Martin,906651/10102832/4373910,236896031481,medical-bumi-tenaga-toko-jaya-medika,148
Obat Prima Tenaga Mutiara Sehat Sejahtera,Jl. Kebun Pendek Cluster 16 Kota/Kabupaten NGAWI Provinsi JAWA TIMUR,POINT(111.42327537622506 -7.496160389737369),Chris Johnson Johnson,158782/726975/672307,2918510128084,obat-prima-tenaga-mutiara-sehat-sejahtera,154
Tenaga Lestari Medical Murni Sejahtera Sejahtera,Jl. Kota Sari Daerah 53 Kota/Kabupaten INTAN JAYA Provinsi PAPUA,POINT(136.93362507807188 -3.3917720590901617),Brittany Harris Taylor,311662/105725/3455106,8810313230230,tenaga-lestari-medical-murni-sejahtera-sejahtera,895
Jaya Tubuh Farmasi Nusantara Sejahtera Bersama,Jl. Mangga Kecil Wilayah 20 Kota/Kabupaten HULU SUNGAI TENGAH Provinsi KALIMANTAN SELATAN,POINT(115.1926776607547 -2.617703038584704),Lauren Clark Wilson,214105/509112/435583,10000105128690,jaya-tubuh-farmasi-nusantara-sejahtera-bersama,142
Amanah Resep Farmasi Tenaga Bersama Pharm,Jl. Durian Cerdas Komplek 80 Kota/Kabupaten KAMPAR Provinsi RIAU,POINT(101.04087832388883 0.7269607511297025),Sarah Jackson Smith,10291019/322970/536973,2203923810381,amanah-resep-farmasi-tenaga-bersama-pharm,76
Farmasi Mutiara Apotik Badan Apotik Medik,Jl. Ikan Sejahtera Wilayah 96 Kota/Kabupaten MURUNG RAYA Provinsi KALIMANTAN TENGAH,POINT(114.55156325192922 -0.3894694025409411),Katie Martinez Davis,3478110/4102088/6391052,10002085141610,farmasi-mutiara-apotik-badan-apotik-medik,640
Farmasi Jaya Sejahtera Obat Jaya Pharma,Jl. Apel Cermat Cluster 7 Kota/Kabupaten SINTANG Provinsi KALIMANTAN BARAT,POINT(112.87547053389544 -0.1355471548138727),Sarah Anderson Wilson,176070/2310015/145723,201389903131,farmasi-jaya-sejahtera-obat-jaya-pharma,695
Medic Harmoni Toko Sentorsa Pharma Jaya,Jl. Gedung Pintar Wilayah 50 Kota/Kabupaten NGAWI Provinsi JAWA TIMUR,POINT(111.27565836860626 -7.295268838221235),Chris Jackson Martinez,143946/837290/4323510,168480927090,medic-harmoni-toko-sentorsa-pharma-jaya,670
Apotik Bumi Surya Badan Bersama Sejahtera,Jl. Anjing Cerah Blok 18 Kota/Kabupaten BLITAR Provinsi JAWA TIMUR,POINT(112.18669575699654 -8.312205219756413),Emily White Jackson,639512/204332/535999,9908110011888,apotik-bumi-surya-badan-bersama-sejahtera,841
Farmasi Mawar Terang Badan Medika Bersama,Jl. Gedung Cerdas Cluster 32 Kota/Kabupaten KAPUAS HULU Provinsi KALIMANTAN BARAT,POINT(112.33447954378843 0.4840283362787989),Mark Nelson Martinez,637619/619762/31101036,148100602402,farmasi-mawar-terang-badan-medika-bersama,170
Murni Surya Tenaga Prima Bersama Sejahtera,Jl. Kebun Kecil Cluster 65 Kota/Kabupaten TANJUNG JABUNG BARAT Provinsi JAMBI,POINT(103.53718953492454 -0.8607784028870089),Michael Roberts Smith,391847/7242910/993322,81201001031458,murni-surya-tenaga-prima-bersama-sejahtera,280
Nusantara Harmoni Bintang Obat Sejahtera Sehat,Jl. Kebun Pendek Daerah 37 Kota/Kabupaten TELUK WONDAMA Provinsi PAPUA BARAT,POINT(134.0154305420825 -2.1823435758441487),Rachel Thomas Miller,801115/2810155/10523010,1017383892005,nusantara-harmoni-bintang-obat-sejahtera-sehat,74
Lestari Resep Berkah Amanah Medik Sehat,Jl. Kota Cepat Daerah 26 Kota/Kabupaten MALAKA Provinsi NUSA TENGGARA TIMUR,POINT(124.90126271773568 -9.564763934942192),Jason Carter Johnson,917289/804221/3610299,1510823322062,lestari-resep-berkah-amanah-medik-sehat,54
Bakti Tenaga Indah Harmoni Sejahtera Pharma,Jl. Gunung Indah Daerah 1 Kota/Kabupaten LANDAK Provinsi KALIMANTAN BARAT,POINT(110.06094723504926 0.4749762830450912),Steve Carter Harris,139141/923657/8936106,1601229102481,bakti-tenaga-indah-harmoni-sejahtera-pharma,35
Sentorsa Amanah Badan Tenaga Jaya Medika,Jl. Anjing Kecil Komplek 15 Kota/Kabupaten MURUNG RAYA Provinsi KALIMANTAN TENGAH,POINT(114.38030048841222 -0.8158341303276284),Jessica Brown Jackson,975671/2810682/353882,513448090521,sentorsa-amanah-badan-tenaga-jaya-medika,175
Lestari Sentorsa Murni Bahagia Pharma Apotik,Jl. Duku Cepat Cluster 77 Kota/Kabupaten DHARMASRAYA Provinsi SUMATERA BARAT,POINT(101.24371395961047 -0.9677506999490432),Rachel Hill Thomas,581474/5972100/3324109,7610364098316,lestari-sentorsa-murni-bahagia-pharma-apotik,691
Sehat Mutiara Nusantara Medical Apotek Apotik,Jl. Sawah Besar Wilayah 30 Kota/Kabupaten ROKAN HILIR Provinsi RIAU,POINT(100.57627082042188 1.391782219104046),Emily Carter Garcia,6710821/2281027/1073974,730087202181,sehat-mutiara-nusantara-medical-apotek-apotik,830
Tubuh Cemerlang Prima Bakti Apotik Bersama,Jl. Gajah Cerah Cluster 82 Kota/Kabupaten SAMOSIR Provinsi SUMATERA UTARA,POINT(98.65329847581845 2.556237357660443),Brittany Johnson Smith,1011188/2261109/9661038,6934001108810,tubuh-cemerlang-prima-bakti-apotik-bersama,127
Bakti Prima Toko Jaya Sejahtera Farma,Jl. Kucing Tinggi Daerah 80 Kota/Kabupaten OGAN KOMERING ILIR Provinsi SUMATERA SELATAN,POINT(105.59566203446788 -2.6104978378214696),Mark Johnson White,152923/6222110/204233,4580108033147,bakti-prima-toko-jaya-sejahtera-farma,584
Nusantara Bahagia Sentorsa Resep Apotek Jaya,Jl. Gajah Indah Daerah 10 Kota/Kabupaten PULANG PISAU Provinsi KALIMANTAN TENGAH,POINT(114.0888700130348 -2.100453241911632),Emily Lewis Smith,236510/10510402/10310726,918835802409,nusantara-bahagia-sentorsa-resep-apotek-jaya,84
Terang Bumi Badan Makmur Pharma Bersama,Jl. Durian Kecil Cluster 62 Kota/Kabupaten BOVEN DIGOEL Provinsi PAPUA,POINT(140.0348844178785 -6.427698820750327),John Martinez White,155153/283057/1063735,290190248911,terang-bumi-badan-makmur-pharma-bersama,515
Sehat Mutiara Sentorsa Farmasi Pharm Medik,Jl. Kebun Cerdas Wilayah 68 Kota/Kabupaten SAROLANGUN Provinsi JAMBI,POINT(102.36122352683728 -2.577293999391866),Jason Lewis Thomas,3201012/511298/891010310,801811415483,sehat-mutiara-sentorsa-farmasi-pharm-medik,582
Toko Cemerlang Obat Indah Medika Sejahtera,Jl. Jeruk Pendek Blok 84 Kota/Kabupaten MALUKU TENGAH Provinsi MALUKU,POINT(129.56009974798243 -3.2922970688004227),Tom Jones Thomas,371732/205509/598538,1310109547086,toko-cemerlang-obat-indah-medika-sejahtera,355
Badan Prima Bakti Berkah Pharm Apotik,Jl. Durian Cermat Komplek 54 Kota/Kabupaten TANA TORAJA Provinsi SULAWESI SELATAN,POINT(119.6834988498468 -3.324007677659295),Chris Clark Martin,410661/12106010/135869,89309101003331,badan-prima-bakti-berkah-pharm-apotik,967
Bahagia Surya Cemerlang Berkah Jaya Medika,Jl. Kucing Jenius Wilayah 72 Kota/Kabupaten BATANG Provinsi JAWA TENGAH,POINT(109.76626258630309 -7.01057892077578),Lauren Johnson Thomas,982100/649201/979369,211048686627,bahagia-surya-cemerlang-berkah-jaya-medika,614
Murni Sehat Cemerlang Mutiara Farma Pharm,Jl. Mangga Indah Blok 92 Kota/Kabupaten ASMAT Provinsi PAPUA,POINT(138.62737408308735 -6.192087654956411),Allison Roberts Jones,541472/275554/5310338,589157025990,murni-sehat-cemerlang-mutiara-farma-pharm,934
Obat Lestari Farmasi Jaya Pharm Sehat,Jl. Pisang Sari Blok 47 Kota/Kabupaten MERAUKE Provinsi PAPUA,POINT(140.66566070637015 -7.744941583240919),Sarah Brown Moore,316350/7010232/773081,340128081105,obat-lestari-farmasi-jaya-pharm-sehat,27
Jaya Bahagia Kimia Surya Apotik Medika,Jl. Gunung Kecil Cluster 56 Kota/Kabupaten KEPULAUAN ARU Provinsi MALUKU,POINT(134.53263171154745 -6.419712129452666),Megan Brown Robinson,1110954/2783310/343478,700197847006,jaya-bahagia-kimia-surya-apotik-medika,495
Toko Mawar Medical Bahagia Bersama Medik,Jl. Gedung Sejahtera Daerah 67 Kota/Kabupaten NABIRE Provinsi PAPUA,POINT(135.0971091506438 -3.3663973610955216),Sarah White Johnson,2101001/861220/1060398,540685721833,toko-mawar-medical-bahagia-bersama-medik,378
Medic Bahagia Sentorsa Kimia Apotik Pharm,Jl. Duku Jenius Komplek 83 Kota/Kabupaten MANDAILING NATAL Provinsi SUMATERA UTARA,POINT(99.33273827078152 0.7271362180295782),Steve Smith Jackson,618084/9213110/326476,171193984087,medic-bahagia-sentorsa-kimia-apotik-pharm,938
Harmoni Berkah Makmur Jaya Medik Pharma,Jl. Rambutan Pintar Daerah 78 Kota/Kabupaten SERUYAN Provinsi KALIMANTAN TENGAH,POINT(111.87546121298304 -1.3891111319456897),Emily Anderson Martinez,110480/1032476/3745610,8876669930101,harmoni-berkah-makmur-jaya-medik-pharma,709
Prima Medical Tubuh Prima Medik Pharma,Jl. Sirih Cepat Daerah 93 Kota/Kabupaten PARIGI MOUTONG Provinsi SULAWESI TENGAH,POINT(120.40271247101025 -1.0441712451129117),Alex White White,7102571/222210/348279,460333612870,prima-medical-tubuh-prima-medik-pharma,92
Medical Bumi Mawar Murni Sejahtera Apotek,Jl. Durian Sejahtera Komplek 95 Kota/Kabupaten MURUNG RAYA Provinsi KALIMANTAN TENGAH,POINT(113.79225699715847 -0.1915904197362667),Sarah White Davis,284812/637287/8104693,875217878705,medical-bumi-mawar-murni-sejahtera-apotek,546
Surya Amanah Toko Surya Sejahtera Bersama,Jl. Pisang Cepat Wilayah 20 Kota/Kabupaten CILACAP Provinsi JAWA TENGAH,POINT(108.90523259454234 -7.376610688149629),John Hill Harris,418952/327286/315355,7201020141048,surya-amanah-toko-surya-sejahtera-bersama,653
Mutiara Badan Sehat Kimia Jaya Sejahtera,Jl. Sirih Jenius Komplek 98 Kota/Kabupaten KONAWE UTARA Provinsi SULAWESI TENGGARA,POINT(121.85262132894754 -3.2826378307185617),Katie Hill Martin,966111/105256/456939,8913108921095,mutiara-badan-sehat-kimia-jaya-sejahtera,788
Tubuh Sejahtera Prima Cemerlang Bersama Medik,Jl. Kebun Pintar Daerah 36 Kota/Kabupaten PEGUNUNGAN BINTANG Provinsi PAPUA,POINT(140.9070114928133 -4.686508296168992),Ashley Taylor Thompson,980132/6103712/6432510,30810612378110,tubuh-sejahtera-prima-cemerlang-bersama-medik,59
Tubuh Sehat Amanah Surya Sehat Pharm,Jl. Kebun Cerdas Daerah 76 Kota/Kabupaten JAYAPURA Provinsi PAPUA,POINT(139.95256982237504 -2.984375278199219),Michael Martinez Davis,1017522/1023326/416832,8012941941106,tubuh-sehat-amanah-surya-sehat-pharm,721
Surya Cemerlang Amanah Apotik Apotik Pharma,Jl. Gajah Sejahtera Daerah 32 Kota/Kabupaten BARRU Provinsi SULAWESI SELATAN,POINT(119.70070459431273 -4.581672494578694),David Smith Taylor,2100013/420592/298305,201382168960,surya-cemerlang-amanah-apotik-apotik-pharma,103
Nusantara Sentorsa Prima Kimia Jaya Apotik,Jl. Gajah Cepat Cluster 18 Kota/Kabupaten LAMANDAU Provinsi KALIMANTAN TENGAH,POINT(111.4273886072173 -1.4764506070926942),Rachel Jackson Moore,9810851/9262101/833970,100199455858,nusantara-sentorsa-prima-kimia-jaya-apotik,100
Toko Tubuh Bahagia Prima Apotek Medika,Jl. Gajah Cerah Wilayah 22 Kota/Kabupaten BANYUWANGI Provinsi JAWA TIMUR,POINT(113.96225944809665 -8.362709894345329),Katie Thomas Jackson,280911/190452/586375,361894440719,toko-tubuh-bahagia-prima-apotek-medika,233
Bintang Bakti Sentorsa Obat Pharm Sejahtera,Jl. Duku Cermat Komplek 95 Kota/Kabupaten MUSI BANYUASIN Provinsi SUMATERA SELATAN,POINT(104.09966087463116 -2.059258801408438),Chris Roberts Taylor,811430/126862/2102379,1201863100924,bintang-bakti-sentorsa-obat-pharm-sejahtera,787
Medic Prima Resep Murni Apotik Medika,Jl. Tembok Cerdas Cluster 31 Kota/Kabupaten PEGUNUNGAN BINTANG Provinsi PAPUA,POINT(140.596242266565 -4.032859224845491),Michael Hill Thomas,81015104/872256/36106610,196289044489,medic-prima-resep-murni-apotik-medika,583
Bumi Farmasi Makmur Indah Pharm Farma,Jl. Jeruk Kecil Komplek 78 Kota/Kabupaten SOLOK Provinsi SUMATERA BARAT,POINT(100.66828754484035 -0.8174863904697887),Alex Lewis Brown,180002/222685/6601035,583109645816,bumi-farmasi-makmur-indah-pharm-farma,94
Surya Medical Murni Nusantara Jaya Pharma,Jl. Balai Jenius Daerah 71 Kota/Kabupaten HALMAHERA TIMUR Provinsi MALUKU UTARA,POINT(128.64840247998637 1.3608500003698882),Mark Brown Wilson,861961/81010362/9347103,1888930107907,surya-medical-murni-nusantara-jaya-pharma,45
Jaya Mawar Lestari Cemerlang Farma Apotek,Jl. Rambutan Indah Komplek 67 Kota/Kabupaten HALMAHERA TIMUR Provinsi MALUKU UTARA,POINT(128.52992804989856 1.0113902157673331),Jason Thomas Smith,6191010/339257/573343,591439807721,jaya-mawar-lestari-cemerlang-farma-apotek,46
Mawar Harmoni Medic Resep Jaya Sejahtera,Jl. Kuda Cerah Komplek 98 Kota/Kabupaten KOTAWARINGIN TIMUR Provinsi KALIMANTAN TENGAH,POINT(112.53879556546477 -1.6812096854796523),Rachel Jackson Davis,282102/435829/734694,2101033886131,mawar-harmoni-medic-resep-jaya-sejahtera,174
Badan Bahagia Jaya Berkah Apotik Farma,Jl. Kuda Pintar Cluster 19 Kota/Kabupaten POSO Provinsi SULAWESI TENGAH,POINT(120.37587896643214 -1.2496690858338957),Jason Carter Johnson,7105918/1020596/5103318,140590147488,badan-bahagia-jaya-berkah-apotik-farma,296
Prima Bintang Indah Terang Bersama Farma,Jl. Gajah Cermat Komplek 93 Kota/Kabupaten MAHAKAM ULU Provinsi KALIMANTAN TIMUR,POINT(114.19139982719012 0.6770206974668884),Megan Parker Davis,819851/701263/571351,2345810018114,prima-bintang-indah-terang-bersama-farma,262
Sejahtera Mutiara Surya Lestari Medik Farma,Jl. Rambutan Jenius Cluster 24 Kota/Kabupaten MUSI RAWAS UTARA Provinsi SUMATERA SELATAN,POINT(102.80332774635004 -2.6937861037317425),Mark Roberts Davis,916217/206502/4306108,18889900105110,sejahtera-mutiara-surya-lestari-medik-farma,213
Indah Nusantara Kimia Apotik Pharma Medik,Jl. Gunung Cepat Daerah 51 Kota/Kabupaten NIAS UTARA Provinsi SUMATERA UTARA,POINT(97.36439476425812 1.3677207278212735),Lauren Brown Moore,664120/360222/398452,653115244108,indah-nusantara-kimia-apotik-pharma-medik,363
Jaya Prima Cemerlang Lestari Bersama Farma,Jl. Kuda Cepat Komplek 43 Kota/Kabupaten KAMPAR Provinsi RIAU,POINT(101.1179336984924 0.6983553436899985),Mark Martinez Martinez,410578/8762510/383564,3911012793028,jaya-prima-cemerlang-lestari-bersama-farma,964
Toko Sehat Makmur Obat Sejahtera Pharm,Jl. Pisang Tinggi Wilayah 15 Kota/Kabupaten BONE Provinsi SULAWESI SELATAN,POINT(120.31879212150388 -4.25957256048236),Michael Lewis Wilson,585153/624229/1012203,370380084015,toko-sehat-makmur-obat-sejahtera-pharm,998
Sentorsa Prima Surya Amanah Pharm Apotik,Jl. Balai Cermat Daerah 81 Kota/Kabupaten OGAN KOMERING ULU TIMUR Provinsi SUMATERA SELATAN,POINT(104.63481938072935 -4.200886963660815),Michael Jackson Robinson,3105021/786972/639350,1157608891047,sentorsa-prima-surya-amanah-pharm-apotik,293
Nusantara Mawar Toko Medic Apotik Pharma,Jl. Jeruk Cepat Cluster 2 Kota/Kabupaten DHARMASRAYA Provinsi SUMATERA BARAT,POINT(101.65668322391114 -1.2160215904275231),John Parker Smith,271931/267140/8113106,1008719182608,nusantara-mawar-toko-medic-apotik-pharma,692
Tenaga Bahagia Badan Jaya Apotik Sejahtera,Jl. Gedung Kecil Komplek 32 Kota/Kabupaten PASER Provinsi KALIMANTAN TIMUR,POINT(115.83885145478963 -1.6307466036018603),Michael Lewis Anderson,111753/928436/754323,40101760891030,tenaga-bahagia-badan-jaya-apotik-sejahtera,439
Makmur Prima Bintang Kimia Pharma Jaya,Jl. Anjing Sari Daerah 22 Kota/Kabupaten MAHAKAM ULU Provinsi KALIMANTAN TIMUR,POINT(114.03273076584412 0.749725244909877),Megan Anderson Jackson,165423/264170/239462,4168703110870,makmur-prima-bintang-kimia-pharma-jaya,109
Medic Terang Apotik Medical Apotek Sejahtera,Jl. Tembok Indah Daerah 36 Kota/Kabupaten KOTAWARINGIN TIMUR Provinsi KALIMANTAN TENGAH,POINT(112.37332376115307 -1.6226194571655412),Jason Nelson Moore,1029313/231124/383893,771081016101032,medic-terang-apotik-medical-apotek-sejahtera,944
Medic Bumi Tubuh Surya Sejahtera Bersama,Jl. Gedung Cepat Daerah 83 Kota/Kabupaten KOTA SURABAYA Provinsi JAWA TIMUR,POINT(113.39067851730496 -6.987289032929371),Michael Hill Martinez,414519/10106294/133086,1046202618818,medic-bumi-tubuh-surya-sejahtera-bersama,385
Sentorsa Bahagia Medical Medic Farma Pharma,Jl. Ikan Jenius Blok 68 Kota/Kabupaten KAPUAS Provinsi KALIMANTAN TENGAH,POINT(114.29488332812927 -2.984427333242944),John Carter Thompson,335481/2921010/5311088,69210608101069,sentorsa-bahagia-medical-medic-farma-pharma,272
Tubuh Indah Jaya Sejahtera Sejahtera Apotek,Jl. Kucing Besar Daerah 6 Kota/Kabupaten WAROPEN Provinsi PAPUA,POINT(136.80420147312108 -3.0431271419778074),Katie Roberts Anderson,613013/102562/2391063,81101008018022,tubuh-indah-jaya-sejahtera-sejahtera-apotek,282
Cemerlang Mutiara Jaya Badan Medika Sehat,Jl. Kota Jenius Komplek 58 Kota/Kabupaten MURUNG RAYA Provinsi KALIMANTAN TENGAH,POINT(113.96641765057883 0.0575944580152647),Alex Brown Robinson,184620/222697/337397,44080104810621,cemerlang-mutiara-jaya-badan-medika-sehat,225
Mutiara Tenaga Murni Resep Bersama Farma,Jl. Apel Pendek Blok 72 Kota/Kabupaten YAHUKIMO Provinsi PAPUA,POINT(139.7256345746434 -4.202127310467184),Steve Adams Taylor,216451/490201/162333,8133449651000,mutiara-tenaga-murni-resep-bersama-farma,458
Indah Badan Bahagia Bumi Medika Apotik,Jl. Sawah Jenius Komplek 51 Kota/Kabupaten BUNGO Provinsi JAMBI,POINT(101.88118844411828 -1.685613861879462),Emily Jones Johnson,218443/7211089/366748,901896591701,indah-badan-bahagia-bumi-medika-apotik,960
Jaya Murni Farmasi Obat Jaya Apotek,Jl. Gajah Sejahtera Komplek 64 Kota/Kabupaten KUTAI TIMUR Provinsi KALIMANTAN TIMUR,POINT(116.26828010358524 0.7004686865366772),Michael Hill Anderson,191676/606262/314861,10131104410208,jaya-murni-farmasi-obat-jaya-apotek,923
Tenaga Prima Mawar Apotik Medika Apotek,Jl. Mangga Sari Blok 20 Kota/Kabupaten NATUNA Provinsi KEPULAUAN RIAU,POINT(108.02695803207467 3.875342712798707),Michael Parker Taylor,3781001/926013/4135104,991681569019,tenaga-prima-mawar-apotik-medika-apotek,738
Kimia Sehat Lestari Jaya Medik Sejahtera,Jl. Kuda Tinggi Komplek 57 Kota/Kabupaten GUNUNGKIDUL Provinsi DAERAH ISTIMEWA YOGYAKARTA,POINT(110.71442423541156 -8.006279100869017),Alex Thomas Jackson,619071/216235/31009410,8816618103250,kimia-sehat-lestari-jaya-medik-sejahtera,282
Sentorsa Sejahtera Lestari Medical Apotik Pharm,Jl. Gunung Cermat Komplek 68 Kota/Kabupaten LAMANDAU Provinsi KALIMANTAN TENGAH,POINT(111.7492501589596 -2.0425887442347896),Allison Thomas Miller,1591055/927376/91010737,505115618246,sentorsa-sejahtera-lestari-medical-apotik-pharm,220
Medic Resep Nusantara Prima Bersama Farma,Jl. Gunung Tinggi Komplek 58 Kota/Kabupaten MAMBERAMO RAYA Provinsi PAPUA,POINT(137.62201359320449 -2.790755423829987),Jason Thomas Anderson,710107/324700/247731,418909608807,medic-resep-nusantara-prima-bersama-farma,296
Medical Harmoni Surya Amanah Apotik Sejahtera,Jl. Gunung Pendek Wilayah 71 Kota/Kabupaten MELAWI Provinsi KALIMANTAN BARAT,POINT(112.01144215896194 -0.5046149595279896),Michael Martinez Thompson,331981/4280109/1835110,41181016010076,medical-harmoni-surya-amanah-apotik-sejahtera,945
Resep Tenaga Tubuh Makmur Sejahtera Sehat,Jl. Rambutan Indah Cluster 46 Kota/Kabupaten SORONG SELATAN Provinsi PAPUA BARAT,POINT(131.96304604109773 -1.2911242168926638),Lauren Johnson Harris,685612/218026/253648,7101031721380,resep-tenaga-tubuh-makmur-sejahtera-sehat,343
Bakti Nusantara Medical Badan Sehat Jaya,Jl. Apel Indah Cluster 85 Kota/Kabupaten MIMIKA Provinsi PAPUA,POINT(135.61841670003002 -4.273453376307088),Tom Roberts Robinson,519815/92210105/8109533,228637514602,bakti-nusantara-medical-badan-sehat-jaya,26
Surya Terang Medical Bahagia Sehat Pharm,Jl. Duku Tinggi Blok 95 Kota/Kabupaten KETAPANG Provinsi KALIMANTAN BARAT,POINT(110.61509320662157 -1.9405833628099725),Steve Harris Jones,193987/919462/803623,82447100101357,surya-terang-medical-bahagia-sehat-pharm,974
Amanah Indah Cemerlang Apotik Pharma Jaya,Jl. Balai Indah Komplek 50 Kota/Kabupaten PELALAWAN Provinsi RIAU,POINT(101.8011819083073 -0.1234847490718635),Brittany Williams Miller,747212/2134107/255325,668518705666,amanah-indah-cemerlang-apotik-pharma-jaya,649
Amanah Cemerlang Apotik Farmasi Sehat Farma,Jl. Duku Kecil Wilayah 72 Kota/Kabupaten TELUK BINTUNI Provinsi PAPUA BARAT,POINT(133.44178747237115 -2.7125034355508437),Alex Harris Anderson,141753/6602107/380217,821027301038,amanah-cemerlang-apotik-farmasi-sehat-farma,551
Mawar Harmoni Murni Badan Sejahtera Medik,Jl. Sawah Pendek Daerah 27 Kota/Kabupaten BANGKA BARAT Provinsi KEPULAUAN BANGKA BELITUNG,POINT(105.295466011193 -1.8793708731208305),John Lewis Martinez,251368/1251710/773325,103680201891,mawar-harmoni-murni-badan-sejahtera-medik,3
Resep Nusantara Farmasi Obat Sejahtera Medika,Jl. Kota Cepat Komplek 45 Kota/Kabupaten GAYO LUES Provinsi ACEH,POINT(97.73437962032013 3.977126575514781),Lauren Taylor Martinez,915712/8102619/359238,982033911686,resep-nusantara-farmasi-obat-sejahtera-medika,67
Obat Medic Jaya Jaya Pharm Medika,Jl. Apel Pintar Blok 51 Kota/Kabupaten MIMIKA Provinsi PAPUA,POINT(135.28297545697038 -4.396600740420436),Ashley Nelson Brown,281307/623924/8936910,814031368693,obat-medic-jaya-jaya-pharm-medika,995
Berkah Tenaga Medical Sehat Sehat Pharm,Jl. Jeruk Tinggi Blok 89 Kota/Kabupaten DONGGALA Provinsi SULAWESI TENGAH,POINT(119.4808274999321 -1.3500117292050664),Mark Roberts Robinson,411865/880272/633206,745877010117,berkah-tenaga-medical-sehat-sehat-pharm,357
Sentorsa Jaya Terang Murni Medik Farma,Jl. Gajah Cerah Komplek 44 Kota/Kabupaten KAPUAS HULU Provinsi KALIMANTAN BARAT,POINT(113.3131623957577 0.8492928830751456),Michael Anderson White,1710110/772014/217347,5051811090485,sentorsa-jaya-terang-murni-medik-farma,336
Obat Prima Surya Medic Bersama Medika,Jl. Apel Cerah Daerah 25 Kota/Kabupaten KEPULAUAN ARU Provinsi MALUKU,POINT(134.60178879860194 -5.996543440522978),Matt Carter Thompson,7331101/1032278/3105302,97111051080643,obat-prima-surya-medic-bersama-medika,626
Mutiara Prima Terang Amanah Sejahtera Pharma,Jl. Sawah Kecil Wilayah 17 Kota/Kabupaten MAPPI Provinsi PAPUA,POINT(138.99856944089092 -5.713679896769244),David Martinez Brown,8711094/248682/2104381,5010108907260,mutiara-prima-terang-amanah-sejahtera-pharma,830
Medic Bintang Harmoni Kimia Medika Pharma,Jl. Gedung Pendek Wilayah 86 Kota/Kabupaten BARITO TIMUR Provinsi KALIMANTAN TENGAH,POINT(115.28636681359538 -1.9053746096847224),Ashley Williams Wilson,143133/5277102/1006383,1010418580609,medic-bintang-harmoni-kimia-medika-pharma,173
Badan Bumi Prima Resep Jaya Farma,Jl. Kucing Kecil Daerah 81 Kota/Kabupaten MAHAKAM ULU Provinsi KALIMANTAN TIMUR,POINT(115.23862025813854 0.3184494981079346),Mark Carter Jackson,119150/296242/355632,378998601910,badan-bumi-prima-resep-jaya-farma,42
Terang Tenaga Makmur Obat Farma Pharma,Jl. Balai Cerah Komplek 34 Kota/Kabupaten OGAN KOMERING ULU TIMUR Provinsi SUMATERA SELATAN,POINT(104.4462378624765 -4.031985117256189),Mark White Martin,754691/342121/131588,510032207845,terang-tenaga-makmur-obat-farma-pharma,260
Tubuh Badan Sejahtera Mawar Pharma Bersama,Jl. Ikan Cepat Daerah 64 Kota/Kabupaten LANDAK Provinsi KALIMANTAN BARAT,POINT(109.80358647195509 0.5997971050594231),Allison Carter Johnson,5110628/122290/9710730,207316866708,tubuh-badan-sejahtera-mawar-pharma-bersama,129
Mutiara Sehat Nusantara Medical Medik Pharm,Jl. Anjing Indah Cluster 74 Kota/Kabupaten KARO Provinsi SUMATERA UTARA,POINT(97.97999078490008 3.1674110514054874),Steve Harris Moore,180905/2210149/530245,695981081015,mutiara-sehat-nusantara-medical-medik-pharm,679
Bintang Terang Toko Indah Bersama Sejahtera,Jl. Anjing Kecil Blok 98 Kota/Kabupaten BANGKA TENGAH Provinsi KEPULAUAN BANGKA BELITUNG,POINT(106.41538546840746 -2.5362679460501134),Steve Roberts Anderson,190639/22107107/1034708,5846318010015,bintang-terang-toko-indah-bersama-sejahtera,388
Mutiara Badan Sentorsa Prima Apotek Pharm,Jl. Apel Cerah Cluster 75 Kota/Kabupaten TIMOR TENGAH SELATAN Provinsi NUSA TENGGARA TIMUR,POINT(124.18376548681816 -9.981930603103024),Jason White Thompson,718154/471204/807783,407170602811,mutiara-badan-sentorsa-prima-apotek-pharm,559
Apotik Lestari Mutiara Tenaga Apotik Sejahtera,Jl. Balai Tinggi Wilayah 64 Kota/Kabupaten KAMPAR Provinsi RIAU,POINT(101.08707234710629 0.4843437834704893),Sarah Anderson Martin,310618/2103965/6385103,144197813006,apotik-lestari-mutiara-tenaga-apotik-sejahtera,875
Prima Farmasi Badan Terang Medik Sehat,Jl. Duku Cerdas Blok 92 Kota/Kabupaten KUTAI KARTANEGARA Provinsi KALIMANTAN TIMUR,POINT(117.13129091355572 -0.261533487411036),Mark White Brown,211882/2582610/348595,1089430989165,prima-farmasi-badan-terang-medik-sehat,670
Toko Tenaga Surya Terang Medika Apotek,Jl. Ikan Tinggi Cluster 54 Kota/Kabupaten SLEMAN Provinsi DAERAH ISTIMEWA YOGYAKARTA,POINT(110.43914323678236 -7.649481747422836),David Jones Martinez,210754/322733/337079,8207146151017,toko-tenaga-surya-terang-medika-apotek,132
Berkah Sehat Medic Prima Apotik Medik,Jl. Pisang Besar Daerah 97 Kota/Kabupaten KOTA PALANGKARAYA Provinsi KALIMANTAN TENGAH,POINT(113.65662743653291 -1.6512775564813182),Steve Adams Robinson,509914/785276/687393,137128030776,berkah-sehat-medic-prima-apotik-medik,474
Surya Amanah Apotik Prima Sehat Pharma,Jl. Mangga Jenius Blok 5 Kota/Kabupaten KEDIRI Provinsi JAWA TIMUR,POINT(111.9632803996085 -7.981241149691593),Mark White Jackson,451949/5222108/417339,651131090810,surya-amanah-apotik-prima-sehat-pharma,180
Medical Resep Apotik Terang Medik Jaya,Jl. Tembok Cepat Komplek 13 Kota/Kabupaten KEDIRI Provinsi JAWA TIMUR,POINT(112.1104168329734 -7.845378326199832),Jessica Martinez Robinson,959514/998297/3105468,21020291088691,medical-resep-apotik-terang-medik-jaya,262
Kimia Toko Amanah Resep Pharma Apotik,Jl. Kebun Cerdas Wilayah 96 Kota/Kabupaten PASURUAN Provinsi JAWA TIMUR,POINT(112.6929485953244 -7.747760104140406),Steve Adams Brown,440015/335267/387870,828800777171,kimia-toko-amanah-resep-pharma-apotik,232
Bakti Surya Amanah Bumi Apotik Bersama,Jl. Tembok Indah Cluster 57 Kota/Kabupaten MAMUJU TENGAH Provinsi SULAWESI BARAT,POINT(119.54197010078278 -2.11039956308208),Alex Clark Wilson,163920/327057/2381091,907108333910,bakti-surya-amanah-bumi-apotik-bersama,897
Nusantara Obat Sehat Berkah Apotik Farma,Jl. Gunung Indah Daerah 37 Kota/Kabupaten MAMUJU Provinsi SULAWESI BARAT,POINT(118.92167315488209 -2.819782022473888),Matt Brown Brown,1010239/772468/3107323,12920106510988,nusantara-obat-sehat-berkah-apotik-farma,704
Terang Mutiara Amanah Jaya Sejahtera Bersama,Jl. Kucing Cermat Daerah 68 Kota/Kabupaten PULAU MOROTAI Provinsi MALUKU UTARA,POINT(128.4744489110688 2.39390727580458),Jessica Thomas Smith,2613106/257701/21010338,18710825309100,terang-mutiara-amanah-jaya-sejahtera-bersama,131
Toko Mutiara Nusantara Lestari Farma Sehat,Jl. Rambutan Kecil Komplek 72 Kota/Kabupaten MOROWALI UTARA Provinsi SULAWESI TENGAH,POINT(121.3079906375609 -2.0125373665963213),Katie Martinez Smith,619538/289687/867323,8420913001020,toko-mutiara-nusantara-lestari-farma-sehat,944
Sejahtera Apotik Medic Lestari Farma Bersama,Jl. Durian Besar Wilayah 49 Kota/Kabupaten ACEH BARAT Provinsi ACEH,POINT(96.1545867163793 4.459159170409105),Megan Jackson Brown,8001103/21023107/1002313,1585101241810,sejahtera-apotik-medic-lestari-farma-bersama,477
Obat Amanah Sejahtera Bumi Sejahtera Medika,Jl. Pisang Cermat Cluster 51 Kota/Kabupaten KETAPANG Provinsi KALIMANTAN BARAT,POINT(110.52507903443696 -2.2521550065251024),Chris Thomas Martinez,873901/822640/509333,2859105061806,obat-amanah-sejahtera-bumi-sejahtera-medika,277
Farmasi Medic Badan Sejahtera Sejahtera Farma,Jl. Apel Cerah Komplek 22 Kota/Kabupaten BULUNGAN Provinsi KALIMANTAN UTARA,POINT(117.04652929248633 2.828376220406735),Jason Jones White,6471109/585802/313293,8210889860831,farmasi-medic-badan-sejahtera-sejahtera-farma,434
Sentorsa Tenaga Mutiara Surya Medika Pharm,Jl. Rambutan Jenius Blok 44 Kota/Kabupaten BANGGAI Provinsi SULAWESI TENGAH,POINT(123.20720469339253 -0.5829761566420881),John Brown Anderson,947612/742063/4310337,32811001051839,sentorsa-tenaga-mutiara-surya-medika-pharm,396
Amanah Badan Surya Nusantara Pharm Apotik,Jl. Rambutan Kecil Komplek 67 Kota/Kabupaten KAIMANA Provinsi PAPUA BARAT,POINT(134.33184411671922 -3.7167282955735104),Alex Martinez Moore,61010416/2651043/394590,881230908015,amanah-badan-surya-nusantara-pharm-apotik,898
Farmasi Makmur Harmoni Sehat Pharm Jaya,Jl. Ikan Jenius Wilayah 55 Kota/Kabupaten KETAPANG Provinsi KALIMANTAN BARAT,POINT(110.50427525698612 -1.8216588744130835),Jason Anderson Jones,21102109/9232104/4320101,103030480508,farmasi-makmur-harmoni-sehat-pharm-jaya,445
Amanah Sentorsa Harmoni Bumi Apotik Medik,Jl. Kucing Sejahtera Wilayah 69 Kota/Kabupaten ASAHAN Provinsi SUMATERA UTARA,POINT(99.43717444149608 2.803509194683988),Alex Johnson Johnson,538219/9521093/937332,506489314471,amanah-sentorsa-harmoni-bumi-apotik-medik,133
Cemerlang Farmasi Sejahtera Medic Farma Medika,Jl. Apel Jenius Cluster 99 Kota/Kabupaten KOTAWARINGIN BARAT Provinsi KALIMANTAN TENGAH,POINT(111.85984886648863 -2.430873201483756),Matt Lewis Martinez,181689/772950/1030200,118541109023,cemerlang-farmasi-sejahtera-medic-farma-medika,27
Mawar Prima Resep Bintang Farma Apotik,Jl. Ikan Tinggi Komplek 60 Kota/Kabupaten BUOL Provinsi SULAWESI TENGAH,POINT(121.01094964867356 0.8979032317231415),Emily Taylor Martinez,2418107/587250/973403,40186411510510,mawar-prima-resep-bintang-farma-apotik,121
Bahagia Mawar Amanah Bumi Pharma Bersama,Jl. Durian Indah Daerah 33 Kota/Kabupaten SIDOARJO Provinsi JAWA TIMUR,POINT(112.85877838482163 -7.557452339234828),John Parker Harris,211364/228755/983040,15004010851088,bahagia-mawar-amanah-bumi-pharma-bersama,170
Jaya Apotik Bahagia Cemerlang Pharma Bersama,Jl. Gajah Sari Blok 14 Kota/Kabupaten KEPULAUAN MENTAWAI Provinsi SUMATERA BARAT,POINT(99.05900761641472 -1.4751440580711552),Chris Hill Anderson,388841/827920/232925,1081871086368,jaya-apotik-bahagia-cemerlang-pharma-bersama,494
Farmasi Makmur Prima Amanah Sejahtera Bersama,Jl. Anjing Tinggi Daerah 22 Kota/Kabupaten HALMAHERA BARAT Provinsi MALUKU UTARA,POINT(127.49791585771844 1.3235401967334663),Katie Jackson Williams,991551/110210310/63510210,102606481010631,farmasi-makmur-prima-amanah-sejahtera-bersama,14
Terang Jaya Lestari Tenaga Pharma Apotik,Jl. Ikan Sari Komplek 36 Kota/Kabupaten TAPANULI TENGAH Provinsi SUMATERA UTARA,POINT(98.88936141521356 1.4941437269590168),John Adams Brown,491813/922403/436137,10022010844150,terang-jaya-lestari-tenaga-pharma-apotik,348
Berkah Jaya Toko Terang Sejahtera Bersama,Jl. Apel Cepat Cluster 36 Kota/Kabupaten PASER Provinsi KALIMANTAN TIMUR,POINT(116.39987323411368 -2.171935772407519),Tom Harris Martinez,281100/1039627/108013,800880496114,berkah-jaya-toko-terang-sejahtera-bersama,382
Farmasi Mutiara Tenaga Surya Apotek Pharm,Jl. Tembok Cerah Wilayah 96 Kota/Kabupaten SORONG SELATAN Provinsi PAPUA BARAT,POINT(132.36359516128803 -1.9292551750737843),Emily Williams Williams,2171210/293423/313696,10910568531022,farmasi-mutiara-tenaga-surya-apotek-pharm,871
Sehat Bahagia Bakti Prima Bersama Pharma,Jl. Kuda Kecil Komplek 17 Kota/Kabupaten KAIMANA Provinsi PAPUA BARAT,POINT(134.09165022275022 -3.3422274648219794),Brittany Brown Anderson,381700/232297/329135,2610128840902,sehat-bahagia-bakti-prima-bersama-pharma,576
Toko Bumi Farmasi Prima Apotik Apotek,Jl. Durian Kecil Komplek 21 Kota/Kabupaten SUMBAWA Provinsi NUSA TENGGARA BARAT,POINT(117.39990512894612 -8.794980980199014),Sarah Martinez Robinson,2103181/315612/74310610,1210026151808,toko-bumi-farmasi-prima-apotik-apotek,876
Mutiara Makmur Farmasi Prima Bersama Sejahtera,Jl. Gunung Kecil Blok 55 Kota/Kabupaten LIMA PULUH KOTA Provinsi SUMATERA BARAT,POINT(100.3414823980302 0.04191669661631),Megan Lewis Wilson,654311/332375/311657,3718206031035,mutiara-makmur-farmasi-prima-bersama-sejahtera,268
Indah Toko Murni Medical Jaya Apotik,Jl. Kebun Cepat Komplek 39 Kota/Kabupaten HALMAHERA SELATAN Provinsi MALUKU UTARA,POINT(128.15487415961022 -1.66444140844888),David Harris Anderson,10440110/262623/21021103,834148980304,indah-toko-murni-medical-jaya-apotik,421
Harmoni Mawar Berkah Jaya Medika Pharma,Jl. Durian Kecil Daerah 31 Kota/Kabupaten KATINGAN Provinsi KALIMANTAN TENGAH,POINT(113.34374854241784 -1.6433605732842445),John Adams Taylor,890112/122628/435548,637103582161,harmoni-mawar-berkah-jaya-medika-pharma,101
Terang Resep Nusantara Bintang Sehat Sejahtera,Jl. Balai Cepat Daerah 90 Kota/Kabupaten HALMAHERA SELATAN Provinsi MALUKU UTARA,POINT(128.00739462246818 -0.3341933925183582),Matt Johnson Garcia,227101/291292/1036301,10530201187310,terang-resep-nusantara-bintang-sehat-sejahtera,841
Resep Murni Bahagia Harmoni Pharma Farma,Jl. Gunung Indah Wilayah 4 Kota/Kabupaten MIMIKA Provinsi PAPUA,POINT(137.43844297987476 -5.010891324728992),Matt Smith Garcia,139715/427370/160334,311008201021005,resep-murni-bahagia-harmoni-pharma-farma,332
Bumi Jaya Amanah Surya Apotek Pharm,Jl. Tembok Tinggi Komplek 91 Kota/Kabupaten PASAMAN Provinsi SUMATERA BARAT,POINT(99.80098478284506 0.3404785385810438),David Brown Thompson,717142/127862/83105910,2147100984007,bumi-jaya-amanah-surya-apotek-pharm,937
Prima Toko Jaya Makmur Sejahtera Apotek,Jl. Apel Kecil Cluster 62 Kota/Kabupaten MAMBERAMO RAYA Provinsi PAPUA,POINT(138.24014886659438 -2.95348879445155),Lauren White Williams,9109118/9109422/340029,288612009520,prima-toko-jaya-makmur-sejahtera-apotek,111
Tenaga Toko Sentorsa Badan Sejahtera Apotik,Jl. Gajah Indah Cluster 36 Kota/Kabupaten PEGUNUNGAN BINTANG Provinsi PAPUA,POINT(140.86323202642737 -4.118391446964682),Lauren Johnson Thompson,4107011/755427/836517,8577820173510,tenaga-toko-sentorsa-badan-sejahtera-apotik,266
Prima Badan Medical Harmoni Sehat Medik,Jl. Gedung Sari Blok 90 Kota/Kabupaten HULU SUNGAI SELATAN Provinsi KALIMANTAN SELATAN,POINT(115.3237730130812 -2.731041231327394),Sarah Nelson Thompson,21091019/267115/930811,9104185206065,prima-badan-medical-harmoni-sehat-medik,662
Surya Sentorsa Medical Makmur Sejahtera Jaya,Jl. Pisang Indah Blok 55 Kota/Kabupaten YAHUKIMO Provinsi PAPUA,POINT(139.21920290856127 -4.278926910335063),Alex Parker Martin,132806/522308/721330,619580061446,surya-sentorsa-medical-makmur-sejahtera-jaya,957
Bakti Medical Kimia Cemerlang Sehat Jaya,Jl. Sirih Besar Cluster 26 Kota/Kabupaten JAYAPURA Provinsi PAPUA,POINT(140.10042688411994 -2.5340367617812465),John Carter Martinez,121930/1023645/103735,13492101481090,bakti-medical-kimia-cemerlang-sehat-jaya,266
Terang Nusantara Bakti Badan Farma Jaya,Jl. Tembok Cermat Blok 75 Kota/Kabupaten YALIMO Provinsi PAPUA,POINT(139.00027318181293 -2.031842623368272),Rachel Nelson Anderson,721880/296095/9711034,1293210107608,terang-nusantara-bakti-badan-farma-jaya,291
Bakti Jaya Farmasi Mawar Sehat Farma,Jl. Pisang Sejahtera Komplek 40 Kota/Kabupaten MALINAU Provinsi KALIMANTAN UTARA,POINT(116.76409301782726 3.2184030580013854),Jason Clark Taylor,410134/421603/918003,19103180636108,bakti-jaya-farmasi-mawar-sehat-farma,99
Prima Sejahtera Bakti Cemerlang Farma Sejahtera,Jl. Kucing Indah Wilayah 4 Kota/Kabupaten MAHAKAM ULU Provinsi KALIMANTAN TIMUR,POINT(114.30032520606758 1.080524624142143),Katie Jones Jones,1015287/3792810/523646,161010493610908,prima-sejahtera-bakti-cemerlang-farma-sejahtera,548
Prima Berkah Murni Surya Jaya Pharma,Jl. Gajah Jenius Blok 85 Kota/Kabupaten KULON PROGO Provinsi DAERAH ISTIMEWA YOGYAKARTA,POINT(110.09120905873093 -7.8505253435317055),Matt Jones Moore,31012108/509263/6473310,327590801980,prima-berkah-murni-surya-jaya-pharma,793
Nusantara Medic Berkah Surya Pharm Jaya,Jl. Gunung Pendek Blok 39 Kota/Kabupaten MAPPI Provinsi PAPUA,POINT(139.89251563518275 -6.747675923435369),John Anderson Thomas,811002/273225/1060535,540081157489,nusantara-medic-berkah-surya-pharm-jaya,642
Medic Medical Prima Apotik Sejahtera Sejahtera,Jl. Kota Kecil Daerah 69 Kota/Kabupaten MAMASA Provinsi SULAWESI BARAT,POINT(119.35445753091054 -2.7503286058993464),Ashley Smith White,810772/8106321/1032934,8925718010108,medic-medical-prima-apotik-sejahtera-sejahtera,227
Toko Murni Badan Tenaga Bersama Sejahtera,Jl. Sawah Jenius Cluster 59 Kota/Kabupaten MURUNG RAYA Provinsi KALIMANTAN TENGAH,POINT(114.51056578272964 -0.8276908424779936),John Adams Thompson,367412/428031/9310642,8000860181810,toko-murni-badan-tenaga-bersama-sejahtera,614
Terang Prima Bahagia Jaya Medika Farma,Jl. Apel Cerah Cluster 26 Kota/Kabupaten KEEROM Provinsi PAPUA,POINT(140.67407682372058 -3.336485110332177),Katie Smith Thomas,831752/225928/5831082,3988107100688,terang-prima-bahagia-jaya-medika-farma,410
Sehat Cemerlang Makmur Sentorsa Pharma Apotik,Jl. Kota Kecil Daerah 57 Kota/Kabupaten SERANG Provinsi BANTEN,POINT(106.27838149937052 -6.076076707856888),John Jones Thompson,451534/927619/2310758,8625915409210,sehat-cemerlang-makmur-sentorsa-pharma-apotik,343
Badan Amanah Prima Indah Bersama Apotik,Jl. Rambutan Besar Blok 16 Kota/Kabupaten ASMAT Provinsi PAPUA,POINT(138.76270100913823 -6.426253810721595),Brittany Hill Harris,851273/525539/309139,413013388458,badan-amanah-prima-indah-bersama-apotik,23
Harmoni Mawar Prima Obat Pharma Bersama,Jl. Gajah Jenius Daerah 23 Kota/Kabupaten MERAUKE Provinsi PAPUA,POINT(140.99624158535545 -7.417615298895026),Alex Brown Thompson,701778/4102164/330689,181218002016,harmoni-mawar-prima-obat-pharma-bersama,434
Indah Terang Tenaga Apotik Sehat Bersama,Jl. Kebun Kecil Blok 62 Kota/Kabupaten BANJAR Provinsi KALIMANTAN SELATAN,POINT(114.99363582844629 -3.2039628588814395),Mark Adams Martin,425914/164129/3267110,3109780802516,indah-terang-tenaga-apotik-sehat-bersama,85
Kimia Murni Farmasi Mawar Sejahtera Bersama,Jl. Rambutan Kecil Daerah 63 Kota/Kabupaten MURUNG RAYA Provinsi KALIMANTAN TENGAH,POINT(115.01799451065612 -0.262643315172399),Brittany Taylor Garcia,1411059/396942/2381053,85103139614100,kimia-murni-farmasi-mawar-sejahtera-bersama,709
Indah Medical Prima Makmur Apotek Pharma,Jl. Kuda Kecil Wilayah 9 Kota/Kabupaten TANAH LAUT Provinsi KALIMANTAN SELATAN,POINT(114.87843353936556 -4.012514183872455),Michael Johnson Jackson,181431/12810510/884839,120188338407,indah-medical-prima-makmur-apotek-pharma,329
Amanah Bakti Makmur Resep Apotik Sehat,Jl. Ikan Besar Wilayah 18 Kota/Kabupaten ACEH UTARA Provinsi ACEH,POINT(97.32276087418651 5.069850093675376),Allison Taylor Martinez,51011013/262722/632653,8874107520410,amanah-bakti-makmur-resep-apotik-sehat,479
Murni Medical Sehat Surya Apotik Sejahtera,Jl. Tembok Kecil Wilayah 75 Kota/Kabupaten BANGKA SELATAN Provinsi KEPULAUAN BANGKA BELITUNG,POINT(106.4622801880996 -3.013607778638689),Jason Smith Brown,10701107/3972110/394430,172131843206,murni-medical-sehat-surya-apotik-sejahtera,27
Mawar Jaya Toko Sentorsa Farma Apotek,Jl. Tembok Cerah Komplek 90 Kota/Kabupaten SORONG SELATAN Provinsi PAPUA BARAT,POINT(132.09863304718328 -1.480707195449595),David Clark Smith,570011/2949103/657033,594817810530,mawar-jaya-toko-sentorsa-farma-apotek,376
Bumi Tubuh Harmoni Sentorsa Medik Jaya,Jl. Gajah Pendek Blok 78 Kota/Kabupaten INDRAGIRI HILIR Provinsi RIAU,POINT(102.85332157361566 -0.8005558195995395),Tom Brown Smith,200018/422477/61032110,1030851154007,bumi-tubuh-harmoni-sentorsa-medik-jaya,902
Sentorsa Mawar Makmur Prima Jaya Sejahtera,Jl. Gedung Pendek Cluster 17 Kota/Kabupaten BIMA Provinsi NUSA TENGGARA BARAT,POINT(118.60800684062524 -8.58761848623745),Michael Jackson Wilson,760218/572652/350903,8306108141045,sentorsa-mawar-makmur-prima-jaya-sejahtera,914
Surya Jaya Medical Tenaga Apotik Bersama,Jl. Mangga Pendek Komplek 28 Kota/Kabupaten PUNCAK JAYA Provinsi PAPUA,POINT(137.8281228925793 -3.3422685565763155),Jessica Parker Taylor,2106192/2063100/991733,81601007510047,surya-jaya-medical-tenaga-apotik-bersama,125
Murni Indah Toko Tenaga Sejahtera Pharma,Jl. Kucing Cerdas Blok 70 Kota/Kabupaten ASMAT Provinsi PAPUA,POINT(137.69084363964254 -5.067579822408107),Chris Harris Martinez,616910/1098231/330920,7839483711009,murni-indah-toko-tenaga-sejahtera-pharma,78
Obat Surya Prima Murni Farma Apotik,Jl. Ikan Cepat Komplek 54 Kota/Kabupaten MELAWI Provinsi KALIMANTAN BARAT,POINT(111.46800744023014 -0.6861267479026694),Matt Lewis Robinson,10681001/5201018/166635,6682201015468,obat-surya-prima-murni-farma-apotik,212
Terang Mutiara Tenaga Bahagia Sejahtera Apotek,Jl. Kuda Cepat Cluster 62 Kota/Kabupaten MALUKU BARAT DAYA Provinsi MALUKU,POINT(126.30213107587387 -7.719254413610896),Brittany White Moore,511186/533552/739289,2988108817036,terang-mutiara-tenaga-bahagia-sejahtera-apotek,357
Farmasi Mutiara Makmur Obat Pharma Medik,Jl. Kuda Cerdas Wilayah 26 Kota/Kabupaten DOGIYAI Provinsi PAPUA,POINT(136.16256937312212 -3.978774054135502),Brittany Adams Thomas,398731/2620210/10103308,385337606016,farmasi-mutiara-makmur-obat-pharma-medik,675
Tubuh Bahagia Sejahtera Bumi Farma Sehat,Jl. Sawah Tinggi Cluster 96 Kota/Kabupaten BUNGO Provinsi JAMBI,POINT(102.02304338810544 -1.8859541925074783),Sarah Parker Robinson,416891/121545/836129,7501281069101,tubuh-bahagia-sejahtera-bumi-farma-sehat,580
Surya Tubuh Murni Sentorsa Bersama Apotik,Jl. Gedung Indah Komplek 20 Kota/Kabupaten TOLITOLI Provinsi SULAWESI TENGAH,POINT(120.32412023818056 0.7630605183389942),Brittany Jackson White,1101185/3791022/1103334,8425810111080,surya-tubuh-murni-sentorsa-bersama-apotik,266
Medic Makmur Indah Obat Bersama Pharm,Jl. Gedung Cermat Cluster 78 Kota/Kabupaten MALUKU TENGAH Provinsi MALUKU,POINT(129.78826649844524 -3.048705425943901),Allison Brown Brown,146101/963292/246613,485105840561,medic-makmur-indah-obat-bersama-pharm,263
Medical Sejahtera Sehat Apotik Sejahtera Sejahtera,Jl. Pisang Besar Cluster 90 Kota/Kabupaten MALINAU Provinsi KALIMANTAN UTARA,POINT(115.28176829945372 1.5232324539045958),Alex Carter Smith,513509/327858/8943310,623033718626,medical-sejahtera-sehat-apotik-sejahtera-sejahtera,938
Bintang Indah Amanah Kimia Medika Farma,Jl. Gedung Besar Blok 49 Kota/Kabupaten KAIMANA Provinsi PAPUA BARAT,POINT(133.331965110518 -3.6921102167842994),David Thomas Moore,321049/928838/378133,600175164208,bintang-indah-amanah-kimia-medika-farma,902
Mawar Surya Badan Medical Pharma Jaya,Jl. Kucing Pintar Wilayah 16 Kota/Kabupaten KUTAI KARTANEGARA Provinsi KALIMANTAN TIMUR,POINT(116.16805581409932 0.4774324454898035),David Williams Jones,1101778/2101941/1029023,780172328925,mawar-surya-badan-medical-pharma-jaya,293
Nusantara Harmoni Jaya Bakti Sejahtera Farma,Jl. Balai Cerdas Komplek 94 Kota/Kabupaten KETAPANG Provinsi KALIMANTAN BARAT,POINT(110.1369535950068 -0.6012367354709909),Steve Anderson Harris,746731/731424/797307,3216105846210,nusantara-harmoni-jaya-bakti-sejahtera-farma,195
Badan Tubuh Terang Medic Pharma Apotik,Jl. Kuda Kecil Blok 20 Kota/Kabupaten MERAUKE Provinsi PAPUA,POINT(140.656320669999 -6.883533638761045),Jessica Carter Johnson,148415/529829/31042108,438909991701,badan-tubuh-terang-medic-pharma-apotik,77
Indah Bumi Amanah Cemerlang Medik Pharma,Jl. Rambutan Pendek Blok 32 Kota/Kabupaten KEEROM Provinsi PAPUA,POINT(140.81416733237086 -3.746086986589329),Jessica White Garcia,590810/8261310/105953,841459081138,indah-bumi-amanah-cemerlang-medik-pharma,217
Surya Sentorsa Farmasi Badan Apotik Sejahtera,Jl. Durian Jenius Blok 23 Kota/Kabupaten MEMPAWAH Provinsi KALIMANTAN BARAT,POINT(109.20018664894648 0.3033931922587314),David Thomas Jones,701862/2171910/8103963,11065508980310,surya-sentorsa-farmasi-badan-apotik-sejahtera,436
Apotik Mutiara Surya Murni Apotik Bersama,Jl. Sawah Sari Daerah 15 Kota/Kabupaten PASAMAN BARAT Provinsi SUMATERA BARAT,POINT(99.5891015034304 0.3616332296711082),Jason Jones Wilson,819151/460482/6666310,905621033820,apotik-mutiara-surya-murni-apotik-bersama,182
Bahagia Mutiara Amanah Murni Apotek Medik,Jl. Jeruk Indah Wilayah 67 Kota/Kabupaten MUSI BANYUASIN Provinsi SUMATERA SELATAN,POINT(104.08854365378173 -2.79806747355693),Brittany Jackson Thomas,105377/179422/3784710,885081792133,bahagia-mutiara-amanah-murni-apotek-medik,529
Sentorsa Bakti Jaya Toko Sejahtera Bersama,Jl. Mangga Tinggi Daerah 75 Kota/Kabupaten SERAM BAGIAN BARAT Provinsi MALUKU,POINT(128.6613721839738 -3.146644750669489),Ashley Brown Taylor,101091410/172772/503482,807115251110,sentorsa-bakti-jaya-toko-sejahtera-bersama,54
Murni Medical Toko Sehat Bersama Farma,Jl. Rambutan Cerah Blok 47 Kota/Kabupaten MERAUKE Provinsi PAPUA,POINT(140.72636897335454 -6.796607675600433),Jessica Jones Smith,457301/728666/1073437,10107310609087,murni-medical-toko-sehat-bersama-farma,763
Tubuh Sentorsa Farmasi Sejahtera Medik Sejahtera,Jl. Gedung Pendek Cluster 97 Kota/Kabupaten PULANG PISAU Provinsi KALIMANTAN TENGAH,POINT(114.26083517318474 -2.356773709319457),Allison Williams Jones,418678/782356/753303,10108085851579,tubuh-sentorsa-farmasi-sejahtera-medik-sejahtera,537
Sentorsa Prima Amanah Obat Bersama Apotek,Jl. Tembok Indah Blok 75 Kota/Kabupaten ACEH SELATAN Provinsi ACEH,POINT(97.05479442390693 3.597376112706314),Rachel White Miller,714382/1042253/2341027,504832521360,sentorsa-prima-amanah-obat-bersama-apotek,35
Murni Medic Jaya Sentorsa Bersama Sehat,Jl. Apel Sejahtera Daerah 56 Kota/Kabupaten BANYUASIN Provinsi SUMATERA SELATAN,POINT(104.44124582584236 -1.6487600637561697),Tom Anderson Smith,710527/103982/123172,1321107481020,murni-medic-jaya-sentorsa-bersama-sehat,718
Surya Bintang Berkah Resep Apotek Pharma,Jl. Kebun Indah Komplek 86 Kota/Kabupaten LUWU UTARA Provinsi SULAWESI SELATAN,POINT(119.75157400980328 -2.534368749522258),John Roberts Thomas,641132/169920/337636,1041064216826,surya-bintang-berkah-resep-apotek-pharma,99
Sehat Tenaga Berkah Bintang Bersama Jaya,Jl. Gedung Jenius Komplek 53 Kota/Kabupaten SERUYAN Provinsi KALIMANTAN TENGAH,POINT(112.0113096466427 -3.4189477415070533),Rachel Nelson Miller,5851710/5291019/3094106,8093766185101,sehat-tenaga-berkah-bintang-bersama-jaya,556
Sehat Berkah Medical Murni Farma Sejahtera,Jl. Apel Indah Wilayah 53 Kota/Kabupaten SERUYAN Provinsi KALIMANTAN TENGAH,POINT(111.51577617634004 -1.2470181722804377),Michael Jackson Johnson,1108808/927121/81033100,107406801010810,sehat-berkah-medical-murni-farma-sejahtera,124
Sejahtera Toko Tubuh Prima Apotik Sejahtera,Jl. Duku Cerah Blok 83 Kota/Kabupaten PEGUNUNGAN BINTANG Provinsi PAPUA,POINT(140.72198082714914 -4.554026307787676),Steve Clark Taylor,1710663/412244/973399,685803943651,sejahtera-toko-tubuh-prima-apotik-sejahtera,329
Lestari Resep Tubuh Jaya Jaya Farma,Jl. Jeruk Pintar Komplek 24 Kota/Kabupaten BOVEN DIGOEL Provinsi PAPUA,POINT(140.83745049071638 -6.069383720189005),Ashley White Garcia,613816/82108810/356233,298318860737,lestari-resep-tubuh-jaya-jaya-farma,270
Murni Amanah Medical Harmoni Sehat Medika,Jl. Kebun Sejahtera Daerah 60 Kota/Kabupaten MALUKU BARAT DAYA Provinsi MALUKU,POINT(126.51015755890002 -7.873568558466497),Allison Carter Robinson,9101710/626839/635339,383507151968,murni-amanah-medical-harmoni-sehat-medika,62
Surya Indah Terang Bahagia Sehat Medika,Jl. Kucing Cepat Wilayah 21 Kota/Kabupaten ASMAT Provinsi PAPUA,POINT(138.7491247658606 -5.662148679440784),Steve Harris Davis,325150/109820/39210410,726630148172,surya-indah-terang-bahagia-sehat-medika,562
Bumi Tenaga Resep Cemerlang Apotek Medika,Jl. Anjing Cermat Wilayah 78 Kota/Kabupaten ROKAN HULU Provinsi RIAU,POINT(100.365390860309 1.2960958846660535),Jason Roberts Davis,622711/208728/333815,926831912013,bumi-tenaga-resep-cemerlang-apotek-medika,220
Bakti Jaya Obat Terang Sehat Sejahtera,Jl. Jeruk Cerah Blok 95 Kota/Kabupaten KETAPANG Provinsi KALIMANTAN BARAT,POINT(110.97335558014532 -2.0848368539435427),Lauren Jones Johnson,681321/725215/3710436,874788518025,bakti-jaya-obat-terang-sehat-sejahtera,124
Terang Lestari Tenaga Mutiara Farma Sejahtera,Jl. Duku Kecil Wilayah 19 Kota/Kabupaten TELUK BINTUNI Provinsi PAPUA BARAT,POINT(133.59058944760355 -2.641123580218471),Chris Taylor Thompson,415055/802839/336641,1020138321803,terang-lestari-tenaga-mutiara-farma-sejahtera,421
Mawar Farmasi Apotik Sentorsa Medik Medika,Jl. Anjing Cerdas Blok 25 Kota/Kabupaten PINRANG Provinsi SULAWESI SELATAN,POINT(119.48268192659862 -3.630980215451365),Jessica Taylor Brown,298219/921785/4101530,18233190102010,mawar-farmasi-apotik-sentorsa-medik-medika,82
Mutiara Toko Sejahtera Prima Sehat Pharm,Jl. Sawah Kecil Komplek 69 Kota/Kabupaten SINTANG Provinsi KALIMANTAN BARAT,POINT(111.27638219388112 -0.193373222244249),Katie Carter Thomas,1004108/777552/1024362,10007111091598,mutiara-toko-sejahtera-prima-sehat-pharm,603
Jaya Murni Badan Bumi Sehat Bersama,Jl. Kota Jenius Komplek 63 Kota/Kabupaten HUMBANG HASUNDUTAN Provinsi SUMATERA UTARA,POINT(98.51961825395252 2.386543379696437),Katie Thomas Wilson,614406/224992/933228,608701008178,jaya-murni-badan-bumi-sehat-bersama,263
Surya Harmoni Sehat Tubuh Medik Sejahtera,Jl. Gunung Cermat Wilayah 61 Kota/Kabupaten EMPAT LAWANG Provinsi SUMATERA SELATAN,POINT(102.88036588795832 -3.6419171674548014),Michael Jones Moore,378241/300322/163329,805176626875,surya-harmoni-sehat-tubuh-medik-sejahtera,311
Mawar Resep Cemerlang Jaya Sejahtera Apotik,Jl. Sirih Pintar Daerah 60 Kota/Kabupaten LAMANDAU Provinsi KALIMANTAN TENGAH,POINT(111.58977134973196 -2.2438690561156687),Ashley Clark Johnson,841711/312120/548723,101051801017900,mawar-resep-cemerlang-jaya-sejahtera-apotik,119
Terang Surya Jaya Bahagia Jaya Pharma,Jl. Duku Cerdas Wilayah 79 Kota/Kabupaten BANYUASIN Provinsi SUMATERA SELATAN,POINT(104.2761157703318 -2.8344469527074097),Lauren Anderson Wilson,144152/302060/3131043,5018312910406,terang-surya-jaya-bahagia-jaya-pharma,210
Bintang Bumi Nusantara Berkah Bersama Sejahtera,Jl. Gunung Cepat Wilayah 100 Kota/Kabupaten EMPAT LAWANG Provinsi SUMATERA SELATAN,POINT(103.11600790239054 -3.718888196848973),Emily Williams Smith,7101869/173512/10661038,480159188579,bintang-bumi-nusantara-berkah-bersama-sejahtera,103
Berkah Resep Bakti Mutiara Sejahtera Farma,Jl. Kuda Sari Blok 56 Kota/Kabupaten NABIRE Provinsi PAPUA,POINT(135.80559021012755 -3.791189891141424),Emily Jackson Jones,215558/542439/9213103,3101066038102110,berkah-resep-bakti-mutiara-sejahtera-farma,111
Bumi Jaya Medical Prima Jaya Pharm,Jl. Ikan Kecil Wilayah 22 Kota/Kabupaten KATINGAN Provinsi KALIMANTAN TENGAH,POINT(113.74166783814886 -2.380737483824454),Lauren Lewis Taylor,890801/10010982/463602,876951040881,bumi-jaya-medical-prima-jaya-pharm,887
Surya Kimia Harmoni Tubuh Bersama Sejahtera,Jl. Gajah Kecil Komplek 81 Kota/Kabupaten ACEH BESAR Provinsi ACEH,POINT(95.7199333089109 5.279260927886037),Ashley Martinez Moore,822210/7811042/678403,115371222080,surya-kimia-harmoni-tubuh-bersama-sejahtera,3
Surya Kimia Mutiara Mawar Pharm Apotik,Jl. Durian Cerdas Wilayah 7 Kota/Kabupaten TAPANULI UTARA Provinsi SUMATERA UTARA,POINT(99.015253980485 1.756719625764319),Rachel Anderson Martin,170297/123099/4380108,260090152814,surya-kimia-mutiara-mawar-pharm-apotik,70
Sejahtera Toko Murni Farmasi Bersama Sejahtera,Jl. Sirih Pendek Wilayah 17 Kota/Kabupaten KAIMANA Provinsi PAPUA BARAT,POINT(132.97380513578892 -3.935521339733457),Megan Harris Brown,12100104/527668/5103133,464178404118,sejahtera-toko-murni-farmasi-bersama-sejahtera,107
Lestari Surya Sehat Surya Jaya Sejahtera,Jl. Sawah Kecil Daerah 93 Kota/Kabupaten SIGI Provinsi SULAWESI TENGAH,POINT(119.94675467462956 -1.7592295757099468),Steve Martinez Brown,1100847/792236/4031033,894304935183,lestari-surya-sehat-surya-jaya-sejahtera,918
Obat Harmoni Toko Prima Jaya Medika,Jl. Durian Pintar Daerah 52 Kota/Kabupaten SARMI Provinsi PAPUA,POINT(138.85704695804935 -2.661951882102517),Emily Carter Harris,209817/605192/758873,831525830120,obat-harmoni-toko-prima-jaya-medika,127
Sejahtera Terang Jaya Kimia Apotik Farma,Jl. Kota Cerah Cluster 8 Kota/Kabupaten LUWU UTARA Provinsi SULAWESI SELATAN,POINT(120.2418622404334 -2.1702335058163715),Katie Jackson Miller,313469/298233/3310816,8106111043289,sejahtera-terang-jaya-kimia-apotik-farma,295
Bumi Badan Apotik Amanah Sejahtera Sehat,Jl. Kuda Jenius Wilayah 3 Kota/Kabupaten BARITO UTARA Provinsi KALIMANTAN TENGAH,POINT(115.5747344680214 -1.354454997260525),Megan Roberts Anderson,214448/158123/337753,187527044211,bumi-badan-apotik-amanah-sejahtera-sehat,649
Nusantara Sentorsa Surya Medical Apotik Sejahtera,Jl. Ikan Tinggi Blok 16 Kota/Kabupaten BOVEN DIGOEL Provinsi PAPUA,POINT(140.5405382605214 -5.608323153900233),Alex Roberts Smith,110877/472237/7308106,598398301094,nusantara-sentorsa-surya-medical-apotik-sejahtera,235
Obat Harmoni Mutiara Mawar Medika Farma,Jl. Balai Sejahtera Komplek 34 Kota/Kabupaten SERUYAN Provinsi KALIMANTAN TENGAH,POINT(112.75004080716886 -3.262295544183022),Jason Anderson Miller,613341/10552103/344765,667985140021,obat-harmoni-mutiara-mawar-medika-farma,326
Amanah Medical Apotik Sejahtera Jaya Sejahtera,Jl. Sawah Cepat Blok 96 Kota/Kabupaten MAMBERAMO RAYA Provinsi PAPUA,POINT(138.0256797261743 -2.8222827951672187),Ashley Jones Williams,1310049/1059230/9883102,10810307991497,amanah-medical-apotik-sejahtera-jaya-sejahtera,719
Prima Tenaga Surya Badan Pharma Medika,Jl. Jeruk Indah Komplek 91 Kota/Kabupaten MALINAU Provinsi KALIMANTAN UTARA,POINT(115.77002355579933 3.314834181751904),Ashley Parker Johnson,1019425/1082352/110102103,485332107008,prima-tenaga-surya-badan-pharma-medika,76
Prima Medical Tenaga Cemerlang Apotek Jaya,Jl. Anjing Cerdas Blok 17 Kota/Kabupaten MIMIKA Provinsi PAPUA,POINT(137.62937809475704 -4.998214744951701),Mark Martinez Garcia,4197105/1060257/203396,817549701540,prima-medical-tenaga-cemerlang-apotek-jaya,362
Cemerlang Prima Lestari Farmasi Medik Apotek,Jl. Kuda Cepat Cluster 26 Kota/Kabupaten KUTAI TIMUR Provinsi KALIMANTAN TIMUR,POINT(116.88577985992778 1.5745214505610932),Alex Anderson Wilson,6811410/9411042/364426,405938010510101,cemerlang-prima-lestari-farmasi-medik-apotek,741
Badan Jaya Sejahtera Sehat Medika Apotek,Jl. Jeruk Tinggi Komplek 27 Kota/Kabupaten PRINGSEWU Provinsi LAMPUNG,POINT(105.06391235625892 -5.226425616000192),Rachel Hill Martinez,508014/928811/6061003,8090481014466,badan-jaya-sejahtera-sehat-medika-apotek,206
Toko Makmur Bakti Bumi Medika Farma,Jl. Gajah Indah Blok 65 Kota/Kabupaten ASMAT Provinsi PAPUA,POINT(139.3607228210677 -5.053952830682299),Alex Adams Williams,960016/935125/229397,162845197830,toko-makmur-bakti-bumi-medika-farma,741
Nusantara Jaya Sehat Surya Apotik Bersama,Jl. Kuda Sejahtera Komplek 54 Kota/Kabupaten BATANGHARI Provinsi JAMBI,POINT(102.86830235049392 -1.8495158823935116),Emily Roberts Smith,539717/372217/3031096,183341828970,nusantara-jaya-sehat-surya-apotik-bersama,869
Bahagia Obat Amanah Indah Pharm Apotek,Jl. Kebun Besar Blok 33 Kota/Kabupaten SEKADAU Provinsi KALIMANTAN BARAT,POINT(111.1304253587177 0.5334632440676046),Allison Lewis Moore,580156/1031024/333937,807135951791,bahagia-obat-amanah-indah-pharm-apotek,729
Mutiara Obat Makmur Prima Sejahtera Apotik,Jl. Kebun Cepat Wilayah 3 Kota/Kabupaten MALINAU Provinsi KALIMANTAN UTARA,POINT(115.52458035515448 2.0940780840459645),Alex Carter Taylor,746701/889424/303273,378898182000,mutiara-obat-makmur-prima-sejahtera-apotik,118
Lestari Prima Murni Sehat Sejahtera Medik,Jl. Anjing Pendek Komplek 31 Kota/Kabupaten KAYONG UTARA Provinsi KALIMANTAN BARAT,POINT(110.23008018184862 -1.0509060298882318),Matt Martinez Jones,890010/748825/8381310,1800682010142,lestari-prima-murni-sehat-sejahtera-medik,311
Surya Medic Nusantara Bakti Sehat Pharm,Jl. Duku Sejahtera Komplek 33 Kota/Kabupaten SERDANG BEDAGAI Provinsi SUMATERA UTARA,POINT(99.0787523479442 3.4308488386228326),Tom Harris Thompson,127131/2106008/5563910,4065581610074,surya-medic-nusantara-bakti-sehat-pharm,856
Bakti Indah Toko Mutiara Sejahtera Sehat,Jl. Sawah Cerdas Komplek 88 Kota/Kabupaten KONAWE UTARA Provinsi SULAWESI TENGGARA,POINT(121.79928211520738 -3.392498297227392),Jessica Nelson Garcia,331687/552706/655349,1057518258001,bakti-indah-toko-mutiara-sejahtera-sehat,995
Resep Toko Bumi Apotik Sejahtera Bersama,Jl. Sawah Cerah Blok 67 Kota/Kabupaten MERAUKE Provinsi PAPUA,POINT(140.84558499437085 -8.882915757837253),Ashley Roberts Jackson,111313/200506/133096,10800106034610,resep-toko-bumi-apotik-sejahtera-bersama,355
Medic Bahagia Amanah Mutiara Pharm Bersama,Jl. Sirih Kecil Blok 37 Kota/Kabupaten PASAMAN BARAT Provinsi SUMATERA BARAT,POINT(99.67709773440724 0.4211459791017802),Emily Taylor Williams,2611009/1052067/1343109,3866611107083,medic-bahagia-amanah-mutiara-pharm-bersama,235
Terang Makmur Surya Berkah Sejahtera Farma,Jl. Apel Besar Wilayah 59 Kota/Kabupaten KETAPANG Provinsi KALIMANTAN BARAT,POINT(110.69778147616178 -2.1132420287584),Megan Jones Anderson,111446/877402/3361000,716968510780,terang-makmur-surya-berkah-sejahtera-farma,380
Farmasi Terang Medic Prima Medika Farma,Jl. Mangga Cerah Daerah 67 Kota/Kabupaten MAMBERAMO RAYA Provinsi PAPUA,POINT(138.31284908338938 -2.4246082928187818),Ashley Thomas Taylor,189650/428615/6831033,480028919019,farmasi-terang-medic-prima-medika-farma,76
Jaya Tenaga Cemerlang Medical Sehat Apotik,Jl. Pisang Sejahtera Daerah 87 Kota/Kabupaten OGAN KOMERING ULU SELATAN Provinsi SUMATERA SELATAN,POINT(103.8924524940974 -4.635274171363607),Allison Hill Brown,951710/7121071/654349,5010480410173,jaya-tenaga-cemerlang-medical-sehat-apotik,207
Surya Harmoni Sehat Obat Medik Pharma,Jl. Gunung Cerdas Komplek 1 Kota/Kabupaten TANA TIDUNG Provinsi KALIMANTAN UTARA,POINT(117.70845983611328 3.711964904090056),Tom Roberts Taylor,710635/10214109/808345,806531785201,surya-harmoni-sehat-obat-medik-pharma,661
Jaya Toko Tenaga Prima Medik Sejahtera,Jl. Sirih Cerdas Komplek 34 Kota/Kabupaten MOROWALI Provinsi SULAWESI TENGAH,POINT(121.76134404335548 -2.481115338359059),Tom Anderson White,91101015/206352/738134,308061346797,jaya-toko-tenaga-prima-medik-sejahtera,149
Obat Apotik Berkah Prima Bersama Sejahtera,Jl. Gedung Cermat Cluster 21 Kota/Kabupaten BELITUNG Provinsi KEPULAUAN BANGKA BELITUNG,POINT(107.87108399461934 -2.7778521278564288),Alex Lewis Smith,9107831/702657/387135,886851490812,obat-apotik-berkah-prima-bersama-sejahtera,469
Bintang Jaya Jaya Sentorsa Sehat Apotek,Jl. Apel Tinggi Wilayah 38 Kota/Kabupaten KUTAI TIMUR Provinsi KALIMANTAN TIMUR,POINT(118.91587343170568 0.989153872982124),Sarah Adams Thompson,713319/521134/9318310,9510104708289,bintang-jaya-jaya-sentorsa-sehat-apotek,482
Jaya Nusantara Prima Lestari Bersama Apotik,Jl. Kucing Kecil Daerah 98 Kota/Kabupaten MAHAKAM ULU Provinsi KALIMANTAN TIMUR,POINT(114.37838255662083 0.9786348572914888),Rachel Carter Jackson,1011372/3421210/223788,460420711860,jaya-nusantara-prima-lestari-bersama-apotik,779
Bintang Bahagia Prima Prima Sehat Jaya,Jl. Tembok Pintar Wilayah 1 Kota/Kabupaten LABUHANBATU Provinsi SUMATERA UTARA,POINT(99.7359052848882 2.1202912574410355),Megan Jones Garcia,51081018/287712/423471,100109213261086,bintang-bahagia-prima-prima-sehat-jaya,565
Nusantara Bumi Resep Makmur Sejahtera Pharma,Jl. Kebun Tinggi Wilayah 100 Kota/Kabupaten PULAU TALIABU Provinsi MALUKU UTARA,POINT(124.43063648468706 -1.724853693810287),Mark Lewis Taylor,3106761/2312610/10310350,2153162105810,nusantara-bumi-resep-makmur-sejahtera-pharma,164
Sentorsa Murni Harmoni Medic Medika Farma,Jl. Balai Tinggi Daerah 43 Kota/Kabupaten MIMIKA Provinsi PAPUA,POINT(135.12854860912705 -4.300716366832077),Sarah Clark Garcia,268681/28100210/462737,1683405746106,sentorsa-murni-harmoni-medic-medika-farma,452
Cemerlang Bahagia Tubuh Harmoni Medika Jaya,Jl. Rambutan Cepat Wilayah 82 Kota/Kabupaten MUARA ENIM Provinsi SUMATERA SELATAN,POINT(103.92673248353806 -3.82902563005156),Ashley Adams Harris,327214/528160/754319,2150424510089,cemerlang-bahagia-tubuh-harmoni-medika-jaya,363
Cemerlang Resep Sejahtera Sentorsa Pharma Medika,Jl. Rambutan Pintar Cluster 57 Kota/Kabupaten MAJENE Provinsi SULAWESI BARAT,POINT(118.84325870644594 -3.1452207388866658),Allison Anderson Brown,2710115/824327/238938,7871103930189,cemerlang-resep-sejahtera-sentorsa-pharma-medika,361
Indah Berkah Jaya Kimia Apotik Farma,Jl. Gedung Kecil Komplek 3 Kota/Kabupaten ROKAN HILIR Provinsi RIAU,POINT(100.92820010731528 2.244587688574766),Tom Clark Thomas,1045811/1005926/539694,4991088441003,indah-berkah-jaya-kimia-apotik-farma,19
Lestari Berkah Surya Jaya Sejahtera Apotek,Jl. Kuda Kecil Komplek 42 Kota/Kabupaten BOLAANG MONGONDOW Provinsi SULAWESI UTARA,POINT(124.41451084448757 0.7993041175864892),Jessica Carter Davis,110729/6234108/3260106,81088102101289,lestari-berkah-surya-jaya-sejahtera-apotek,404
Mutiara Tubuh Sehat Murni Jaya Pharma,Jl. Rambutan Sejahtera Cluster 64 Kota/Kabupaten KETAPANG Provinsi KALIMANTAN BARAT,POINT(110.60102768868497 -0.666455231311847),Emily Roberts Davis,5110719/745123/2100374,177772781089,mutiara-tubuh-sehat-murni-jaya-pharma,77
Surya Indah Mawar Bakti Bersama Sejahtera,Jl. Kebun Cermat Wilayah 32 Kota/Kabupaten MAMUJU TENGAH Provinsi SULAWESI BARAT,POINT(119.46623725195896 -2.0137680739518693),Sarah White Robinson,579104/226702/6310338,3109158041677,surya-indah-mawar-bakti-bersama-sejahtera,90
Harmoni Cemerlang Sejahtera Toko Sehat Medik,Jl. Balai Jenius Cluster 22 Kota/Kabupaten ACEH TAMIANG Provinsi ACEH,POINT(97.7592925320647 4.129971190764399),Tom Nelson Johnson,365101/4710028/1100835,1518101125030,harmoni-cemerlang-sejahtera-toko-sehat-medik,134
Toko Terang Mutiara Sentorsa Farma Apotik,Jl. Tembok Cepat Cluster 47 Kota/Kabupaten ASAHAN Provinsi SUMATERA UTARA,POINT(99.71999032494668 2.8818252703429934),Jason Smith Jones,932211/731201/163835,85101910610891,toko-terang-mutiara-sentorsa-farma-apotik,430
Indah Bumi Toko Nusantara Sejahtera Sehat,Jl. Ikan Cerdas Wilayah 6 Kota/Kabupaten BUNGO Provinsi JAMBI,POINT(101.73375006595997 -1.871044127949629),Emily Parker Harris,3101650/1010762/9109030,998161295009,indah-bumi-toko-nusantara-sejahtera-sehat,294
Mutiara Jaya Terang Apotik Sejahtera Farma,Jl. Apel Sari Wilayah 61 Kota/Kabupaten KEPULAUAN TALAUD Provinsi SULAWESI UTARA,POINT(126.72766782901812 4.47930399369328),Tom Thomas Taylor,811993/569206/530401,108520915976,mutiara-jaya-terang-apotik-sejahtera-farma,112
Medical Farmasi Berkah Prima Apotik Medik,Jl. Gedung Indah Daerah 33 Kota/Kabupaten BENGKULU UTARA Provinsi BENGKULU,POINT(102.08223515026488 -3.23970883950627),Mark White Thomas,319253/291074/304827,8003101094561,medical-farmasi-berkah-prima-apotik-medik,229
Toko Bumi Berkah Lestari Sejahtera Pharma,Jl. Gunung Kecil Komplek 61 Kota/Kabupaten ACEH UTARA Provinsi ACEH,POINT(97.22124804769584 5.065198195114194),Matt Harris Thomas,8121101/986261/794332,7573111008144,toko-bumi-berkah-lestari-sejahtera-pharma,606
Medic Nusantara Badan Jaya Jaya Apotik,Jl. Durian Tinggi Komplek 59 Kota/Kabupaten MUSI RAWAS Provinsi SUMATERA SELATAN,POINT(102.99612515419253 -2.917709721731565),Jessica Parker Wilson,6719710/329462/9963310,1015470510884,medic-nusantara-badan-jaya-jaya-apotik,152
Obat Badan Tubuh Prima Pharm Medik,Jl. Jeruk Cermat Cluster 60 Kota/Kabupaten LAMONGAN Provinsi JAWA TIMUR,POINT(112.343745401355 -7.110269649044148),Rachel Jones Robinson,747011/1287106/672337,8921200109770,obat-badan-tubuh-prima-pharm-medik,38
Prima Harmoni Bumi Medic Medik Apotek,Jl. Kuda Tinggi Cluster 31 Kota/Kabupaten TRENGGALEK Provinsi JAWA TIMUR,POINT(111.6391215988356 -8.193801625330497),John Anderson Williams,1941051/2101307/10310067,886210573331,prima-harmoni-bumi-medic-medik-apotek,203
Murni Medic Bakti Jaya Bersama Pharm,Jl. Gunung Sejahtera Daerah 73 Kota/Kabupaten LAMPUNG TENGAH Provinsi LAMPUNG,POINT(105.45876683643893 -4.8320967431555895),Michael White Brown,351901/232129/839301,7802011291018,murni-medic-bakti-jaya-bersama-pharm,99
Amanah Tenaga Prima Lestari Sejahtera Pharma,Jl. Mangga Cepat Blok 96 Kota/Kabupaten KUTAI KARTANEGARA Provinsi KALIMANTAN TIMUR,POINT(117.28480270090012 -0.6723462531710584),Mark Harris Johnson,9310130/1022398/1032109,13805108575102,amanah-tenaga-prima-lestari-sejahtera-pharma,164
Badan Terang Medical Bintang Pharma Apotek,Jl. Balai Sejahtera Komplek 2 Kota/Kabupaten MAMBERAMO TENGAH Provinsi PAPUA,POINT(139.24391552180333 -3.56269333469728),Megan Parker Garcia,850401/855062/903403,510098101041093,badan-terang-medical-bintang-pharma-apotek,436
Resep Mawar Terang Apotik Apotek Jaya,Jl. Rambutan Pintar Cluster 52 Kota/Kabupaten TULANG BAWANG Provinsi LAMPUNG,POINT(105.32500639351238 -4.292992056479185),Emily Nelson Miller,162030/247410/234252,84329610083110,resep-mawar-terang-apotik-apotek-jaya,938
Bintang Prima Makmur Resep Jaya Sejahtera,Jl. Jeruk Indah Blok 98 Kota/Kabupaten LAHAT Provinsi SUMATERA SELATAN,POINT(103.50645961110416 -3.9054796166524985),David Roberts Thomas,256017/2100547/8710723,8601713280810,bintang-prima-makmur-resep-jaya-sejahtera,722
Murni Lestari Surya Bumi Sehat Medik,Jl. Gedung Cerdas Daerah 26 Kota/Kabupaten MAMBERAMO RAYA Provinsi PAPUA,POINT(138.70305767664337 -3.1335418888037703),Mark Taylor Harris,9910104/214001/300975,194918070937,murni-lestari-surya-bumi-sehat-medik,269
Medic Prima Tubuh Sehat Medika Apotek,Jl. Durian Jenius Komplek 38 Kota/Kabupaten MANGGARAI BARAT Provinsi NUSA TENGGARA TIMUR,POINT(120.3579236727554 -8.467277595403882),Matt Taylor Martin,151974/2110040/631653,253001448181,medic-prima-tubuh-sehat-medika-apotek,425
Terang Surya Sentorsa Makmur Farma Sejahtera,Jl. Pisang Kecil Komplek 20 Kota/Kabupaten MIMIKA Provinsi PAPUA,POINT(136.28103904644007 -4.529392231037529),Allison Hill Miller,210110100/8208101/764023,671098828511,terang-surya-sentorsa-makmur-farma-sejahtera,408
Obat Berkah Harmoni Murni Bersama Apotik,Jl. Duku Pintar Wilayah 54 Kota/Kabupaten BERAU Provinsi KALIMANTAN TIMUR,POINT(116.66855604195167 1.981635878731076),Steve Brown Brown,5101770/2104267/9300310,4590789601101,obat-berkah-harmoni-murni-bersama-apotik,51
Kimia Bintang Murni Tubuh Bersama Sejahtera,Jl. Pisang Kecil Daerah 62 Kota/Kabupaten KARANGASEM Provinsi BALI,POINT(115.59045622078791 -8.311175517464964),Ashley Nelson Johnson,6741031/102431010/953976,331601783883,kimia-bintang-murni-tubuh-bersama-sejahtera,192
Jaya Amanah Obat Bumi Jaya Sehat,Jl. Kuda Indah Daerah 72 Kota/Kabupaten KUTAI TIMUR Provinsi KALIMANTAN TIMUR,POINT(116.57819882754345 1.0578226569671276),Jason Taylor Jones,1074196/7295103/114398,2811016190867,jaya-amanah-obat-bumi-jaya-sehat,338
Mutiara Jaya Sehat Sejahtera Farma Apotik,Jl. Kucing Cerah Daerah 18 Kota/Kabupaten BATU BARA Provinsi SUMATERA UTARA,POINT(99.65895245245297 3.137429612532907),Allison Martinez White,611863/227227/520305,11344028810810,mutiara-jaya-sehat-sejahtera-farma-apotik,248
Tubuh Surya Nusantara Tenaga Pharm Sehat,Jl. Kebun Kecil Wilayah 93 Kota/Kabupaten MADIUN Provinsi JAWA TIMUR,POINT(111.79438407559286 -7.471115125855899),Chris Hill Smith,1365710/125608/1079352,332610842214,tubuh-surya-nusantara-tenaga-pharm-sehat,53
Jaya Farmasi Harmoni Bahagia Farma Pharm,Jl. Pisang Pendek Wilayah 35 Kota/Kabupaten YAHUKIMO Provinsi PAPUA,POINT(139.47087634386082 -4.991471954246172),Tom Adams Brown,548841/6051042/592853,352708017622,jaya-farmasi-harmoni-bahagia-farma-pharm,541
Bakti Medic Berkah Surya Sejahtera Medika,Jl. Gunung Cerah Daerah 9 Kota/Kabupaten MERAUKE Provinsi PAPUA,POINT(140.88498826933133 -8.319187277478118),Brittany Thomas Jones,111613/10510542/363770,981940633337,bakti-medic-berkah-surya-sejahtera-medika,236
Cemerlang Harmoni Bintang Indah Medik Pharma,Jl. Jeruk Cepat Wilayah 84 Kota/Kabupaten LUMAJANG Provinsi JAWA TIMUR,POINT(113.18959568394136 -8.23335350727487),John Brown Taylor,956561/769242/878360,7883260110095,cemerlang-harmoni-bintang-indah-medik-pharma,168
Makmur Lestari Bahagia Resep Jaya Sejahtera,Jl. Kuda Pendek Daerah 61 Kota/Kabupaten BERAU Provinsi KALIMANTAN TIMUR,POINT(116.86437484652384 2.2593289593792267),Alex Harris Williams,1069817/331727/1037900,8120106038062,makmur-lestari-bahagia-resep-jaya-sejahtera,847
Toko Makmur Obat Amanah Jaya Sehat,Jl. Kebun Cermat Daerah 60 Kota/Kabupaten ASMAT Provinsi PAPUA,POINT(138.02007632017552 -5.162603334807652),David Smith Taylor,116011/462681/1107783,710741397189,toko-makmur-obat-amanah-jaya-sehat,154
Makmur Tubuh Mawar Indah Medik Apotik,Jl. Ikan Indah Daerah 76 Kota/Kabupaten PAMEKASAN Provinsi JAWA TIMUR,POINT(112.71856344309847 -7.233693025959775),Alex Smith Garcia,11054101/662329/7084310,18241077670100,makmur-tubuh-mawar-indah-medik-apotik,597
Medical Lestari Makmur Farmasi Sehat Jaya,Jl. Balai Indah Cluster 86 Kota/Kabupaten KEEROM Provinsi PAPUA,POINT(140.72038579758862 -2.954222126096723),Alex White Moore,248105/1026128/4310572,3882848510110,medical-lestari-makmur-farmasi-sehat-jaya,91
Sentorsa Resep Cemerlang Jaya Pharma Sehat,Jl. Kota Kecil Cluster 68 Kota/Kabupaten MALINAU Provinsi KALIMANTAN UTARA,POINT(115.18190832141946 1.74100713401055),Jessica Johnson Harris,131005/244055/3534810,601282800699,sentorsa-resep-cemerlang-jaya-pharma-sehat,27
Toko Cemerlang Prima Mutiara Pharma Farma,Jl. Gunung Pintar Blok 33 Kota/Kabupaten KUPANG Provinsi NUSA TENGGARA TIMUR,POINT(123.99676840232908 -9.789322454243102),Katie Jones Wilson,215440/205234/5310620,10878843068110,toko-cemerlang-prima-mutiara-pharma-farma,368
Resep Murni Jaya Cemerlang Apotek Sejahtera,Jl. Jeruk Pendek Blok 54 Kota/Kabupaten KOTABARU Provinsi KALIMANTAN SELATAN,POINT(115.77753387567216 -2.732848997400934),John White Thompson,511061/928969/2109723,1085749321290,resep-murni-jaya-cemerlang-apotek-sejahtera,342
Surya Sejahtera Obat Resep Medik Farma,Jl. Sawah Cerdas Cluster 2 Kota/Kabupaten DONGGALA Provinsi SULAWESI TENGAH,POINT(119.64485457795134 -1.0778407548825992),Ashley Hill Thompson,1348100/724924/713873,179901104801,surya-sejahtera-obat-resep-medik-farma,574
Lestari Farmasi Surya Sehat Medik Jaya,Jl. Sawah Pendek Wilayah 59 Kota/Kabupaten PUNCAK JAYA Provinsi PAPUA,POINT(138.06259280880897 -3.5795606910193367),John Jones Miller,21010310/146928/132273,843786901390,lestari-farmasi-surya-sehat-medik-jaya,30
Cemerlang Prima Toko Mutiara Apotek Pharma,Jl. Balai Sejahtera Komplek 41 Kota/Kabupaten BANYUASIN Provinsi SUMATERA SELATAN,POINT(104.67515924855591 -2.3959961335533397),Chris Martinez Williams,230911/10226110/410101034,8018328104031,cemerlang-prima-toko-mutiara-apotek-pharma,368
Amanah Sejahtera Apotik Murni Sehat Medika,Jl. Sawah Besar Wilayah 77 Kota/Kabupaten WAKATOBI Provinsi SULAWESI TENGGARA,POINT(124.06677489458396 -6.029755121392574),John Taylor Thompson,10111010/1231039/1633109,7865110380968,amanah-sejahtera-apotik-murni-sehat-medika,305
Sejahtera Toko Mutiara Kimia Pharm Apotek,Jl. Kebun Sejahtera Komplek 72 Kota/Kabupaten MERANGIN Provinsi JAMBI,POINT(102.30442940826048 -1.8702412396716976),Mark Jones Jones,17101016/228452/4010731,143170485720,sejahtera-toko-mutiara-kimia-pharm-apotek,130
Surya Bumi Lestari Indah Medik Pharma,Jl. Mangga Cepat Cluster 21 Kota/Kabupaten BULUNGAN Provinsi KALIMANTAN UTARA,POINT(117.30628409127412 3.133040056528854),Katie Brown Jackson,216450/104255/10103343,101881961283,surya-bumi-lestari-indah-medik-pharma,998
Nusantara Medical Kimia Sejahtera Sejahtera Apotek,Jl. Kuda Jenius Cluster 68 Kota/Kabupaten MERANGIN Provinsi JAMBI,POINT(102.29270329351206 -2.06902293753452),Megan Johnson Johnson,146526/2911002/549335,418820882183,nusantara-medical-kimia-sejahtera-sejahtera-apotek,303
Amanah Farmasi Kimia Surya Farma Sejahtera,Jl. Sawah Cerdas Komplek 32 Kota/Kabupaten OGAN ILIR Provinsi SUMATERA SELATAN,POINT(104.652836189785 -3.387048654273679),Chris Martinez Garcia,109185/9624107/568533,378503150045,amanah-farmasi-kimia-surya-farma-sejahtera,491
Medical Harmoni Berkah Toko Farma Medik,Jl. Duku Cerdas Wilayah 36 Kota/Kabupaten ASMAT Provinsi PAPUA,POINT(138.9222085892128 -5.004659643434438),Jason Brown Williams,763611/115492/3031067,435810054903,medical-harmoni-berkah-toko-farma-medik,574
Farmasi Cemerlang Sejahtera Harmoni Apotik Farma,Jl. Sirih Kecil Wilayah 96 Kota/Kabupaten WAROPEN Provinsi PAPUA,POINT(136.3446011598225 -2.570512714484161),Emily Lewis Davis,371374/9710862/140537,5082411077554,farmasi-cemerlang-sejahtera-harmoni-apotik-farma,120
Resep Farmasi Medical Obat Jaya Apotik,Jl. Sawah Besar Daerah 11 Kota/Kabupaten MUSI BANYUASIN Provinsi SUMATERA SELATAN,POINT(104.11143539586544 -1.985266019697004),Rachel Thomas White,6110810/638712/28310310,9102710839631,resep-farmasi-medical-obat-jaya-apotik,92
Toko Jaya Obat Bahagia Bersama Farma,Jl. Rambutan Kecil Daerah 4 Kota/Kabupaten FAKFAK Provinsi PAPUA BARAT,POINT(133.24208725191932 -3.3486405688484098),Sarah Martinez Brown,101010801/12210101/978300,640523028401,toko-jaya-obat-bahagia-bersama-farma,456
Prima Amanah Prima Bumi Apotik Medika,Jl. Rambutan Pendek Daerah 78 Kota/Kabupaten NDUGA Provinsi PAPUA,POINT(138.05427942135572 -4.474746017573996),Chris Parker Anderson,317041/1023399/113720,9181108907088,prima-amanah-prima-bumi-apotik-medika,341
Kimia Prima Tenaga Cemerlang Jaya Pharma,Jl. Kebun Indah Daerah 7 Kota/Kabupaten HALMAHERA TIMUR Provinsi MALUKU UTARA,POINT(128.39896318997936 1.1728186005044725),Jessica Brown Anderson,169481/506642/32103910,205931508205,kimia-prima-tenaga-cemerlang-jaya-pharma,513
Mutiara Badan Resep Sejahtera Pharm Sejahtera,Jl. Kucing Cerdas Wilayah 18 Kota/Kabupaten KETAPANG Provinsi KALIMANTAN BARAT,POINT(110.48770050284838 -0.730081941327434),Mark White Moore,5811015/147245/10732110,1517801908109,mutiara-badan-resep-sejahtera-pharm-sejahtera,111
Surya Nusantara Makmur Harmoni Pharma Sejahtera,Jl. Jeruk Cerdas Komplek 47 Kota/Kabupaten MIMIKA Provinsi PAPUA,POINT(137.35432024356777 -4.198266056611155),Emily Thomas Davis,911815/323887/315580,4181039471540,surya-nusantara-makmur-harmoni-pharma-sejahtera,326
Amanah Obat Sejahtera Badan Bersama Apotek,Jl. Kucing Indah Wilayah 14 Kota/Kabupaten SINTANG Provinsi KALIMANTAN BARAT,POINT(112.04306776520112 -0.0054659996409078),Steve Anderson Miller,939135/908082/7341058,803097365148,amanah-obat-sejahtera-badan-bersama-apotek,415
Surya Sentorsa Jaya Indah Pharma Farma,Jl. Sirih Sari Wilayah 88 Kota/Kabupaten KUTAI KARTANEGARA Provinsi KALIMANTAN TIMUR,POINT(115.7220174905825 1.0503820788766287),Brittany Parker Smith,7143104/440052/273736,413019700828,surya-sentorsa-jaya-indah-pharma-farma,81
Medic Mutiara Jaya Berkah Sejahtera Farma,Jl. Kuda Sejahtera Blok 86 Kota/Kabupaten MAHAKAM ULU Provinsi KALIMANTAN TIMUR,POINT(114.24462622332184 0.9142480833195528),Jason Smith Moore,484102/987296/353588,1012690000836,medic-mutiara-jaya-berkah-sejahtera-farma,14
Resep Sejahtera Bintang Tubuh Pharma Medik,Jl. Mangga Cepat Daerah 4 Kota/Kabupaten BOVEN DIGOEL Provinsi PAPUA,POINT(139.7624282812022 -5.78571670756573),Ashley White Martinez,6100108/729422/376075,715008188732,resep-sejahtera-bintang-tubuh-pharma-medik,477
Terang Farmasi Sehat Mutiara Farma Medik,Jl. Anjing Kecil Wilayah 54 Kota/Kabupaten SERAM BAGIAN TIMUR Provinsi MALUKU,POINT(130.19389190511632 -3.188216661230169),Megan Thomas Wilson,150527/928169/8403101,8786530101057,terang-farmasi-sehat-mutiara-farma-medik,410
Surya Prima Kimia Tubuh Jaya Medika,Jl. Apel Besar Komplek 98 Kota/Kabupaten KEEROM Provinsi PAPUA,POINT(140.40664156347586 -2.897672724232086),Steve Harris White,1107179/8102920/336768,1963084310353,surya-prima-kimia-tubuh-jaya-medika,672
Terang Jaya Berkah Tenaga Apotek Sejahtera,Jl. Apel Jenius Komplek 22 Kota/Kabupaten MAHAKAM ULU Provinsi KALIMANTAN TIMUR,POINT(115.38178734464805 0.4445763327697705),Tom Taylor Jones,724911/6104212/132737,88831025711080,terang-jaya-berkah-tenaga-apotek-sejahtera,424
Apotik Jaya Mawar Sentorsa Jaya Bersama,Jl. Gunung Sari Blok 83 Kota/Kabupaten MUSI BANYUASIN Provinsi SUMATERA SELATAN,POINT(104.0528912802536 -1.8391293805478472),Steve Smith Anderson,113319/137323/3367101,74110800607810,apotik-jaya-mawar-sentorsa-jaya-bersama,543
Mawar Cemerlang Amanah Bahagia Sejahtera Apotek,Jl. Ikan Cerdas Komplek 59 Kota/Kabupaten MAPPI Provinsi PAPUA,POINT(139.69854699448388 -5.939812437439957),John Taylor Thomas,103181/701792/145637,9950911005828,mawar-cemerlang-amanah-bahagia-sejahtera-apotek,573
Badan Bintang Indah Sehat Medik Apotik,Jl. Sawah Besar Wilayah 40 Kota/Kabupaten SIGI Provinsi SULAWESI TENGAH,POINT(119.96967598354333 -1.9284811908509452),Megan Jackson Brown,941169/781092/230565,860631000002,badan-bintang-indah-sehat-medik-apotik,460
Prima Mutiara Mawar Farmasi Farma Medika,Jl. Balai Kecil Cluster 89 Kota/Kabupaten INDRAGIRI HILIR Provinsi RIAU,POINT(103.28161727568346 -0.1018917305170976),Alex Carter Robinson,186029/337221/1043606,368290841718,prima-mutiara-mawar-farmasi-farma-medika,99
Harmoni Sejahtera Tenaga Sehat Pharm Bersama,Jl. Duku Cerdas Blok 39 Kota/Kabupaten BULUNGAN Provinsi KALIMANTAN UTARA,POINT(117.27151812421344 2.7216888297399926),Tom Roberts Wilson,861410/1047721/498693,4481505110429,harmoni-sejahtera-tenaga-sehat-pharm-bersama,20
Terang Jaya Indah Badan Medika Pharma,Jl. Kuda Indah Wilayah 57 Kota/Kabupaten SINTANG Provinsi KALIMANTAN BARAT,POINT(112.45841046584476 -0.5917817085140449),John Martinez Robinson,1010591/60521010/365734,6536010282531,terang-jaya-indah-badan-medika-pharma,324
Sehat Toko Sentorsa Sejahtera Apotek Apotik,Jl. Durian Cermat Daerah 100 Kota/Kabupaten ASMAT Provinsi PAPUA,POINT(138.0951420099579 -5.553246658717927),John Taylor Jackson,7314104/512020/419263,486483103881,sehat-toko-sentorsa-sejahtera-apotek-apotik,483
Nusantara Bahagia Medical Obat Farma Sejahtera,Jl. Kebun Kecil Blok 54 Kota/Kabupaten LUWU Provinsi SULAWESI SELATAN,POINT(120.04643596094834 -2.887797629464851),Sarah Parker Johnson,123755/872311/134978,1085265203810,nusantara-bahagia-medical-obat-farma-sejahtera,430
Medic Indah Apotik Badan Apotek Bersama,Jl. Mangga Cerdas Daerah 81 Kota/Kabupaten MALUKU BARAT DAYA Provinsi MALUKU,POINT(126.6656125604475 -7.77031378123728),Steve Smith Smith,800015/628305/334050,8406135010102,medic-indah-apotik-badan-apotek-bersama,90
Tenaga Surya Amanah Mawar Bersama Pharma,Jl. Sawah Pendek Daerah 22 Kota/Kabupaten MAHAKAM ULU Provinsi KALIMANTAN TIMUR,POINT(114.9150729403978 0.2440619347624988),Lauren Harris Garcia,187324/10210103/6103133,8701168001089,tenaga-surya-amanah-mawar-bersama-pharma,409
Nusantara Sehat Badan Bintang Bersama Jaya,Jl. Ikan Sejahtera Komplek 83 Kota/Kabupaten SERAM BAGIAN TIMUR Provinsi MALUKU,POINT(130.12884938781474 -3.016884703636985),Tom Williams Martinez,19110910/846002/601036,7560381307106,nusantara-sehat-badan-bintang-bersama-jaya,499
Medic Bahagia Sentorsa Resep Pharm Sejahtera,Jl. Mangga Jenius Cluster 81 Kota/Kabupaten TELUK BINTUNI Provinsi PAPUA BARAT,POINT(133.771452946682 -2.8032306089668886),Alex Adams Robinson,1001365/432285/216603,98865710100910,medic-bahagia-sentorsa-resep-pharm-sejahtera,670
Berkah Sentorsa Jaya Lestari Jaya Medika,Jl. Apel Cepat Blok 30 Kota/Kabupaten ACEH TIMUR Provinsi ACEH,POINT(97.3665673748494 4.484301949605616),Rachel Jones Johnson,171715/1048992/373426,904621001887,berkah-sentorsa-jaya-lestari-jaya-medika,829
Tenaga Jaya Berkah Bintang Medika Pharma,Jl. Mangga Sari Blok 67 Kota/Kabupaten KUTAI TIMUR Provinsi KALIMANTAN TIMUR,POINT(117.68311243010028 0.7369985720554162),Ashley Thomas Thomas,1610278/5288710/8173107,859710551363,tenaga-jaya-berkah-bintang-medika-pharma,421
Bumi Kimia Resep Murni Bersama Sejahtera,Jl. Gedung Sari Wilayah 30 Kota/Kabupaten MIMIKA Provinsi PAPUA,POINT(137.2400455164114 -4.584856741364814),Megan Smith Smith,9661103/2921042/4830210,71010106119817,bumi-kimia-resep-murni-bersama-sejahtera,233
Bumi Terang Berkah Makmur Sehat Apotek,Jl. Pisang Besar Komplek 71 Kota/Kabupaten SUPIORI Provinsi PAPUA,POINT(135.6446341737352 -0.8401192798515194),Steve Hill Anderson,884173/947298/690133,456021128009,bumi-terang-berkah-makmur-sehat-apotek,38
Berkah Lestari Nusantara Jaya Sehat Medika,Jl. Duku Cepat Blok 28 Kota/Kabupaten WONOGIRI Provinsi JAWA TENGAH,POINT(111.00784525230404 -7.840058263299574),Lauren Carter Robinson,5071081/12501010/1029063,31081001215100,berkah-lestari-nusantara-jaya-sehat-medika,169
Bakti Sehat Farmasi Makmur Sehat Apotek,Jl. Kebun Cerdas Wilayah 71 Kota/Kabupaten MUSI RAWAS Provinsi SUMATERA SELATAN,POINT(103.41049935657276 -2.894697019860603),Rachel Jackson Williams,903115/234717/1007399,7011010102608107,bakti-sehat-farmasi-makmur-sehat-apotek,120
Murni Jaya Lestari Farmasi Jaya Sejahtera,Jl. Pisang Sejahtera Blok 11 Kota/Kabupaten KONAWE UTARA Provinsi SULAWESI TENGGARA,POINT(121.58778029686734 -3.1826080117394917),Katie Lewis Martin,3101452/2323105/4723510,901137788050,murni-jaya-lestari-farmasi-jaya-sejahtera,240
Indah Mawar Surya Jaya Pharma Pharm,Jl. Ikan Jenius Daerah 27 Kota/Kabupaten NABIRE Provinsi PAPUA,POINT(135.66161730358212 -3.5778887385310885),Lauren Brown Smith,448519/52108210/230819,19681047101087,indah-mawar-surya-jaya-pharma-pharm,425
Medic Sejahtera Surya Apotik Medika Medik,Jl. Anjing Kecil Cluster 91 Kota/Kabupaten KEEROM Provinsi PAPUA,POINT(140.4566870761321 -2.9887706688199795),Ashley Williams Johnson,1017442/128936/2300910,9714608109328,medic-sejahtera-surya-apotik-medika-medik,702
Berkah Toko Jaya Surya Apotek Sehat,Jl. Jeruk Cermat Komplek 71 Kota/Kabupaten NIAS SELATAN Provinsi SUMATERA UTARA,POINT(97.68439703549174 0.5906953144557185),Ashley Parker Brown,110721/721897/639633,445908208718,berkah-toko-jaya-surya-apotek-sehat,775
Sejahtera Makmur Jaya Murni Sehat Medika,Jl. Kuda Cerdas Cluster 94 Kota/Kabupaten KOTAWARINGIN TIMUR Provinsi KALIMANTAN TENGAH,POINT(112.89876105778124 -1.7993384416745355),Lauren Williams Anderson,1611050/819992/236953,21081081227890,sejahtera-makmur-jaya-murni-sehat-medika,89
Nusantara Apotik Sejahtera Indah Farma Sehat,Jl. Gunung Sari Daerah 29 Kota/Kabupaten TELUK BINTUNI Provinsi PAPUA BARAT,POINT(133.84383370585795 -1.7160786373574233),Mark Brown Smith,1049912/370328/638973,947881018219,nusantara-apotik-sejahtera-indah-farma-sehat,178
Indah Bumi Lestari Bakti Pharm Apotik,Jl. Gajah Besar Blok 3 Kota/Kabupaten TAPIN Provinsi KALIMANTAN SELATAN,POINT(115.23700219621664 -2.8980541568935063),David Williams Jones,901402/732266/384543,408589761357,indah-bumi-lestari-bakti-pharm-apotik,174
Badan Surya Sentorsa Cemerlang Pharm Medik,Jl. Pisang Indah Daerah 84 Kota/Kabupaten BERAU Provinsi KALIMANTAN TIMUR,POINT(118.4551176394694 1.3158676445230029),Tom Jones Williams,119639/8269108/283786,31028510020180,badan-surya-sentorsa-cemerlang-pharm-medik,113
Resep Jaya Kimia Terang Bersama Apotek,Jl. Kota Tinggi Komplek 66 Kota/Kabupaten WAJO Provinsi SULAWESI SELATAN,POINT(120.32737651524178 -3.78304044814457),Steve Taylor Martin,171028/426955/450913,217086836220,resep-jaya-kimia-terang-bersama-apotek,124
Tubuh Medical Badan Sentorsa Apotek Bersama,Jl. Jeruk Pintar Blok 97 Kota/Kabupaten SEMARANG Provinsi JAWA TENGAH,POINT(110.58267920549736 -7.231455000609557),John Clark Williams,357013/649291/855963,1087520504881,tubuh-medical-badan-sentorsa-apotek-bersama,388
Toko Sejahtera Tenaga Apotik Farma Pharm,Jl. Durian Tinggi Komplek 16 Kota/Kabupaten MALINAU Provinsi KALIMANTAN UTARA,POINT(115.55019959293008 1.4641297334835102),Megan Williams Anderson,9101016/322758/385171,10110828210210,toko-sejahtera-tenaga-apotik-farma-pharm,738
Obat Surya Sehat Harmoni Medik Jaya,Jl. Jeruk Cerah Komplek 32 Kota/Kabupaten KUBU RAYA Provinsi KALIMANTAN BARAT,POINT(109.22295570218368 -0.1844389941434734),Mark Johnson Brown,380101/808220/543352,1022810920631,obat-surya-sehat-harmoni-medik-jaya,240
Bahagia Amanah Surya Nusantara Apotik Farma,Jl. Apel Cerah Daerah 38 Kota/Kabupaten LAMPUNG SELATAN Provinsi LAMPUNG,POINT(105.29213709810288 -5.276255402391763),Matt Carter Jones,139926/72251010/5910103,324289391100,bahagia-amanah-surya-nusantara-apotik-farma,64
Badan Resep Mawar Berkah Pharm Jaya,Jl. Duku Sari Daerah 69 Kota/Kabupaten MAROS Provinsi SULAWESI SELATAN,POINT(119.79830273114683 -4.864229909150666),Jessica Thomas Robinson,480414/728075/243587,702482475801,badan-resep-mawar-berkah-pharm-jaya,266
Lestari Tenaga Mutiara Farmasi Sejahtera Pharma,Jl. Sawah Besar Cluster 52 Kota/Kabupaten SIKKA Provinsi NUSA TENGGARA TIMUR,POINT(122.01981739500609 -8.550547972920636),Alex Smith Thomas,431169/9084102/479387,9109018784248,lestari-tenaga-mutiara-farmasi-sejahtera-pharma,85
Nusantara Bahagia Kimia Bintang Sejahtera Pharm,Jl. Rambutan Sari Daerah 38 Kota/Kabupaten ACEH TAMIANG Provinsi ACEH,POINT(97.8791766146334 4.29907814275653),Chris Adams Thomas,4814107/1026735/3372110,19371041100528,nusantara-bahagia-kimia-bintang-sejahtera-pharm,640
Murni Farmasi Bakti Harmoni Sejahtera Pharma,Jl. Ikan Cerah Blok 56 Kota/Kabupaten WAY KANAN Provinsi LAMPUNG,POINT(104.8066485505084 -4.421740268806488),Brittany White Wilson,113115/920054/357466,1040691338335,murni-farmasi-bakti-harmoni-sejahtera-pharma,371
Bumi Sentorsa Mawar Harmoni Bersama Apotek,Jl. Tembok Kecil Komplek 72 Kota/Kabupaten MUARO JAMBI Provinsi JAMBI,POINT(103.83964798860362 -1.6297953549762545),Katie Taylor Miller,518833/926458/273246,90808101048818,bumi-sentorsa-mawar-harmoni-bersama-apotek,775
Tenaga Bumi Sentorsa Medic Pharm Sejahtera,Jl. Sawah Cermat Blok 10 Kota/Kabupaten KUBU RAYA Provinsi KALIMANTAN BARAT,POINT(109.67617438871348 -0.967773815361344),Sarah Thomas Martin,2159710/9105226/71009310,8895724012104,tenaga-bumi-sentorsa-medic-pharm-sejahtera,103
Lestari Medical Prima Indah Apotik Farma,Jl. Gunung Cerah Blok 33 Kota/Kabupaten TEBO Provinsi JAMBI,POINT(101.92870530403783 -1.290151486726117),Lauren Roberts Anderson,851592/295406/102301,4270510006812,lestari-medical-prima-indah-apotik-farma,648
Medical Farmasi Berkah Surya Sehat Bersama,Jl. Anjing Jenius Daerah 61 Kota/Kabupaten ASAHAN Provinsi SUMATERA UTARA,POINT(99.97056469498186 2.917808677739778),Katie Johnson Anderson,315609/250531/4091032,6951840211063,medical-farmasi-berkah-surya-sehat-bersama,752
Badan Obat Indah Terang Jaya Pharma,Jl. Kebun Cerah Komplek 84 Kota/Kabupaten LANNY JAYA Provinsi PAPUA,POINT(137.9874293093824 -4.045234977420731),Brittany Nelson Moore,118932/1022313/176336,224891847090,badan-obat-indah-terang-jaya-pharma,336
Mutiara Surya Kimia Lestari Sejahtera Medika,Jl. Sirih Sari Blok 26 Kota/Kabupaten BULUNGAN Provinsi KALIMANTAN UTARA,POINT(116.26944370298082 2.228192014500337),Alex Hill Smith,413589/269033/4104038,6811070128477,mutiara-surya-kimia-lestari-sejahtera-medika,127
Makmur Berkah Jaya Medic Jaya Bersama,Jl. Anjing Indah Cluster 21 Kota/Kabupaten PADANG LAWAS Provinsi SUMATERA UTARA,POINT(99.62974254295644 0.9505744605488768),Lauren White Thomas,114307/4821410/574563,401046258073,makmur-berkah-jaya-medic-jaya-bersama,178
Indah Mawar Amanah Surya Apotik Bersama,Jl. Duku Kecil Cluster 14 Kota/Kabupaten PESISIR SELATAN Provinsi SUMATERA BARAT,POINT(100.8762268281152 -2.0737713456783613),Mark Taylor Brown,1016986/1410062/299513,810669829081,indah-mawar-amanah-surya-apotik-bersama,86
Kimia Berkah Prima Mutiara Sehat Apotik,Jl. Kuda Sejahtera Blok 84 Kota/Kabupaten BENGKALIS Provinsi RIAU,POINT(101.36105232823652 1.091581159674016),Megan Brown Moore,921121/503372/523229,181087160008,kimia-berkah-prima-mutiara-sehat-apotik,259
Medical Mutiara Bumi Indah Farma Apotik,Jl. Tembok Besar Wilayah 48 Kota/Kabupaten SERAM BAGIAN BARAT Provinsi MALUKU,POINT(128.36353817112058 -3.3024410456389037),Michael Clark Williams,5761310/810210910/360358,310187242807,medical-mutiara-bumi-indah-farma-apotik,547
Sejahtera Medic Apotik Prima Sehat Sejahtera,Jl. Gajah Indah Komplek 13 Kota/Kabupaten SOPPENG Provinsi SULAWESI SELATAN,POINT(119.84630954396948 -4.183982010349142),John Taylor Robinson,859181/1018122/914356,8453171073080,sejahtera-medic-apotik-prima-sehat-sejahtera,69
Tubuh Harmoni Bintang Bumi Sejahtera Medika,Jl. Pisang Pendek Wilayah 89 Kota/Kabupaten PULANG PISAU Provinsi KALIMANTAN TENGAH,POINT(114.0668439189743 -1.988708150236862),Ashley Parker Thompson,931151/294296/344380,7841661059028,tubuh-harmoni-bintang-bumi-sejahtera-medika,222
Tubuh Murni Apotik Indah Apotik Jaya,Jl. Apel Kecil Daerah 34 Kota/Kabupaten KEEROM Provinsi PAPUA,POINT(140.97360377175497 -3.899458157641396),Mark Hill Williams,2221014/82104102/9110336,879181451770,tubuh-murni-apotik-indah-apotik-jaya,127
Bakti Cemerlang Terang Obat Sejahtera Pharma,Jl. Gunung Besar Komplek 19 Kota/Kabupaten SIMALUNGUN Provinsi SUMATERA UTARA,POINT(98.8155650876579 2.9688873313600066),Megan Carter Williams,143976/172566/38108104,81000181010041,bakti-cemerlang-terang-obat-sejahtera-pharma,476
Jaya Prima Toko Terang Sehat Apotek,Jl. Anjing Pendek Daerah 1 Kota/Kabupaten REMBANG Provinsi JAWA TENGAH,POINT(111.27513224341844 -6.734127861216169),Chris Lewis Davis,119073/273444/135858,37381100654100,jaya-prima-toko-terang-sehat-apotek,162
Lestari Sentorsa Indah Resep Farma Apotek,Jl. Gajah Cepat Cluster 17 Kota/Kabupaten BIMA Provinsi NUSA TENGGARA BARAT,POINT(118.11351841394372 -8.319973636935595),Megan Williams Brown,1671090/286063/1039535,1086318174086,lestari-sentorsa-indah-resep-farma-apotek,320
Tubuh Indah Amanah Bakti Pharma Sejahtera,Jl. Mangga Jenius Komplek 100 Kota/Kabupaten PELALAWAN Provinsi RIAU,POINT(102.55046010408212 0.0905058109222505),Matt Jackson Garcia,619345/2945102/351113,600804171448,tubuh-indah-amanah-bakti-pharma-sejahtera,61
Makmur Harmoni Jaya Sejahtera Apotik Sejahtera,Jl. Gajah Kecil Komplek 18 Kota/Kabupaten SIGI Provinsi SULAWESI TENGAH,POINT(119.7712117544256 -1.3246444647098343),Rachel Roberts Johnson,9101038/215134/5310239,189153686150,makmur-harmoni-jaya-sejahtera-apotik-sejahtera,71
Toko Bumi Sejahtera Farmasi Sejahtera Sehat,Jl. Apel Tinggi Cluster 95 Kota/Kabupaten BERAU Provinsi KALIMANTAN TIMUR,POINT(116.64718865543824 1.875224833905598),Jessica Roberts Taylor,531128/421245/795043,758806183705,toko-bumi-sejahtera-farmasi-sejahtera-sehat,293
Sejahtera Cemerlang Surya Sentorsa Pharm Farma,Jl. Mangga Pendek Komplek 99 Kota/Kabupaten MALINAU Provinsi KALIMANTAN UTARA,POINT(115.58105495033124 1.7354842197749214),Katie Smith Davis,232180/213669/10810300,59010131100186,sejahtera-cemerlang-surya-sentorsa-pharm-farma,719
Sentorsa Mawar Terang Surya Medika Apotek,Jl. Jeruk Cerdas Komplek 36 Kota/Kabupaten MURUNG RAYA Provinsi KALIMANTAN TENGAH,POINT(114.04924616792056 -0.5140881283569882),Rachel Johnson Martinez,5721091/713962/9710213,180649764301,sentorsa-mawar-terang-surya-medika-apotek,809
Toko Nusantara Medical Medic Pharm Pharma,Jl. Kucing Kecil Komplek 10 Kota/Kabupaten SUKAMARA Provinsi KALIMANTAN TENGAH,POINT(111.09602777971878 -2.884186547604582),Brittany Clark Jackson,466714/7242103/197356,760821061430,toko-nusantara-medical-medic-pharm-pharma,128
Lestari Amanah Sentorsa Medical Apotik Medik,Jl. Jeruk Pendek Wilayah 91 Kota/Kabupaten MERAUKE Provinsi PAPUA,POINT(140.43925332471616 -8.066491412398957),Lauren Jones Smith,512917/152384/300136,1000878155012,lestari-amanah-sentorsa-medical-apotik-medik,379
Surya Mutiara Murni Farmasi Sejahtera Sejahtera,Jl. Duku Sejahtera Daerah 91 Kota/Kabupaten SARMI Provinsi PAPUA,POINT(138.41465213083544 -1.8086779507925532),Megan Jackson Jones,10951310/667262/236432,817028410876,surya-mutiara-murni-farmasi-sejahtera-sejahtera,73
Bintang Terang Bumi Kimia Apotek Jaya,Jl. Sawah Indah Cluster 81 Kota/Kabupaten BARITO SELATAN Provinsi KALIMANTAN TENGAH,POINT(114.90998248349932 -1.693715236560882),Megan Clark Robinson,273186/137602/3101485,4108851217096,bintang-terang-bumi-kimia-apotek-jaya,154
Jaya Prima Bahagia Berkah Jaya Medika,Jl. Ikan Kecil Daerah 22 Kota/Kabupaten MERAUKE Provinsi PAPUA,POINT(139.6029448131412 -7.565656191661626),Mark Lewis Harris,635130/8210016/727523,173209117813,jaya-prima-bahagia-berkah-jaya-medika,374
Sentorsa Sehat Harmoni Mutiara Sehat Apotek,Jl. Gajah Jenius Wilayah 59 Kota/Kabupaten MALUKU TENGAH Provinsi MALUKU,POINT(128.9759271081063 -3.329865844293532),Emily Brown Anderson,122329/513512/396893,958303132084,sentorsa-sehat-harmoni-mutiara-sehat-apotek,649
Resep Bintang Toko Lestari Jaya Bersama,Jl. Gajah Sejahtera Wilayah 44 Kota/Kabupaten SUBANG Provinsi JAWA BARAT,POINT(107.80193436195236 -6.612691339222409),Ashley Lewis Martin,545941/109625/51010328,92102100316807,resep-bintang-toko-lestari-jaya-bersama,49
Bakti Medic Mutiara Makmur Medika Farma,Jl. Jeruk Cepat Cluster 40 Kota/Kabupaten BATANGHARI Provinsi JAMBI,POINT(103.1614753232532 -2.003719135290844),Emily Anderson Wilson,72010101/1301072/832359,740188744803,bakti-medic-mutiara-makmur-medika-farma,827
Harmoni Tubuh Medic Lestari Sehat Farma,Jl. Pisang Cerdas Komplek 87 Kota/Kabupaten INDRAGIRI HULU Provinsi RIAU,POINT(102.55764899552386 0.0413088450592376),Rachel Clark Davis,601348/276239/1002034,1109918510882,harmoni-tubuh-medic-lestari-sehat-farma,621
Murni Resep Jaya Mawar Sejahtera Pharm,Jl. Sirih Cerah Komplek 39 Kota/Kabupaten BERAU Provinsi KALIMANTAN TIMUR,POINT(118.23242177578562 1.357341525009904),Jessica Nelson Anderson,150515/250500/3100933,9111480803107,murni-resep-jaya-mawar-sejahtera-pharm,439
Indah Medic Medical Apotik Apotek Sehat,Jl. Kota Jenius Komplek 37 Kota/Kabupaten TANJUNG JABUNG BARAT Provinsi JAMBI,POINT(102.93006119744332 -1.1635367028538006),David Jones Harris,321156/910321/309053,2229018270110,indah-medic-medical-apotik-apotek-sehat,133
Mutiara Berkah Farmasi Jaya Farma Bersama,Jl. Gunung Kecil Blok 86 Kota/Kabupaten BUNGO Provinsi JAMBI,POINT(102.12797291843152 -1.5071758104304909),Lauren Thomas Anderson,416108/1410234/954373,644158568201,mutiara-berkah-farmasi-jaya-farma-bersama,902
Medical Sejahtera Makmur Indah Medik Medika,Jl. Durian Pendek Cluster 1 Kota/Kabupaten MAMASA Provinsi SULAWESI BARAT,POINT(119.23588717138212 -2.952636026373444),Katie Thomas Harris,8219106/731209/346199,298664831019,medical-sejahtera-makmur-indah-medik-medika,17
Harmoni Sentorsa Amanah Mawar Medik Bersama,Jl. Pisang Cerdas Blok 29 Kota/Kabupaten KUBU RAYA Provinsi KALIMANTAN BARAT,POINT(109.6228446860484 -0.5826846640423948),Ashley Lewis Robinson,9119910/412239/589307,7620773010819,harmoni-sentorsa-amanah-mawar-medik-bersama,642
Mawar Terang Sentorsa Lestari Pharm Jaya,Jl. Pisang Pintar Daerah 3 Kota/Kabupaten MALUKU TENGAH Provinsi MALUKU,POINT(129.75514156164496 -3.11922235512768),Tom Brown Wilson,211296/4109525/733739,115018268107,mawar-terang-sentorsa-lestari-pharm-jaya,21
Tubuh Mutiara Badan Terang Sejahtera Medika,Jl. Kota Jenius Wilayah 63 Kota/Kabupaten MUARA ENIM Provinsi SUMATERA SELATAN,POINT(103.8637245883854 -3.6676805175256657),Chris Hill Anderson,204314/708222/3843310,908883564410,tubuh-mutiara-badan-terang-sejahtera-medika,543
Prima Mutiara Badan Bakti Apotik Medika,Jl. Gunung Sari Daerah 50 Kota/Kabupaten HALMAHERA TIMUR Provinsi MALUKU UTARA,POINT(128.02360344773663 0.692518160169449),Michael Harris Smith,911222/201130/630000,8707103048184,prima-mutiara-badan-bakti-apotik-medika,4
Mawar Bintang Kimia Apotik Apotik Sehat,Jl. Anjing Pendek Cluster 73 Kota/Kabupaten SERDANG BEDAGAI Provinsi SUMATERA UTARA,POINT(98.94137660920993 3.019413971619482),David Hill Jones,71103104/854023/325532,1114071069825,mawar-bintang-kimia-apotik-apotik-sehat,92
Tubuh Sentorsa Apotik Bahagia Medik Apotik,Jl. Durian Cerah Daerah 82 Kota/Kabupaten KAPUAS HULU Provinsi KALIMANTAN BARAT,POINT(112.41345639290869 0.2411191855473511),Matt Taylor Wilson,1012510/3921068/162534,836110720226,tubuh-sentorsa-apotik-bahagia-medik-apotik,178
Medical Surya Surya Harmoni Jaya Apotik,Jl. Durian Cerdas Komplek 3 Kota/Kabupaten RAJA AMPAT Provinsi PAPUA BARAT,POINT(130.98238303186926 -0.0510430818170455),Steve Jones Johnson,139932/1011282/300441,8270060135910,medical-surya-surya-harmoni-jaya-apotik,147
Bahagia Berkah Terang Lestari Bersama Pharm,Jl. Sirih Pendek Blok 90 Kota/Kabupaten OGAN KOMERING ULU SELATAN Provinsi SUMATERA SELATAN,POINT(103.88371927418508 -4.4598761615537565),Alex Harris Jones,4901051/782445/7810133,700916247838,bahagia-berkah-terang-lestari-bersama-pharm,741
Surya Cemerlang Tubuh Medic Sehat Apotik,Jl. Gedung Sejahtera Komplek 65 Kota/Kabupaten ROKAN HILIR Provinsi RIAU,POINT(100.58702239885054 1.4100440389593167),Matt Jones Miller,9710174/1410120/1310139,278107016920,surya-cemerlang-tubuh-medic-sehat-apotik,302
Jaya Harmoni Sentorsa Farmasi Sejahtera Medik,Jl. Duku Cepat Wilayah 99 Kota/Kabupaten BERAU Provinsi KALIMANTAN TIMUR,POINT(116.29709916975138 1.9886374163615412),Alex Anderson Thomas,456941/2000104/324074,441201807866,jaya-harmoni-sentorsa-farmasi-sejahtera-medik,887
Surya Prima Indah Sehat Farma Jaya,Jl. Gedung Tinggi Cluster 13 Kota/Kabupaten MALINAU Provinsi KALIMANTAN UTARA,POINT(115.33130556100171 2.802335255227579),David Jackson Thomas,5810010/298214/3810334,748010881124,surya-prima-indah-sehat-farma-jaya,203
Sehat Lestari Murni Obat Bersama Medika,Jl. Duku Pendek Cluster 78 Kota/Kabupaten PULAU TALIABU Provinsi MALUKU UTARA,POINT(124.71299280097703 -1.7718965959048116),Jason Martinez Martinez,3010031/529325/3611013,8352000451102,sehat-lestari-murni-obat-bersama-medika,87
Tenaga Resep Surya Amanah Sejahtera Apotek,Jl. Rambutan Pintar Komplek 70 Kota/Kabupaten SUMBA BARAT DAYA Provinsi NUSA TENGGARA TIMUR,POINT(119.33570372706002 -9.58835850554376),David Williams Martinez,195419/9291005/304740,488017432323,tenaga-resep-surya-amanah-sejahtera-apotek,932
Kimia Surya Nusantara Jaya Sejahtera Apotek,Jl. Gedung Cepat Daerah 55 Kota/Kabupaten PULANG PISAU Provinsi KALIMANTAN TENGAH,POINT(113.87330238030825 -2.531089188417852),Rachel Roberts Thompson,2109110/245204/41053104,610986814013,kimia-surya-nusantara-jaya-sejahtera-apotek,960
Tenaga Medical Jaya Prima Pharma Apotek,Jl. Apel Jenius Daerah 42 Kota/Kabupaten TAMBRAUW Provinsi PAPUA BARAT,POINT(132.93901501487167 -0.8313895767219552),Michael Harris Garcia,725710/954442/1093433,1071158107841,tenaga-medical-jaya-prima-pharma-apotek,31
Mawar Sehat Harmoni Mutiara Pharma Medik,Jl. Duku Jenius Komplek 22 Kota/Kabupaten KOTABARU Provinsi KALIMANTAN SELATAN,POINT(116.12316627075307 -3.210091243624557),John Brown Harris,647126/1027245/306153,1701105028829,mawar-sehat-harmoni-mutiara-pharma-medik,27
Murni Harmoni Sentorsa Badan Medik Farma,Jl. Pisang Cerdas Cluster 31 Kota/Kabupaten KUBU RAYA Provinsi KALIMANTAN BARAT,POINT(109.60271533566936 -0.9008845499749808),John Roberts Martin,4108161/757255/317432,231810812710,murni-harmoni-sentorsa-badan-medik-farma,68
Toko Kimia Berkah Surya Medika Apotik,Jl. Kebun Besar Cluster 46 Kota/Kabupaten KOTA SEMARANG Provinsi JAWA TENGAH,POINT(110.485847954643 -7.003085105358123),David Roberts Taylor,3657101/2671099/589313,3045191038220,toko-kimia-berkah-surya-medika-apotik,622
Prima Sejahtera Bintang Mawar Bersama Sejahtera,Jl. Gajah Sari Komplek 86 Kota/Kabupaten PEGUNUNGAN BINTANG Provinsi PAPUA,POINT(140.20356120432749 -4.0416858131286695),Lauren Roberts Martinez,560174/343209/595236,586940170198,prima-sejahtera-bintang-mawar-bersama-sejahtera,812
Bintang Medical Makmur Kimia Sejahtera Medik,Jl. Kota Besar Cluster 58 Kota/Kabupaten KUTAI TIMUR Provinsi KALIMANTAN TIMUR,POINT(118.22220408733804 0.9163561265150264),Jason Williams Anderson,1110245/2371081/474932,881629571010,bintang-medical-makmur-kimia-sejahtera-medik,81
Medic Prima Bintang Berkah Pharma Medik,Jl. Pisang Indah Cluster 51 Kota/Kabupaten KOTAWARINGIN TIMUR Provinsi KALIMANTAN TENGAH,POINT(112.8363037852512 -1.873874943363667),Brittany Taylor Williams,718236/7100296/363198,6149810102069,medic-prima-bintang-berkah-pharma-medik,230
Murni Sejahtera Apotik Medic Apotek Jaya,Jl. Duku Kecil Cluster 73 Kota/Kabupaten OGAN KOMERING ILIR Provinsi SUMATERA SELATAN,POINT(105.35300473132092 -3.758187481227659),Michael Adams Johnson,751013/402728/733292,1110499107218,murni-sejahtera-apotik-medic-apotek-jaya,380
Prima Badan Toko Jaya Sehat Apotek,Jl. Sawah Sejahtera Wilayah 67 Kota/Kabupaten KAPUAS HULU Provinsi KALIMANTAN BARAT,POINT(113.1468930259937 0.7759128281179084),Megan Jackson Jackson,2701109/10291001/333634,581101204215,prima-badan-toko-jaya-sehat-apotek,402
Tenaga Sentorsa Mawar Apotik Sejahtera Pharm,Jl. Balai Kecil Wilayah 93 Kota/Kabupaten KONAWE UTARA Provinsi SULAWESI TENGGARA,POINT(121.467370762597 -3.3576031307810768),Lauren Jones Jackson,679154/132889/775370,3484161075080,tenaga-sentorsa-mawar-apotik-sejahtera-pharm,274
Toko Sentorsa Tenaga Medic Apotek Sejahtera,Jl. Tembok Sejahtera Cluster 85 Kota/Kabupaten BENGKAYANG Provinsi KALIMANTAN BARAT,POINT(109.40712279245848 0.7637665118441053),Emily Smith Jones,271208/751582/3941053,11260048107101,toko-sentorsa-tenaga-medic-apotek-sejahtera,799
Jaya Berkah Amanah Lestari Sehat Apotik,Jl. Jeruk Sejahtera Daerah 15 Kota/Kabupaten LANDAK Provinsi KALIMANTAN BARAT,POINT(109.7637537961023 0.4148338464938508),Megan Anderson Smith,102992/9771062/103101005,1080530241678,jaya-berkah-amanah-lestari-sehat-apotik,96
Murni Apotik Tubuh Resep Pharma Apotik,Jl. Pisang Cepat Wilayah 36 Kota/Kabupaten LEMBATA Provinsi NUSA TENGGARA TIMUR,POINT(123.3913129223019 -8.572424965981439),Sarah Brown Brown,602191/2379103/872453,4091084138704,murni-apotik-tubuh-resep-pharma-apotik,610
Prima Bintang Amanah Berkah Bersama Farma,Jl. Kuda Cermat Wilayah 96 Kota/Kabupaten MIMIKA Provinsi PAPUA,POINT(137.15039273723465 -4.783835245098117),Lauren Anderson Harris,638311/8102024/9107538,8890810710600,prima-bintang-amanah-berkah-bersama-farma,229
Sejahtera Terang Makmur Surya Pharm Medika,Jl. Jeruk Cepat Wilayah 30 Kota/Kabupaten KAPUAS HULU Provinsi KALIMANTAN BARAT,POINT(112.62703838568568 0.9381712255115442),Alex Brown Brown,291352/2610527/315773,61010106123816,sejahtera-terang-makmur-surya-pharm-medika,232
Nusantara Bintang Terang Toko Sehat Pharm,Jl. Apel Cerah Komplek 83 Kota/Kabupaten MAMBERAMO RAYA Provinsi PAPUA,POINT(137.42667903421872 -2.9615622030520647),Jessica Jackson Moore,5212102/141010210/197103,476885919073,nusantara-bintang-terang-toko-sehat-pharm,236
Tenaga Bahagia Murni Bumi Apotek Sejahtera,Jl. Duku Indah Daerah 38 Kota/Kabupaten BENGKALIS Provinsi RIAU,POINT(101.50848676844204 1.8987461743040583),Megan Jones White,19105010/1426100/1006713,6461106960803,tenaga-bahagia-murni-bumi-apotek-sejahtera,521
Amanah Mawar Prima Jaya Sejahtera Sehat,Jl. Duku Jenius Cluster 93 Kota/Kabupaten KOTAWARINGIN TIMUR Provinsi KALIMANTAN TENGAH,POINT(112.89220460697209 -2.9644041872419136),Megan Nelson Brown,615113/829108/381241,1019688301000,amanah-mawar-prima-jaya-sejahtera-sehat,107
Nusantara Resep Tubuh Mutiara Sehat Sejahtera,Jl. Gedung Cerah Wilayah 60 Kota/Kabupaten PARIGI MOUTONG Provinsi SULAWESI TENGAH,POINT(120.78925849827694 0.5881252275516466),David Johnson Wilson,1114101/445192/913399,184729280134,nusantara-resep-tubuh-mutiara-sehat-sejahtera,290
Surya Toko Badan Sehat Pharm Apotek,Jl. Sawah Sejahtera Wilayah 92 Kota/Kabupaten DONGGALA Provinsi SULAWESI TENGAH,POINT(120.01753866768593 0.4443273720209912),Katie Jackson Williams,235691/725209/538366,8810161025300,surya-toko-badan-sehat-pharm-apotek,380
Resep Berkah Apotik Makmur Jaya Bersama,Jl. Gajah Sejahtera Komplek 24 Kota/Kabupaten KOTABARU Provinsi KALIMANTAN SELATAN,POINT(116.15231325632176 -4.006140661366698),David Clark Jones,1041592/309281/435888,1002201072983,resep-berkah-apotik-makmur-jaya-bersama,795
Makmur Mutiara Surya Bahagia Pharm Apotek,Jl. Duku Kecil Daerah 14 Kota/Kabupaten PESISIR SELATAN Provinsi SUMATERA BARAT,POINT(100.77656790054324 -1.2212317892034044),Katie Jones Moore,7101898/922310/3410447,871090600078,makmur-mutiara-surya-bahagia-pharm-apotek,351
Resep Harmoni Surya Indah Sejahtera Apotik,Jl. Sirih Indah Daerah 64 Kota/Kabupaten MAPPI Provinsi PAPUA,POINT(139.04674497577795 -6.757455384829403),Rachel Harris Thomas,1371310/727032/10535910,771505703718,resep-harmoni-surya-indah-sejahtera-apotik,499
Indah Farmasi Tenaga Prima Apotek Pharma,Jl. Anjing Sari Daerah 30 Kota/Kabupaten MALINAU Provinsi KALIMANTAN UTARA,POINT(115.07276721144709 1.597490922030449),Steve Parker White,1260102/972792/311060,2887310693210,indah-farmasi-tenaga-prima-apotek-pharma,695
Bintang Bakti Mawar Murni Bersama Medika,Jl. Kuda Sari Daerah 16 Kota/Kabupaten LIMA PULUH KOTA Provinsi SUMATERA BARAT,POINT(100.33763705328074 0.0301171759865646),David Clark Smith,1510010/716245/338630,4540810195807,bintang-bakti-mawar-murni-bersama-medika,115
Mawar Medic Makmur Tenaga Bersama Apotik,Jl. Ikan Cermat Cluster 7 Kota/Kabupaten KETAPANG Provinsi KALIMANTAN BARAT,POINT(110.69552775952155 -2.5153922165844342),Brittany Thomas Johnson,1100830/1231004/339648,8415106966037,mawar-medic-makmur-tenaga-bersama-apotik,174
Sehat Kimia Sejahtera Harmoni Pharm Sejahtera,Jl. Gajah Besar Komplek 61 Kota/Kabupaten LUWU UTARA Provinsi SULAWESI SELATAN,POINT(120.46572397066016 -2.3665511499803262),Matt Martinez Harris,5081109/6481092/341091,4163884100014,sehat-kimia-sejahtera-harmoni-pharm-sejahtera,280
Berkah Sejahtera Mutiara Terang Farma Pharma,Jl. Anjing Indah Komplek 72 Kota/Kabupaten SUPIORI Provinsi PAPUA,POINT(135.63838175593696 -0.6629466803947963),Rachel White Miller,1174103/116291/505730,5198178101908,berkah-sejahtera-mutiara-terang-farma-pharma,695
Medic Farmasi Sentorsa Obat Pharma Pharm,Jl. Rambutan Cermat Wilayah 49 Kota/Kabupaten MANGGARAI BARAT Provinsi NUSA TENGGARA TIMUR,POINT(119.93495757146748 -8.773782683042601),Jason Martinez Harris,861795/2221038/10921310,3010881012121,medic-farmasi-sentorsa-obat-pharma-pharm,157
Surya Bintang Amanah Obat Medik Sehat,Jl. Apel Pintar Cluster 73 Kota/Kabupaten BOGOR Provinsi JAWA BARAT,POINT(106.76962396350964 -6.464465126286535),Jessica Adams Johnson,11102109/822402/10971037,757108532249,surya-bintang-amanah-obat-medik-sehat,143
Terang Toko Harmoni Makmur Jaya Medik,Jl. Sawah Sari Komplek 9 Kota/Kabupaten LANGKAT Provinsi SUMATERA UTARA,POINT(97.87051599730955 3.634363404957067),Chris Smith Brown,156065/3410218/431363,859933580116,terang-toko-harmoni-makmur-jaya-medik,417
Terang Nusantara Jaya Mutiara Apotik Medik,Jl. Gedung Pintar Blok 94 Kota/Kabupaten BELITUNG TIMUR Provinsi KEPULAUAN BANGKA BELITUNG,POINT(108.04661928700214 -2.661339205910135),John Jackson Thomas,538881/1261410/10311410,537638105427,terang-nusantara-jaya-mutiara-apotik-medik,104
Medic Prima Mawar Kimia Apotik Farma,Jl. Ikan Cerah Blok 57 Kota/Kabupaten MUARA ENIM Provinsi SUMATERA SELATAN,POINT(103.80721660754712 -3.894591582284032),Jason Johnson Davis,5312610/122220/528437,11241010387100,medic-prima-mawar-kimia-apotik-farma,797
Tenaga Bahagia Bakti Prima Sejahtera Bersama,Jl. Anjing Kecil Daerah 22 Kota/Kabupaten KOTA BATAM Provinsi KEPULAUAN RIAU,POINT(104.06220227725838 0.9533399408944216),Megan Johnson Garcia,3891102/141132/35710105,816251940238,tenaga-bahagia-bakti-prima-sejahtera-bersama,417
Harmoni Medic Terang Sentorsa Bersama Sehat,Jl. Kuda Cermat Blok 75 Kota/Kabupaten TAPANULI SELATAN Provinsi SUMATERA UTARA,POINT(99.32375640861385 1.066879183311224),Ashley Smith Taylor,501442/771627/903703,885526030001,harmoni-medic-terang-sentorsa-bersama-sehat,214
Bakti Berkah Amanah Tubuh Jaya Apotik,Jl. Tembok Sari Wilayah 65 Kota/Kabupaten KETAPANG Provinsi KALIMANTAN BARAT,POINT(110.76959699840424 -2.098782921478195),Brittany Anderson Martinez,612031/485942/708034,738092134805,bakti-berkah-amanah-tubuh-jaya-apotik,614
Bumi Prima Bakti Sentorsa Jaya Medik,Jl. Rambutan Pintar Wilayah 66 Kota/Kabupaten LAMPUNG SELATAN Provinsi LAMPUNG,POINT(105.19777923592936 -5.231815224060098),Emily Adams White,678196/895211/1010213,395101186185,bumi-prima-bakti-sentorsa-jaya-medik,229
Apotik Makmur Berkah Nusantara Sejahtera Bersama,Jl. Rambutan Indah Daerah 97 Kota/Kabupaten ASMAT Provinsi PAPUA,POINT(137.56685049311218 -5.178151777064144),Allison Nelson Thompson,311683/166627/5103349,10745035107108,apotik-makmur-berkah-nusantara-sejahtera-bersama,625
Medic Makmur Tubuh Bumi Jaya Sejahtera,Jl. Ikan Sejahtera Komplek 79 Kota/Kabupaten BERAU Provinsi KALIMANTAN TIMUR,POINT(117.42907120458324 1.951364802468296),Matt Lewis White,230197/1828310/982193,247108110010410,medic-makmur-tubuh-bumi-jaya-sejahtera,567
Tubuh Jaya Toko Bintang Medika Apotek,Jl. Gedung Cepat Komplek 100 Kota/Kabupaten WAKATOBI Provinsi SULAWESI TENGGARA,POINT(123.58958291708528 -5.279149941095379),David Roberts Jackson,691830/109662/1092237,15581067013810,tubuh-jaya-toko-bintang-medika-apotek,11
Amanah Sehat Badan Murni Bersama Medik,Jl. Kuda Kecil Wilayah 30 Kota/Kabupaten TOLIKARA Provinsi PAPUA,POINT(138.55385883622884 -3.684117476193957),Alex Smith Robinson,113410/225622/773853,548708128130,amanah-sehat-badan-murni-bersama-medik,858
Cemerlang Sentorsa Apotik Jaya Apotik Pharma,Jl. Kucing Indah Blok 40 Kota/Kabupaten WAY KANAN Provinsi LAMPUNG,POINT(104.64856633151568 -4.355175042072272),Michael Martinez White,998516/2004310/277703,2710428921019,cemerlang-sentorsa-apotik-jaya-apotik-pharma,530
Apotik Kimia Toko Medic Pharm Farma,Jl. Gedung Pintar Blok 38 Kota/Kabupaten WAY KANAN Provinsi LAMPUNG,POINT(104.39991090749416 -4.443383953736626),Alex Anderson Anderson,5108019/2210598/578832,8320100171680,apotik-kimia-toko-medic-pharm-farma,70
Surya Bahagia Apotik Surya Pharma Sejahtera,Jl. Ikan Pintar Blok 18 Kota/Kabupaten MAHAKAM ULU Provinsi KALIMANTAN TIMUR,POINT(115.25181940391364 0.5576046410944464),Rachel Johnson White,9401016/308562/4101043,884110726886,surya-bahagia-apotik-surya-pharma-sejahtera,103
Toko Bahagia Tubuh Murni Pharm Medika,Jl. Rambutan Cermat Wilayah 60 Kota/Kabupaten KUTAI KARTANEGARA Provinsi KALIMANTAN TIMUR,POINT(116.1397966766704 0.3359193675963841),Jessica White White,715631/10012105/1931011,194321822750,toko-bahagia-tubuh-murni-pharm-medika,982
Surya Apotik Nusantara Surya Farma Bersama,Jl. Anjing Jenius Wilayah 31 Kota/Kabupaten BANGGAI Provinsi SULAWESI TENGAH,POINT(122.79450044115389 -0.9360091796287956),Emily Parker Wilson,312304/1062746/533581,980741728736,surya-apotik-nusantara-surya-farma-bersama,468
Surya Badan Jaya Tubuh Sehat Bersama,Jl. Kota Cepat Wilayah 43 Kota/Kabupaten LUWU TIMUR Provinsi SULAWESI SELATAN,POINT(120.70634335347953 -2.6289895449268617),Lauren Anderson Smith,616792/4102514/718352,3910751803400,surya-badan-jaya-tubuh-sehat-bersama,218
Nusantara Tubuh Murni Jaya Sehat Farma,Jl. Kota Jenius Komplek 4 Kota/Kabupaten MAMBERAMO RAYA Provinsi PAPUA,POINT(138.0774389240617 -2.314613111113696),John Adams Anderson,120804/742202/3462010,431642809014,nusantara-tubuh-murni-jaya-sehat-farma,267
Murni Sentorsa Sehat Mutiara Medik Pharm,Jl. Mangga Kecil Blok 34 Kota/Kabupaten MERAUKE Provinsi PAPUA,POINT(138.5783802356181 -7.706074462783688),Megan Parker Martinez,144058/902272/1031138,56810010311105,murni-sentorsa-sehat-mutiara-medik-pharm,408
Toko Murni Bahagia Medic Farma Jaya,Jl. Kota Kecil Cluster 26 Kota/Kabupaten BOVEN DIGOEL Provinsi PAPUA,POINT(140.37525484448545 -6.131343486075012),Mark Parker Johnson,211666/2122110/442364,3169078108071,toko-murni-bahagia-medic-farma-jaya,535
Cemerlang Mawar Prima Resep Sejahtera Apotik,Jl. Sirih Jenius Wilayah 81 Kota/Kabupaten SERUYAN Provinsi KALIMANTAN TENGAH,POINT(112.24260882489136 -1.979967082687756),Allison Johnson Wilson,739173/1092178/131731,91000110842355,cemerlang-mawar-prima-resep-sejahtera-apotik,565
Obat Bumi Harmoni Sentorsa Medika Pharma,Jl. Kota Indah Cluster 58 Kota/Kabupaten KEPULAUAN MENTAWAI Provinsi SUMATERA BARAT,POINT(99.56480985114932 -2.203625983646777),Lauren Taylor Taylor,101011088/212686/793422,330656461805,obat-bumi-harmoni-sentorsa-medika-pharma,229
Tubuh Mutiara Nusantara Bahagia Apotik Sejahtera,Jl. Sirih Sejahtera Komplek 80 Kota/Kabupaten TUBAN Provinsi JAWA TIMUR,POINT(111.90487918866975 -6.79315289994136),Jason Parker Garcia,437157/812623/573025,5441107880984,tubuh-mutiara-nusantara-bahagia-apotik-sejahtera,382
Surya Nusantara Obat Harmoni Sehat Medik,Jl. Apel Tinggi Komplek 99 Kota/Kabupaten KAPUAS HULU Provinsi KALIMANTAN BARAT,POINT(113.840103852035 0.8720791031241948),David Williams White,121169/805542/776343,7260515587210,surya-nusantara-obat-harmoni-sehat-medik,398
Prima Makmur Tubuh Bakti Sejahtera Pharma,Jl. Kucing Cepat Daerah 40 Kota/Kabupaten HALMAHERA TIMUR Provinsi MALUKU UTARA,POINT(128.47127756488766 1.3064642703663534),John Taylor Taylor,107101010/221099/2910353,8560104165768,prima-makmur-tubuh-bakti-sejahtera-pharma,290
Prima Medical Mutiara Amanah Sejahtera Bersama,Jl. Gajah Cepat Cluster 62 Kota/Kabupaten SANGGAU Provinsi KALIMANTAN BARAT,POINT(110.54328510189632 -0.0324772472775691),Michael Roberts Harris,9109109/695312/5434104,3841280104018,prima-medical-mutiara-amanah-sejahtera-bersama,72
Sentorsa Apotik Nusantara Surya Medik Sejahtera,Jl. Duku Sejahtera Wilayah 61 Kota/Kabupaten MAHAKAM ULU Provinsi KALIMANTAN TIMUR,POINT(113.98690694285852 0.8365198080995704),Alex Thomas Jones,10756101/828855/570357,521081810109016,sentorsa-apotik-nusantara-surya-medik-sejahtera,895
Badan Kimia Murni Jaya Pharma Bersama,Jl. Gedung Besar Blok 23 Kota/Kabupaten LUMAJANG Provinsi JAWA TIMUR,POINT(113.20061422648718 -8.184225377224188),Steve Thomas Garcia,862317/1117102/4683103,195441958809,badan-kimia-murni-jaya-pharma-bersama,469
Sejahtera Prima Murni Bintang Medika Sejahtera,Jl. Kucing Kecil Blok 29 Kota/Kabupaten CIAMIS Provinsi JAWA BARAT,POINT(108.37737584080962 -7.357262834124276),Lauren Smith Johnson,313773/426772/918231,4010780191074,sejahtera-prima-murni-bintang-medika-sejahtera,209
Obat Medic Sehat Mawar Sehat Medika,Jl. Ikan Kecil Wilayah 89 Kota/Kabupaten MERANGIN Provinsi JAMBI,POINT(101.91257667967146 -2.6821469905929547),Alex Jackson Taylor,421889/806288/3102289,819035464801,obat-medic-sehat-mawar-sehat-medika,598
Bumi Bahagia Mawar Cemerlang Apotek Jaya,Jl. Kebun Cermat Blok 84 Kota/Kabupaten SERAM BAGIAN TIMUR Provinsi MALUKU,POINT(130.37805625062543 -3.2856632944363726),Jason Lewis Anderson,141495/202872/3310303,120286822962,bumi-bahagia-mawar-cemerlang-apotek-jaya,519
Amanah Mawar Kimia Tubuh Sehat Pharm,Jl. Apel Besar Komplek 73 Kota/Kabupaten BATANGHARI Provinsi JAMBI,POINT(103.28256899720706 -1.6566313329053148),Mark Nelson Moore,611751/202434/987320,693804980801,amanah-mawar-kimia-tubuh-sehat-pharm,52
Mutiara Terang Apotik Jaya Farma Jaya,Jl. Pisang Jenius Cluster 55 Kota/Kabupaten LOMBOK UTARA Provinsi NUSA TENGGARA BARAT,POINT(116.2468661700664 -8.327532562924002),Tom Smith Martin,426571/697852/720300,440259088919,mutiara-terang-apotik-jaya-farma-jaya,249
Kimia Sejahtera Jaya Bintang Farma Pharm,Jl. Anjing Cerah Daerah 10 Kota/Kabupaten TAPANULI UTARA Provinsi SUMATERA UTARA,POINT(99.03178284492492 2.0067615234591205),Lauren Brown Jones,196854/248328/3931055,10807110917873,kimia-sejahtera-jaya-bintang-farma-pharm,216
Sentorsa Lestari Cemerlang Sejahtera Apotik Apotek,Jl. Pisang Kecil Cluster 9 Kota/Kabupaten LANDAK Provinsi KALIMANTAN BARAT,POINT(109.93960399274468 0.2483649976657851),Ashley Smith Jackson,737051/703928/1318103,1099850191093,sentorsa-lestari-cemerlang-sejahtera-apotik-apotek,474
Kimia Nusantara Indah Sejahtera Apotek Jaya,Jl. Duku Kecil Daerah 40 Kota/Kabupaten PULAU TALIABU Provinsi MALUKU UTARA,POINT(124.9987035965505 -1.7444743837957155),Jessica Taylor White,510111/231372/433205,962948481800,kimia-nusantara-indah-sejahtera-apotek-jaya,245
Obat Surya Prima Sehat Sejahtera Jaya,Jl. Ikan Kecil Komplek 61 Kota/Kabupaten KEPULAUAN YAPEN Provinsi PAPUA,POINT(136.68810931016446 -1.818515653504264),Tom Williams Wilson,3410182/620355/732064,63105110807401,obat-surya-prima-sehat-sejahtera-jaya,141
Kimia Surya Jaya Nusantara Farma Pharma,Jl. Apel Pendek Cluster 79 Kota/Kabupaten ROKAN HULU Provinsi RIAU,POINT(100.32226224162184 0.7196384586216684),Brittany Jackson Davis,1110600/553227/1043680,588178820191,kimia-surya-jaya-nusantara-farma-pharma,262
Lestari Surya Bahagia Sejahtera Sejahtera Sehat,Jl. Sirih Sejahtera Daerah 19 Kota/Kabupaten KOLAKA TIMUR Provinsi SULAWESI TENGGARA,POINT(121.55038580393018 -3.738763116695507),Sarah Williams Wilson,943661/920203/373084,2106790500841,lestari-surya-bahagia-sejahtera-sejahtera-sehat,792
Medical Bahagia Sehat Nusantara Medik Bersama,Jl. Sirih Pendek Daerah 46 Kota/Kabupaten DOMPU Provinsi NUSA TENGGARA BARAT,POINT(118.32460187231608 -8.609921148882982),Brittany Williams Davis,836195/416283/532843,3800100514162,medical-bahagia-sehat-nusantara-medik-bersama,3
Indah Surya Makmur Badan Apotik Pharma,Jl. Gedung Tinggi Daerah 63 Kota/Kabupaten LABUHANBATU SELATAN Provinsi SUMATERA UTARA,POINT(100.16352662856632 1.889470646415333),Steve Lewis Jones,881852/742802/237608,649501077708,indah-surya-makmur-badan-apotik-pharma,377
Farmasi Medic Bumi Bakti Bersama Pharma,Jl. Balai Cermat Blok 32 Kota/Kabupaten SANGGAU Provinsi KALIMANTAN BARAT,POINT(110.01365447468972 -0.1434526111888896),Michael Jackson Williams,515098/828628/4023101,10639100105841,farmasi-medic-bumi-bakti-bersama-pharma,227
Jaya Sejahtera Amanah Mawar Sehat Apotek,Jl. Sawah Sejahtera Blok 47 Kota/Kabupaten MUARA ENIM Provinsi SUMATERA SELATAN,POINT(103.71630347127734 -3.986637037265133),Sarah Johnson Martin,1010253/544742/6410030,488501851138,jaya-sejahtera-amanah-mawar-sehat-apotek,214
Terang Indah Apotik Medic Farma Bersama,Jl. Tembok Cepat Blok 59 Kota/Kabupaten MUARA ENIM Provinsi SUMATERA SELATAN,POINT(104.02850753288584 -3.3778896477139284),Jessica Carter Miller,1021140/7100247/963231,8880410412100,terang-indah-apotik-medic-farma-bersama,100
Obat Medical Surya Bintang Jaya Farma,Jl. Balai Kecil Blok 76 Kota/Kabupaten KOLAKA TIMUR Provinsi SULAWESI TENGGARA,POINT(121.88213872426118 -4.374376758542943),Jason Martinez Martinez,1008156/8651025/355235,820626318008,obat-medical-surya-bintang-jaya-farma,604
Tenaga Nusantara Obat Mutiara Pharm Bersama,Jl. Balai Cermat Daerah 57 Kota/Kabupaten BANGGAI Provinsi SULAWESI TENGAH,POINT(122.09365549573916 -1.5408322159495036),Ashley Anderson Moore,1351101/855256/10327710,983838016182,tenaga-nusantara-obat-mutiara-pharm-bersama,913
Badan Tubuh Nusantara Farmasi Apotek Sejahtera,Jl. Gedung Kecil Daerah 3 Kota/Kabupaten LAMPUNG TENGAH Provinsi LAMPUNG,POINT(104.94095006608416 -4.574720070732921),Tom Hill Garcia,239156/4243410/534606,103280630003,badan-tubuh-nusantara-farmasi-apotek-sejahtera,21
Prima Bintang Bumi Jaya Medika Sehat,Jl. Tembok Kecil Daerah 81 Kota/Kabupaten MESUJI Provinsi LAMPUNG,POINT(105.70144066798242 -4.172236431513468),Alex Thomas Smith,193040/9104226/33104106,10088911100010,prima-bintang-bumi-jaya-medika-sehat,67
Surya Prima Bahagia Medical Pharma Pharm,Jl. Gunung Kecil Blok 76 Kota/Kabupaten LOMBOK TENGAH Provinsi NUSA TENGGARA BARAT,POINT(116.27405172292228 -8.860616706050992),Mark Roberts Davis,118168/276573/3131011,590600788104,surya-prima-bahagia-medical-pharma-pharm,930
Tenaga Lestari Surya Terang Sehat Sejahtera,Jl. Rambutan Cerah Blok 95 Kota/Kabupaten LEBAK Provinsi BANTEN,POINT(106.025841401657 -6.716168849887099),David Lewis Jones,570113/2866110/243101,3895102102428,tenaga-lestari-surya-terang-sehat-sejahtera,817
Surya Cemerlang Mawar Sehat Apotik Sejahtera,Jl. Duku Kecil Cluster 6 Kota/Kabupaten SINTANG Provinsi KALIMANTAN BARAT,POINT(113.23833690008551 0.106347538601252),Sarah Carter Martinez,121772/328272/2104293,80361019111103,surya-cemerlang-mawar-sehat-apotik-sejahtera,382
Makmur Jaya Surya Bahagia Pharm Farma,Jl. Apel Sejahtera Blok 44 Kota/Kabupaten LUWU TIMUR Provinsi SULAWESI SELATAN,POINT(121.608335640851 -2.6277045953298845),Megan Smith Taylor,189171/292716/832309,801769013254,makmur-jaya-surya-bahagia-pharm-farma,631
Jaya Prima Bumi Resep Apotik Pharma,Jl. Durian Tinggi Daerah 93 Kota/Kabupaten PEGUNUNGAN BINTANG Provinsi PAPUA,POINT(140.11409534181502 -4.054042580516895),Alex Jackson Smith,1054771/829028/3951095,4971008931375,jaya-prima-bumi-resep-apotik-pharma,338
Resep Mawar Indah Tenaga Sejahtera Bersama,Jl. Kota Indah Komplek 2 Kota/Kabupaten SINTANG Provinsi KALIMANTAN BARAT,POINT(113.15359651699602 0.0599162518250722),John Roberts Thomas,2110563/320976/223824,901446919080,resep-mawar-indah-tenaga-sejahtera-bersama,320
Sehat Kimia Berkah Terang Pharm Medika,Jl. Kota Cerah Cluster 42 Kota/Kabupaten ROKAN HILIR Provinsi RIAU,POINT(100.86120486640507 1.6626787005951655),Jason Brown White,1010871/622245/827736,8999760091010,sehat-kimia-berkah-terang-pharm-medika,212
Tenaga Mawar Jaya Bintang Pharma Sejahtera,Jl. Sirih Cermat Blok 46 Kota/Kabupaten SAMBAS Provinsi KALIMANTAN BARAT,POINT(109.36823684255664 1.7627046116875604),Jessica Parker Jackson,609511/262851/722638,610805830849,tenaga-mawar-jaya-bintang-pharma-sejahtera,376
Jaya Medic Prima Indah Sehat Medik,Jl. Anjing Sari Daerah 61 Kota/Kabupaten KAIMANA Provinsi PAPUA BARAT,POINT(133.30591529006628 -3.8863681949272815),Michael Nelson Brown,491875/232927/71071003,4103558121003,jaya-medic-prima-indah-sehat-medik,408
Cemerlang Obat Farmasi Jaya Jaya Sehat,Jl. Apel Cerdas Daerah 89 Kota/Kabupaten SANGGAU Provinsi KALIMANTAN BARAT,POINT(110.38314799939072 -0.0386107774968298),David Taylor Garcia,921440/202989/6643710,120596874289,cemerlang-obat-farmasi-jaya-jaya-sehat,385
Bahagia Tenaga Sejahtera Cemerlang Jaya Sejahtera,Jl. Apel Sari Daerah 21 Kota/Kabupaten KEPAHIANG Provinsi BENGKULU,POINT(102.71448213420308 -3.6476775914975423),Brittany Johnson Garcia,391133/7729100/1338104,813319600588,bahagia-tenaga-sejahtera-cemerlang-jaya-sejahtera,34
Farmasi Kimia Jaya Indah Pharm Apotek,Jl. Jeruk Pintar Wilayah 80 Kota/Kabupaten BANGKA Provinsi KEPULAUAN BANGKA BELITUNG,POINT(105.93599026290693 -1.704946145745195),Steve Thomas Jones,133216/2421035/3603010,824668351903,farmasi-kimia-jaya-indah-pharm-apotek,553
Nusantara Bahagia Mawar Terang Sejahtera Farma,Jl. Tembok Cepat Cluster 9 Kota/Kabupaten KUTAI BARAT Provinsi KALIMANTAN TIMUR,POINT(115.382320570236 -0.0928084202317798),Steve Parker Thompson,1615110/765124/2208310,48110127801108,nusantara-bahagia-mawar-terang-sejahtera-farma,238
Sehat Toko Mutiara Terang Medika Sejahtera,Jl. Apel Tinggi Komplek 92 Kota/Kabupaten SOLOK SELATAN Provinsi SUMATERA BARAT,POINT(101.38244527976462 -1.6553668130155454),Sarah Lewis Garcia,183290/1109236/133044,5185510495006,sehat-toko-mutiara-terang-medika-sejahtera,239
Nusantara Apotik Medic Badan Medik Sejahtera,Jl. Apel Pintar Cluster 15 Kota/Kabupaten MINAHASA UTARA Provinsi SULAWESI UTARA,POINT(125.0215430310744 1.440076089922094),Chris Williams Thomas,31010106/928037/91033810,8269078315010,nusantara-apotik-medic-badan-medik-sejahtera,471
Mawar Toko Lestari Mutiara Sehat Jaya,Jl. Gajah Pendek Wilayah 49 Kota/Kabupaten MURUNG RAYA Provinsi KALIMANTAN TENGAH,POINT(114.60601304308813 -0.0673476182762016),Brittany Lewis Johnson,169273/1017237/3208106,637064378810,mawar-toko-lestari-mutiara-sehat-jaya,193
Medical Berkah Surya Apotik Farma Pharma,Jl. Balai Sejahtera Wilayah 26 Kota/Kabupaten MAPPI Provinsi PAPUA,POINT(139.62299389968072 -5.819444310335289),Megan Carter Harris,7103122/754472/334851,9498101018170,medical-berkah-surya-apotik-farma-pharma,944
Obat Kimia Lestari Harmoni Pharma Farma,Jl. Balai Kecil Wilayah 25 Kota/Kabupaten ACEH TENGAH Provinsi ACEH,POINT(96.41325315355272 4.785529131052401),Sarah Johnson Harris,661560/2021005/4773910,1190681012027,obat-kimia-lestari-harmoni-pharma-farma,633
Sehat Mawar Sejahtera Murni Apotek Farma,Jl. Balai Cermat Daerah 92 Kota/Kabupaten GORONTALO UTARA Provinsi GORONTALO,POINT(122.9232615400012 0.7700024675420707),Ashley Nelson Martinez,1348108/619112/1076253,8809983401081,sehat-mawar-sejahtera-murni-apotek-farma,207
Bakti Prima Berkah Tenaga Apotek Jaya,Jl. Jeruk Cerdas Cluster 19 Kota/Kabupaten PEGUNUNGAN BINTANG Provinsi PAPUA,POINT(140.7020527933612 -4.069690315826511),Jessica Lewis Taylor,4813010/589321/5884310,217870190699,bakti-prima-berkah-tenaga-apotek-jaya,174
Bakti Amanah Sentorsa Murni Sehat Bersama,Jl. Kota Jenius Blok 49 Kota/Kabupaten BOVEN DIGOEL Provinsi PAPUA,POINT(140.96013881193323 -5.5347531214250605),Megan Thomas Taylor,551021/613402/3710310,21010706388618,bakti-amanah-sentorsa-murni-sehat-bersama,159
Terang Medical Makmur Surya Apotek Sehat,Jl. Kucing Jenius Blok 98 Kota/Kabupaten KUTAI TIMUR Provinsi KALIMANTAN TIMUR,POINT(116.66522519021396 1.0659956776325323),Chris Carter Taylor,703117/426365/789533,7186217106508,terang-medical-makmur-surya-apotek-sehat,90
Indah Surya Apotik Harmoni Jaya Apotik,Jl. Kuda Pendek Wilayah 19 Kota/Kabupaten SERUYAN Provinsi KALIMANTAN TENGAH,POINT(112.5604760266724 -3.3583166471609145),Jessica Williams Johnson,8711051/999029/783036,63080455101041,indah-surya-apotik-harmoni-jaya-apotik,2
Mawar Surya Apotik Kimia Apotik Pharm,Jl. Kucing Cepat Cluster 36 Kota/Kabupaten INDRAGIRI HULU Provinsi RIAU,POINT(102.19432419643084 -0.744877926790716),Steve Lewis Johnson,7411011/550227/636985,899824151001,mawar-surya-apotik-kimia-apotik-pharm,446
Jaya Prima Bakti Mawar Bersama Medik,Jl. Mangga Jenius Blok 93 Kota/Kabupaten JEMBER Provinsi JAWA TIMUR,POINT(113.48239635350303 -8.32538501227815),Sarah Harris Johnson,341170/123700/704328,544550179098,jaya-prima-bakti-mawar-bersama-medik,154
Terang Resep Obat Medical Sejahtera Sejahtera,Jl. Mangga Indah Komplek 10 Kota/Kabupaten BOGOR Provinsi JAWA BARAT,POINT(106.73141176148393 -6.60286239706141),Sarah Martinez Thomas,101051/2662810/9310061,500832644651,terang-resep-obat-medical-sejahtera-sejahtera,27
Sehat Bahagia Surya Bumi Medik Sejahtera,Jl. Anjing Cepat Wilayah 89 Kota/Kabupaten OGAN KOMERING ULU Provinsi SUMATERA SELATAN,POINT(104.4829202889458 -3.791469285496553),Lauren Adams Johnson,8781101/2610153/621396,98012107104070,sehat-bahagia-surya-bumi-medik-sejahtera,810
Sejahtera Nusantara Medic Toko Pharm Farma,Jl. Apel Tinggi Cluster 14 Kota/Kabupaten HALMAHERA SELATAN Provinsi MALUKU UTARA,POINT(127.72480708032217 -0.105527377171386),Alex Carter Robinson,717396/7106312/363772,14965021010584,sejahtera-nusantara-medic-toko-pharm-farma,407
Nusantara Jaya Kimia Medical Apotek Pharma,Jl. Pisang Cermat Cluster 87 Kota/Kabupaten MOROWALI UTARA Provinsi SULAWESI TENGAH,POINT(121.33343330393804 -2.173707970431753),Alex Thomas Johnson,11055100/956102/5610363,2712784039104,nusantara-jaya-kimia-medical-apotek-pharma,567
Apotik Obat Sejahtera Surya Farma Medika,Jl. Ikan Cepat Blok 69 Kota/Kabupaten MAPPI Provinsi PAPUA,POINT(139.51287498666986 -6.155056976888502),Chris Carter Smith,128835/400256/519359,828605764012,apotik-obat-sejahtera-surya-farma-medika,883
Badan Bahagia Lestari Prima Apotik Jaya,Jl. Ikan Sejahtera Blok 56 Kota/Kabupaten SOLOK Provinsi SUMATERA BARAT,POINT(100.82079406657978 -0.8758451527984015),Mark Smith Smith,1051174/2243102/367939,278500812527,badan-bahagia-lestari-prima-apotik-jaya,111
Lestari Bahagia Prima Medical Farma Apotek,Jl. Balai Cerah Cluster 93 Kota/Kabupaten KOLAKA Provinsi SULAWESI TENGGARA,POINT(121.25393760461178 -3.874948724188068),Katie Jones Johnson,1011891/762347/31009410,8927613100680,lestari-bahagia-prima-medical-farma-apotek,966
Berkah Bumi Bahagia Makmur Apotek Apotik,Jl. Gedung Kecil Daerah 28 Kota/Kabupaten BURU Provinsi MALUKU,POINT(126.380556173585 -3.105487531017266),Matt Harris Moore,851548/202556/3331074,385111842003,berkah-bumi-bahagia-makmur-apotek-apotik,385
Surya Prima Murni Kimia Medika Jaya,Jl. Kuda Cerah Blok 69 Kota/Kabupaten ASMAT Provinsi PAPUA,POINT(139.07874834287003 -5.211089585838116),David Williams Miller,99410110/6361052/323541,854111003582,surya-prima-murni-kimia-medika-jaya,385
Sehat Indah Toko Cemerlang Farma Pharma,Jl. Kota Sari Blok 28 Kota/Kabupaten SIMALUNGUN Provinsi SUMATERA UTARA,POINT(98.896328336473 2.796802891462836),Jason Lewis Martinez,417101/123782/523164,8985103031476,sehat-indah-toko-cemerlang-farma-pharma,84
Amanah Farmasi Bintang Murni Apotik Sejahtera,Jl. Duku Jenius Daerah 29 Kota/Kabupaten PASER Provinsi KALIMANTAN TIMUR,POINT(116.24934875476993 -1.320400594129584),Michael Smith Moore,9935110/200124/283527,628022914811,amanah-farmasi-bintang-murni-apotik-sejahtera,794
Badan Lestari Obat Surya Bersama Sehat,Jl. Tembok Cepat Wilayah 10 Kota/Kabupaten KAPUAS Provinsi KALIMANTAN TENGAH,POINT(114.26623895178793 -0.9455146419126396),Chris Smith Brown,2101077/222598/313797,186069318670,badan-lestari-obat-surya-bersama-sehat,929
Apotik Amanah Kimia Bakti Sejahtera Pharm,Jl. Rambutan Pendek Daerah 51 Kota/Kabupaten KEDIRI Provinsi JAWA TIMUR,POINT(112.08804184606956 -7.764844469821356),John Clark Thomas,133196/8525107/10110703,201831081000105,apotik-amanah-kimia-bakti-sejahtera-pharm,156
Obat Farmasi Tenaga Kimia Medik Apotek,Jl. Kucing Kecil Daerah 79 Kota/Kabupaten KAPUAS HULU Provinsi KALIMANTAN BARAT,POINT(112.83384592122717 0.7154105941046431),John Adams Thomas,3152810/812217/94410103,1011952887106,obat-farmasi-tenaga-kimia-medik-apotek,280
Surya Bakti Medical Medic Medik Pharma,Jl. Kebun Indah Komplek 46 Kota/Kabupaten MERAUKE Provinsi PAPUA,POINT(138.73577458516908 -7.494372750142197),David Williams White,7428110/4141022/1082133,4408210649918,surya-bakti-medical-medic-medik-pharma,338
Medic Amanah Kimia Jaya Apotik Sejahtera,Jl. Rambutan Tinggi Wilayah 100 Kota/Kabupaten SUMBAWA BARAT Provinsi NUSA TENGGARA BARAT,POINT(117.0831076434698 -8.90497435383326),David Roberts Brown,192170/1095232/4109317,129300791882,medic-amanah-kimia-jaya-apotik-sejahtera,235
Obat Badan Sehat Murni Apotek Pharm,Jl. Durian Kecil Wilayah 31 Kota/Kabupaten WAROPEN Provinsi PAPUA,POINT(136.63284172423926 -2.967939906483789),John Martinez Anderson,291999/552626/763892,5841308191008,obat-badan-sehat-murni-apotek-pharm,929
Bumi Resep Medic Prima Sejahtera Apotek,Jl. Ikan Indah Komplek 10 Kota/Kabupaten KUTAI BARAT Provinsi KALIMANTAN TIMUR,POINT(115.8175607660207 -0.5384018791381955),Matt Clark Robinson,3108310/210917/923196,971748828031,bumi-resep-medic-prima-sejahtera-apotek,351
Surya Harmoni Prima Lestari Farma Pharm,Jl. Durian Cermat Daerah 36 Kota/Kabupaten MUSI RAWAS Provinsi SUMATERA SELATAN,POINT(103.54534204141063 -3.218407782645915),Mark Harris Jackson,316315/9308210/208163,101080805968,surya-harmoni-prima-lestari-farma-pharm,469
Harmoni Murni Tubuh Bahagia Pharma Apotik,Jl. Ikan Cermat Komplek 5 Kota/Kabupaten MERANGIN Provinsi JAMBI,POINT(101.7939908594704 -2.4068349640903417),Matt Parker Garcia,121503/237723/7020103,287265012888,harmoni-murni-tubuh-bahagia-pharma-apotik,57
Bumi Amanah Makmur Badan Jaya Farma,Jl. Kota Indah Cluster 18 Kota/Kabupaten MUSI BANYUASIN Provinsi SUMATERA SELATAN,POINT(103.8421482982926 -2.4690643581787484),Ashley Jones Anderson,1041041/2425102/71031038,8306210158227,bumi-amanah-makmur-badan-jaya-farma,504
Murni Mawar Prima Surya Bersama Apotek,Jl. Sirih Tinggi Cluster 40 Kota/Kabupaten SERUYAN Provinsi KALIMANTAN TENGAH,POINT(112.24599365910608 -2.2957889594184757),Chris Adams Thompson,3181085/438297/1105603,5451010729184,murni-mawar-prima-surya-bersama-apotek,76
Obat Tenaga Bintang Bakti Jaya Apotik,Jl. Durian Indah Wilayah 89 Kota/Kabupaten KONAWE UTARA Provinsi SULAWESI TENGGARA,POINT(121.48438289174597 -3.392752372549235),Emily White Harris,6341101/871263/683890,8101809016785,obat-tenaga-bintang-bakti-jaya-apotik,452
Obat Sejahtera Sentorsa Harmoni Pharm Pharma,Jl. Mangga Cerah Daerah 90 Kota/Kabupaten KETAPANG Provinsi KALIMANTAN BARAT,POINT(110.74758538389136 -1.8482445640902672),Ashley Hill Davis,10110399/519429/63103910,1208061841810,obat-sejahtera-sentorsa-harmoni-pharm-pharma,97
Surya Tubuh Medic Mutiara Medika Pharm,Jl. Pisang Besar Daerah 53 Kota/Kabupaten WONOGIRI Provinsi JAWA TENGAH,POINT(110.88504574176702 -7.847090606990395),Emily Thomas Taylor,1009891/296323/6810030,1004826678121,surya-tubuh-medic-mutiara-medika-pharm,37
Jaya Lestari Terang Apotik Farma Bersama,Jl. Pisang Jenius Komplek 83 Kota/Kabupaten PELALAWAN Provinsi RIAU,POINT(102.62674354163596 0.1539772583561376),Allison Anderson Harris,281184/2100234/7100913,165368201888,jaya-lestari-terang-apotik-farma-bersama,802
Jaya Mutiara Amanah Toko Sehat Medik,Jl. Gajah Cerdas Cluster 59 Kota/Kabupaten KETAPANG Provinsi KALIMANTAN BARAT,POINT(110.47033375859142 -2.580211076012125),Alex Parker Taylor,6810518/5102260/337967,513360417488,jaya-mutiara-amanah-toko-sehat-medik,829
Murni Surya Prima Terang Apotek Bersama,Jl. Gajah Sari Blok 7 Kota/Kabupaten BOLAANG MONGONDOW SELATAN Provinsi SULAWESI UTARA,POINT(123.79767436025868 0.3310700023562258),Michael Anderson Thomas,148107/828289/1090213,702700915840,murni-surya-prima-terang-apotek-bersama,118
Jaya Terang Obat Berkah Sejahtera Medika,Jl. Kucing Sari Daerah 61 Kota/Kabupaten SUKABUMI Provinsi JAWA BARAT,POINT(107.03846634727068 -7.004112560931766),Emily Jones Johnson,912606/862015/190836,239080129786,jaya-terang-obat-berkah-sejahtera-medika,784
Bahagia Prima Bakti Nusantara Sejahtera Medik,Jl. Apel Pintar Blok 32 Kota/Kabupaten LUWU UTARA Provinsi SULAWESI SELATAN,POINT(120.27322760532854 -2.570478322614937),Tom Clark White,5810100/295104/303222,18001030811060,bahagia-prima-bakti-nusantara-sejahtera-medik,556
Kimia Apotik Jaya Obat Pharm Jaya,Jl. Sirih Sejahtera Wilayah 60 Kota/Kabupaten LABUHANBATU UTARA Provinsi SUMATERA UTARA,POINT(99.9361671790431 2.677450828057639),Chris Carter Anderson,314310/2299108/331232,708811114367,kimia-apotik-jaya-obat-pharm-jaya,220
Medical Bumi Amanah Terang Pharma Medik,Jl. Ikan Cerah Wilayah 61 Kota/Kabupaten KUBU RAYA Provinsi KALIMANTAN BARAT,POINT(109.82232871432596 0.0459374633070233),Allison Anderson Jones,911006/222395/333215,5143810409416,medical-bumi-amanah-terang-pharma-medik,442
Lestari Surya Nusantara Bahagia Sehat Medika,Jl. Sawah Sejahtera Blok 31 Kota/Kabupaten TELUK WONDAMA Provinsi PAPUA BARAT,POINT(134.0671397793306 -1.9060938596200567),Alex White Brown,520291/3741023/1019503,62101050889117,lestari-surya-nusantara-bahagia-sehat-medika,924
Prima Badan Indah Bakti Sejahtera Medika,Jl. Balai Cerdas Daerah 18 Kota/Kabupaten MIMIKA Provinsi PAPUA,POINT(137.44806391959528 -5.053610771380075),Katie Nelson White,180673/833928/1034843,8191026158053,prima-badan-indah-bakti-sejahtera-medika,49
Tenaga Terang Obat Bahagia Pharma Pharm,Jl. Sawah Tinggi Komplek 39 Kota/Kabupaten MOROWALI Provinsi SULAWESI TENGAH,POINT(122.3311497837642 -3.1211185187867496),Matt Parker Davis,591806/728630/6710326,6312010660178,tenaga-terang-obat-bahagia-pharma-pharm,44
Lestari Obat Farmasi Bahagia Sejahtera Pharm,Jl. Pisang Pendek Komplek 61 Kota/Kabupaten MAPPI Provinsi PAPUA,POINT(139.63129925886693 -7.367468763290076),Steve Adams Moore,3101068/290733/8321086,95831088195100,lestari-obat-farmasi-bahagia-sejahtera-pharm,33
Kimia Tubuh Murni Badan Sejahtera Pharm,Jl. Gunung Kecil Wilayah 17 Kota/Kabupaten SARMI Provinsi PAPUA,POINT(139.32482400608976 -3.3282537593697024),Brittany Thomas Wilson,545212/236470/91034104,636240638911,kimia-tubuh-murni-badan-sejahtera-pharm,691
Medic Makmur Harmoni Tenaga Farma Bersama,Jl. Kota Pendek Wilayah 84 Kota/Kabupaten GUNUNG MAS Provinsi KALIMANTAN TENGAH,POINT(113.58923018405808 -0.4632597620684962),Lauren Lewis Robinson,253129/10752103/7951053,74610018681050,medic-makmur-harmoni-tenaga-farma-bersama,841
Tubuh Toko Sehat Bakti Apotik Bersama,Jl. Kucing Pendek Wilayah 23 Kota/Kabupaten PELALAWAN Provinsi RIAU,POINT(103.15359247780812 0.5839188154632211),Lauren Jackson Davis,4001081/653324/30031010,3831050604617,tubuh-toko-sehat-bakti-apotik-bersama,960
Kimia Bumi Amanah Berkah Bersama Sehat,Jl. Mangga Cermat Komplek 35 Kota/Kabupaten MURUNG RAYA Provinsi KALIMANTAN TENGAH,POINT(113.57996285869392 0.2501625814490573),John Clark Smith,912143/920232/247233,488047021087,kimia-bumi-amanah-berkah-bersama-sehat,812
Harmoni Berkah Bintang Mutiara Farma Medik,Jl. Balai Pendek Daerah 15 Kota/Kabupaten MANGGARAI TIMUR Provinsi NUSA TENGGARA TIMUR,POINT(120.58445673395036 -8.675218467737935),Rachel Smith Smith,322601/332186/1546103,7071116901084,harmoni-berkah-bintang-mutiara-farma-medik,630
Obat Badan Lestari Bintang Bersama Medik,Jl. Apel Sari Cluster 88 Kota/Kabupaten MOROWALI UTARA Provinsi SULAWESI TENGAH,POINT(121.2048153057386 -1.865913404085248),Megan Harris Taylor,565251/942011/343415,306812016257,obat-badan-lestari-bintang-bersama-medik,469
Bakti Sejahtera Badan Nusantara Farma Medika,Jl. Sawah Kecil Daerah 83 Kota/Kabupaten CIANJUR Provinsi JAWA BARAT,POINT(107.0293538545882 -7.169896638713354),Matt Anderson Moore,1008514/962636/3302102,703698104192,bakti-sejahtera-badan-nusantara-farma-medika,583
Medical Sentorsa Harmoni Toko Pharm Apotik,Jl. Rambutan Pintar Komplek 5 Kota/Kabupaten YALIMO Provinsi PAPUA,POINT(139.38796588599328 -3.9862388956141146),Megan White Brown,716052/299081/311384,8174881000682,medical-sentorsa-harmoni-toko-pharm-apotik,227
Surya Jaya Farmasi Bumi Jaya Pharm,Jl. Mangga Besar Wilayah 67 Kota/Kabupaten PASER Provinsi KALIMANTAN TIMUR,POINT(115.83484349041478 -1.1164983746092307),Allison Brown Jackson,10101190/832595/8631034,1358989026410,surya-jaya-farmasi-bumi-jaya-pharm,872
Jaya Medic Resep Tubuh Apotek Farma,Jl. Mangga Cerah Komplek 40 Kota/Kabupaten MIMIKA Provinsi PAPUA,POINT(135.51401258552178 -4.346682183855893),Jason Thomas Miller,261794/623221/101011031,8101465910275,jaya-medic-resep-tubuh-apotek-farma,179
Berkah Makmur Toko Tenaga Farma Sejahtera,Jl. Kota Cermat Cluster 63 Kota/Kabupaten SAROLANGUN Provinsi JAMBI,POINT(102.26470071066942 -2.397415954847625),Emily Jones Moore,161971/21081028/195375,9710100118192,berkah-makmur-toko-tenaga-farma-sejahtera,980
Prima Kimia Farmasi Mutiara Medika Sejahtera,Jl. Gajah Jenius Wilayah 10 Kota/Kabupaten NDUGA Provinsi PAPUA,POINT(138.25001408596174 -4.533301450379143),Michael Carter Johnson,101373/350288/360840,136012108888,prima-kimia-farmasi-mutiara-medika-sejahtera,722
Toko Medical Obat Apotik Pharma Bersama,Jl. Tembok Cermat Daerah 56 Kota/Kabupaten LAMPUNG BARAT Provinsi LAMPUNG,POINT(104.36266430648708 -4.877443655968468),Allison Lewis Jones,3611061/638662/136133,7082340912410,toko-medical-obat-apotik-pharma-bersama,86
Prima Obat Bumi Prima Sejahtera Medika,Jl. Durian Kecil Blok 69 Kota/Kabupaten MURUNG RAYA Provinsi KALIMANTAN TENGAH,POINT(115.05411758690232 0.3980681278965186),David Parker Miller,321087/1028665/8310566,1238692210950,prima-obat-bumi-prima-sejahtera-medika,19
Kimia Murni Indah Bahagia Apotek Medik,Jl. Sawah Jenius Komplek 90 Kota/Kabupaten MERAUKE Provinsi PAPUA,POINT(140.7039706880705 -8.163536821893922),Katie Brown Robinson,316159/102030/684328,8210041043841,kimia-murni-indah-bahagia-apotek-medik,336
Mutiara Murni Makmur Tubuh Sehat Sejahtera,Jl. Kuda Cerah Cluster 34 Kota/Kabupaten LUWU UTARA Provinsi SULAWESI SELATAN,POINT(120.43970274559254 -2.5133111258364487),Megan Thomas Brown,4881510/225849/990134,8978702154106,mutiara-murni-makmur-tubuh-sehat-sejahtera,554
Jaya Prima Kimia Surya Medika Medik,Jl. Kebun Pintar Wilayah 19 Kota/Kabupaten FAKFAK Provinsi PAPUA BARAT,POINT(132.13831087902554 -2.8726727468415234),Steve Brown Harris,11031077/798812/183783,385110406468,jaya-prima-kimia-surya-medika-medik,190
Sejahtera Sehat Toko Badan Jaya Pharma,Jl. Anjing Pintar Blok 88 Kota/Kabupaten PUNCAK JAYA Provinsi PAPUA,POINT(137.8574233615015 -3.3791493152680943),Michael Smith Martinez,714001/28671010/683615,2108291829094,sejahtera-sehat-toko-badan-jaya-pharma,458
Prima Bakti Murni Cemerlang Sehat Pharma,Jl. Balai Kecil Blok 24 Kota/Kabupaten MALUKU TENGAH Provinsi MALUKU,POINT(129.63133287596278 -2.8307087923638896),Megan Anderson Moore,101063/182879/536596,71106510508114,prima-bakti-murni-cemerlang-sehat-pharma,755
Sejahtera Bakti Murni Toko Farma Apotek,Jl. Duku Kecil Komplek 12 Kota/Kabupaten BARITO SELATAN Provinsi KALIMANTAN TENGAH,POINT(114.9324902785376 -1.7597878466408972),Jason Harris Davis,548951/281056/337596,10155861014430,sejahtera-bakti-murni-toko-farma-apotek,245
Farmasi Kimia Medical Sehat Medika Jaya,Jl. Kuda Cerah Cluster 51 Kota/Kabupaten ACEH TAMIANG Provinsi ACEH,POINT(98.16082074995974 4.386766740064058),Rachel Harris Johnson,7110861/292767/394951,132680996531,farmasi-kimia-medical-sehat-medika-jaya,90
Berkah Sejahtera Mawar Apotik Sejahtera Pharma,Jl. Tembok Besar Blok 66 Kota/Kabupaten KOTAWARINGIN BARAT Provinsi KALIMANTAN TENGAH,POINT(111.4073182643917 -2.4078768059349365),Ashley Anderson Davis,1410516/253829/813773,61069001918105,berkah-sejahtera-mawar-apotik-sejahtera-pharma,108
Sehat Berkah Prima Toko Bersama Farma,Jl. Gajah Sejahtera Komplek 33 Kota/Kabupaten MUARO JAMBI Provinsi JAMBI,POINT(103.75652198552626 -1.5787530081976795),John White Anderson,1092142/5100262/1033631,201705222980,sehat-berkah-prima-toko-bersama-farma,534
Mawar Murni Prima Lestari Bersama Sejahtera,Jl. Duku Cepat Wilayah 7 Kota/Kabupaten YALIMO Provinsi PAPUA,POINT(139.29708310636877 -3.7381812519363233),Mark Jones Jackson,511022/432134/3510429,181245840069,mawar-murni-prima-lestari-bersama-sejahtera,121
Toko Badan Terang Cemerlang Pharma Bersama,Jl. Rambutan Pintar Komplek 56 Kota/Kabupaten TELUK BINTUNI Provinsi PAPUA BARAT,POINT(133.54899468235743 -1.735216474540351),Katie Harris Robinson,4191110/231670/394325,182068093152,toko-badan-terang-cemerlang-pharma-bersama,479
Medic Jaya Bahagia Bumi Apotek Sejahtera,Jl. Pisang Jenius Blok 23 Kota/Kabupaten PELALAWAN Provinsi RIAU,POINT(101.64307414110596 -0.0490040061875394),David Carter Miller,771849/2210610/3101216,9286105041022,medic-jaya-bahagia-bumi-apotek-sejahtera,41
Farmasi Bintang Tenaga Resep Apotek Sejahtera,Jl. Gajah Jenius Blok 70 Kota/Kabupaten KOLAKA UTARA Provinsi SULAWESI TENGGARA,POINT(121.13679189054736 -3.6748673048277114),John Smith Garcia,841164/2610540/2239410,981038059169,farmasi-bintang-tenaga-resep-apotek-sejahtera,85
Makmur Mutiara Prima Lestari Sehat Medika,Jl. Duku Cerah Cluster 48 Kota/Kabupaten MELAWI Provinsi KALIMANTAN BARAT,POINT(111.50799678668756 -0.632688966264146),Matt Johnson Taylor,680081/11010271/963862,835806701543,makmur-mutiara-prima-lestari-sehat-medika,604
Bumi Tenaga Indah Sejahtera Sehat Farma,Jl. Duku Indah Komplek 31 Kota/Kabupaten MOROWALI UTARA Provinsi SULAWESI TENGAH,POINT(121.49268390564797 -1.4455631672032023),Brittany Hill Miller,293211/2394710/823408,9920611015798,bumi-tenaga-indah-sejahtera-sehat-farma,625
Prima Bumi Tubuh Murni Sejahtera Apotik,Jl. Gunung Pintar Komplek 45 Kota/Kabupaten KAYONG UTARA Provinsi KALIMANTAN BARAT,POINT(108.89280016676744 -1.5587366753031198),Lauren Parker Harris,7951011/292050/133006,164053585222,prima-bumi-tubuh-murni-sejahtera-apotik,167
Lestari Farmasi Badan Surya Apotek Medik,Jl. Kebun Besar Blok 49 Kota/Kabupaten ACEH BARAT Provinsi ACEH,POINT(95.97963141077054 4.49820334846158),Michael Smith Jones,961855/944320/1037693,91010638029110,lestari-farmasi-badan-surya-apotek-medik,629
Sentorsa Murni Nusantara Tenaga Jaya Pharma,Jl. Ikan Cepat Cluster 49 Kota/Kabupaten TAPANULI SELATAN Provinsi SUMATERA UTARA,POINT(99.5289389255655 1.7774688695291072),Tom Clark Moore,6122110/611322/343306,1810945041680,sentorsa-murni-nusantara-tenaga-jaya-pharma,55
Bumi Lestari Mutiara Medical Sehat Apotik,Jl. Duku Kecil Komplek 87 Kota/Kabupaten MALUKU TENGGARA BARAT Provinsi MALUKU,POINT(131.2730546868662 -7.460317227021616),Jason Brown Thompson,773141/966251/8310360,899691310107,bumi-lestari-mutiara-medical-sehat-apotik,169
Obat Bintang Indah Tenaga Farma Apotik,Jl. Mangga Cerdas Blok 95 Kota/Kabupaten BELITUNG Provinsi KEPULAUAN BANGKA BELITUNG,POINT(107.65263035669813 -2.728483874925168),Alex Harris Thompson,61071107/31057102/8510234,331866830915,obat-bintang-indah-tenaga-farma-apotik,957
Nusantara Surya Harmoni Medical Sejahtera Medika,Jl. Kucing Cerdas Wilayah 1 Kota/Kabupaten KATINGAN Provinsi KALIMANTAN TENGAH,POINT(112.51721102889314 -0.7005125498227329),John Roberts Anderson,10613910/332214/384305,108171162515,nusantara-surya-harmoni-medical-sejahtera-medika,89
Apotik Prima Harmoni Nusantara Farma Sejahtera,Jl. Durian Besar Komplek 19 Kota/Kabupaten MESUJI Provinsi LAMPUNG,POINT(105.47360996208612 -4.060822255101779),Brittany Brown Taylor,681784/799029/310234,243970248412,apotik-prima-harmoni-nusantara-farma-sejahtera,26
Medic Apotik Surya Prima Jaya Medik,Jl. Pisang Sari Wilayah 54 Kota/Kabupaten KATINGAN Provinsi KALIMANTAN TENGAH,POINT(113.49191332284472 -2.6402565413300554),David White Thompson,6984101/785192/573439,587106947083,medic-apotik-surya-prima-jaya-medik,671
Tenaga Sentorsa Badan Jaya Apotek Medika,Jl. Jeruk Cerah Cluster 10 Kota/Kabupaten BULUNGAN Provinsi KALIMANTAN UTARA,POINT(116.906944211589 2.905573417541653),Katie Roberts Brown,421776/9823101/3331070,830674850271,tenaga-sentorsa-badan-jaya-apotek-medika,77
Tenaga Medic Berkah Bumi Sejahtera Pharm,Jl. Sawah Indah Blok 39 Kota/Kabupaten MAPPI Provinsi PAPUA,POINT(139.0812497491494 -7.063297826689936),Lauren Brown Taylor,19310108/592230/2743210,10100081177405,tenaga-medic-berkah-bumi-sejahtera-pharm,4
Medical Jaya Terang Badan Pharma Apotik,Jl. Apel Cepat Cluster 74 Kota/Kabupaten BANYUWANGI Provinsi JAWA TIMUR,POINT(114.43023631025343 -8.644286591661693),Jason Carter Robinson,1610214/703233/963423,8611030069798,medical-jaya-terang-badan-pharma-apotik,26
Nusantara Prima Jaya Terang Medika Apotik,Jl. Gunung Sejahtera Wilayah 80 Kota/Kabupaten INDRAMAYU Provinsi JAWA BARAT,POINT(107.91991881761471 -6.598294292831241),John Smith Smith,221118/182730/323023,805911076867,nusantara-prima-jaya-terang-medika-apotik,535
Prima Amanah Jaya Medical Pharma Medik,Jl. Gajah Indah Daerah 13 Kota/Kabupaten KUTAI BARAT Provinsi KALIMANTAN TIMUR,POINT(115.98672945666344 -0.9887099644207992),Mark Thomas Williams,1001583/782277/5672310,501918674813,prima-amanah-jaya-medical-pharma-medik,162
Berkah Prima Resep Mawar Apotek Sehat,Jl. Mangga Indah Daerah 74 Kota/Kabupaten MAMUJU TENGAH Provinsi SULAWESI BARAT,POINT(119.59014602065992 -2.0263489718894885),Jessica Taylor Martinez,1104835/654432/34102107,508610238122,berkah-prima-resep-mawar-apotek-sehat,383
Surya Terang Kimia Makmur Medika Sejahtera,Jl. Kebun Sejahtera Komplek 19 Kota/Kabupaten SINTANG Provinsi KALIMANTAN BARAT,POINT(113.00080919339894 -0.0590190550705038),Megan Harris Moore,5311104/911240/924317,120078374001,surya-terang-kimia-makmur-medika-sejahtera,427
Murni Nusantara Harmoni Bumi Sejahtera Bersama,Jl. Sawah Cepat Wilayah 89 Kota/Kabupaten TELUK BINTUNI Provinsi PAPUA BARAT,POINT(133.97924590414374 -2.6062741324751),Matt Clark Miller,101249/21085210/514310,118574784620,murni-nusantara-harmoni-bumi-sejahtera-bersama,98
Kimia Mutiara Makmur Nusantara Sejahtera Medika,Jl. Rambutan Cermat Komplek 71 Kota/Kabupaten MAMUJU UTARA Provinsi SULAWESI BARAT,POINT(119.37177820328012 -1.1950776656245647),Alex Jackson Thomas,501176/820672/662335,517363185500,kimia-mutiara-makmur-nusantara-sejahtera-medika,375
Apotik Tenaga Jaya Nusantara Apotik Pharma,Jl. Kuda Tinggi Daerah 79 Kota/Kabupaten GORONTALO Provinsi GORONTALO,POINT(122.81026937350735 0.5266419951772736),Chris Harris Anderson,1510773/266189/531269,520101040710108,apotik-tenaga-jaya-nusantara-apotik-pharma,960
Farmasi Tubuh Jaya Cemerlang Sejahtera Farma,Jl. Kebun Besar Wilayah 41 Kota/Kabupaten OGAN KOMERING ULU SELATAN Provinsi SUMATERA SELATAN,POINT(103.78076782509274 -4.677662016767193),Brittany Hill Garcia,3810181/2109429/135933,7101048614841,farmasi-tubuh-jaya-cemerlang-sejahtera-farma,41
Apotik Bakti Medical Indah Bersama Medik,Jl. Anjing Cermat Daerah 71 Kota/Kabupaten BERAU Provinsi KALIMANTAN TIMUR,POINT(116.98232166451146 1.6609740290171722),Megan Clark Smith,8812106/894227/1037403,287371887002,apotik-bakti-medical-indah-bersama-medik,531
Indah Tubuh Cemerlang Badan Apotik Bersama,Jl. Mangga Kecil Komplek 11 Kota/Kabupaten KOLAKA Provinsi SULAWESI TENGGARA,POINT(121.59525511129632 -4.210319783643454),Alex Harris Anderson,120051/8821310/983686,117381400032,indah-tubuh-cemerlang-badan-apotik-bersama,603
Bumi Harmoni Badan Toko Sejahtera Farma,Jl. Gedung Indah Komplek 42 Kota/Kabupaten MUSI RAWAS Provinsi SUMATERA SELATAN,POINT(103.18339034309764 -2.9650444611068867),David Johnson Smith,571358/177072/3051022,861304088961,bumi-harmoni-badan-toko-sejahtera-farma,520
Prima Bahagia Sentorsa Badan Sehat Bersama,Jl. Kota Besar Blok 41 Kota/Kabupaten BULUNGAN Provinsi KALIMANTAN UTARA,POINT(116.5029347225749 2.476005869258225),Emily Carter Moore,121998/834682/478633,5685012086610,prima-bahagia-sentorsa-badan-sehat-bersama,810
Medical Bintang Amanah Terang Farma Jaya,Jl. Kebun Besar Blok 50 Kota/Kabupaten PANGANDARAN Provinsi JAWA BARAT,POINT(108.450376447797 -7.609253057293802),Lauren Anderson Martinez,914356/9444210/530295,10148078043105,medical-bintang-amanah-terang-farma-jaya,35
Bintang Terang Sejahtera Prima Sejahtera Pharma,Jl. Balai Sari Wilayah 46 Kota/Kabupaten BANJAR Provinsi KALIMANTAN SELATAN,POINT(115.09197277483985 -3.240554356568176),Jason Clark Martinez,1091010/725750/9931038,2381410417085,bintang-terang-sejahtera-prima-sejahtera-pharma,671
Mutiara Sejahtera Prima Amanah Medik Apotek,Jl. Jeruk Cerah Komplek 83 Kota/Kabupaten MAHAKAM ULU Provinsi KALIMANTAN TIMUR,POINT(115.43681790718384 0.2115008671352196),David Thomas Davis,41010100/283902/733386,91211010080868,mutiara-sejahtera-prima-amanah-medik-apotek,479
Sejahtera Murni Kimia Farmasi Bersama Medika,Jl. Kuda Kecil Blok 51 Kota/Kabupaten KAPUAS HULU Provinsi KALIMANTAN BARAT,POINT(113.47248885408769 0.9209015325594248),Michael Carter Wilson,1415109/250893/1532510,688593107330,sejahtera-murni-kimia-farmasi-bersama-medika,769
Mutiara Surya Bumi Amanah Pharm Apotek,Jl. Ikan Indah Cluster 41 Kota/Kabupaten LAMPUNG TIMUR Provinsi LAMPUNG,POINT(105.6215924343323 -5.050064317847989),Rachel Hill Taylor,171748/846270/335767,501718282317,mutiara-surya-bumi-amanah-pharm-apotek,532
Indah Kimia Surya Bintang Bersama Apotek,Jl. Balai Indah Blok 12 Kota/Kabupaten MIMIKA Provinsi PAPUA,POINT(137.45152983484502 -4.952076296678099),Steve Thomas Thompson,767181/727245/362495,205014279487,indah-kimia-surya-bintang-bersama-apotek,740
Sejahtera Mutiara Apotik Kimia Apotik Sejahtera,Jl. Sirih Sari Komplek 59 Kota/Kabupaten KOTA BATAM Provinsi KEPULAUAN RIAU,POINT(104.00935268444478 1.151937317322357),Katie Smith Moore,110056/228402/359663,10083750172108,sejahtera-mutiara-apotik-kimia-apotik-sejahtera,334
Surya Resep Bakti Prima Sejahtera Apotik,Jl. Gajah Cerdas Daerah 77 Kota/Kabupaten HALMAHERA SELATAN Provinsi MALUKU UTARA,POINT(127.14576761079016 0.1558780761286211),Michael Nelson Brown,6611060/10791024/380073,1677020108308,surya-resep-bakti-prima-sejahtera-apotik,363
Tubuh Mutiara Sejahtera Cemerlang Apotek Sejahtera,Jl. Gedung Sejahtera Blok 32 Kota/Kabupaten BERAU Provinsi KALIMANTAN TIMUR,POINT(116.344857179848 1.922899993033523),Steve Brown Jones,106489/1087623/239341,1019600728848,tubuh-mutiara-sejahtera-cemerlang-apotek-sejahtera,571
Tenaga Prima Kimia Bahagia Pharma Medika,Jl. Gunung Pintar Cluster 39 Kota/Kabupaten BIREUEN Provinsi ACEH,POINT(96.73020439198636 5.035848914506916),Allison Taylor Wilson,770413/5108125/775753,4401028073101,tenaga-prima-kimia-bahagia-pharma-medika,233
Berkah Jaya Sehat Amanah Medik Sehat,Jl. Sirih Sejahtera Komplek 36 Kota/Kabupaten KATINGAN Provinsi KALIMANTAN TENGAH,POINT(112.89233697989366 -1.5503064020888695),Michael Hill Taylor,146315/684621/825133,1330899683108,berkah-jaya-sehat-amanah-medik-sehat,729
Bahagia Tenaga Bintang Surya Farma Apotek,Jl. Kucing Cerdas Blok 98 Kota/Kabupaten SERUYAN Provinsi KALIMANTAN TENGAH,POINT(112.08235928187553 -1.8281135336663308),Sarah Smith Brown,1710917/1018882/243796,17810121084040,bahagia-tenaga-bintang-surya-farma-apotek,54
Mutiara Amanah Sentorsa Kimia Pharma Medika,Jl. Jeruk Tinggi Komplek 17 Kota/Kabupaten POSO Provinsi SULAWESI TENGAH,POINT(120.204356596357 -1.9909355804812403),Jason Thomas Harris,51041018/462428/3102345,458710662103,mutiara-amanah-sentorsa-kimia-pharma-medika,56
Sejahtera Prima Berkah Cemerlang Medika Medik,Jl. Mangga Jenius Daerah 10 Kota/Kabupaten KAPUAS Provinsi KALIMANTAN TENGAH,POINT(114.42730342403335 -1.6212350168626433),Allison Johnson Williams,850021/922832/8510235,4135481956010,sejahtera-prima-berkah-cemerlang-medika-medik,76
Kimia Bahagia Tubuh Cemerlang Apotik Apotek,Jl. Rambutan Cepat Cluster 60 Kota/Kabupaten MUSI RAWAS UTARA Provinsi SUMATERA SELATAN,POINT(102.9100596815515 -2.5786802896921994),Chris Lewis Anderson,887271/700204/8102837,1610521980537,kimia-bahagia-tubuh-cemerlang-apotik-apotek,361
Sejahtera Farmasi Murni Lestari Sehat Apotek,Jl. Duku Indah Blok 19 Kota/Kabupaten LANDAK Provinsi KALIMANTAN BARAT,POINT(110.12919176686768 0.3753412712621564),Rachel Brown Anderson,6010813/557428/834219,471504318743,sejahtera-farmasi-murni-lestari-sehat-apotek,726
Resep Kimia Jaya Tubuh Jaya Farma,Jl. Sirih Cerah Cluster 45 Kota/Kabupaten FAKFAK Provinsi PAPUA BARAT,POINT(132.54632400083415 -3.055373634656241),Tom Hill Williams,710081/910527/1002273,718007547805,resep-kimia-jaya-tubuh-jaya-farma,253
Jaya Badan Bakti Tenaga Farma Bersama,Jl. Tembok Pendek Komplek 8 Kota/Kabupaten MAHAKAM ULU Provinsi KALIMANTAN TIMUR,POINT(115.30344317340018 -0.0412189993149478),David Martinez Wilson,458271/722867/10501053,4171071257880,jaya-badan-bakti-tenaga-farma-bersama,172
Amanah Indah Toko Medic Medika Sehat,Jl. Duku Tinggi Daerah 62 Kota/Kabupaten KETAPANG Provinsi KALIMANTAN BARAT,POINT(110.94731243557142 -1.9720742636624244),Katie Thomas Jackson,1101170/929401/826832,1028119020371,amanah-indah-toko-medic-medika-sehat,817
Terang Toko Obat Bahagia Bersama Medika,Jl. Durian Tinggi Daerah 49 Kota/Kabupaten KOTAWARINGIN TIMUR Provinsi KALIMANTAN TENGAH,POINT(112.9357507653718 -2.6044720118224074),Megan White Thompson,9911005/5122610/535204,407819138518,terang-toko-obat-bahagia-bersama-medika,715
Surya Kimia Apotik Jaya Sejahtera Apotik,Jl. Sawah Sari Cluster 91 Kota/Kabupaten BELITUNG TIMUR Provinsi KEPULAUAN BANGKA BELITUNG,POINT(107.92931563937066 -3.0881260987926744),Jason Smith Jackson,1621019/332242/269332,178280644423,surya-kimia-apotik-jaya-sejahtera-apotik,460
Kimia Tenaga Farmasi Surya Sejahtera Medika,Jl. Jeruk Indah Blok 57 Kota/Kabupaten SUMBA BARAT DAYA Provinsi NUSA TENGGARA TIMUR,POINT(118.96442847663552 -9.524624592852778),Allison Roberts Miller,773911/600724/305746,10010910814304,kimia-tenaga-farmasi-surya-sejahtera-medika,370
Sehat Amanah Cemerlang Medical Farma Sejahtera,Jl. Gedung Pendek Wilayah 55 Kota/Kabupaten KUBU RAYA Provinsi KALIMANTAN BARAT,POINT(109.50805352570131 -0.5028010268490934),Steve Martinez Davis,715333/726740/31021014,1082525044134,sehat-amanah-cemerlang-medical-farma-sejahtera,325
Bumi Murni Mawar Badan Apotik Jaya,Jl. Rambutan Cerah Blok 42 Kota/Kabupaten PESISIR SELATAN Provinsi SUMATERA BARAT,POINT(100.95706111940694 -1.5518406986201914),David Taylor Smith,2101095/2441045/593784,369084721184,bumi-murni-mawar-badan-apotik-jaya,207
Sejahtera Badan Prima Obat Jaya Bersama,Jl. Rambutan Pendek Komplek 61 Kota/Kabupaten PADANG LAWAS UTARA Provinsi SUMATERA UTARA,POINT(99.91240716403055 1.6832754595899644),Chris Brown Jackson,143494/628572/553389,1016654082573,sejahtera-badan-prima-obat-jaya-bersama,263
Terang Bumi Surya Indah Sejahtera Sehat,Jl. Gedung Cerdas Komplek 1 Kota/Kabupaten MAMBERAMO RAYA Provinsi PAPUA,POINT(138.1067786378969 -2.031393811051684),Ashley Jones Jackson,789621/2410707/394933,801632086658,terang-bumi-surya-indah-sejahtera-sehat,377
Obat Tubuh Resep Kimia Medik Pharma,Jl. Pisang Cepat Wilayah 92 Kota/Kabupaten ROTE NDAO Provinsi NUSA TENGGARA TIMUR,POINT(122.85731060471836 -10.852224880327874),Tom Thomas Johnson,741571/821010210/538836,6232830101109,obat-tubuh-resep-kimia-medik-pharma,23
Makmur Surya Amanah Obat Sejahtera Sehat,Jl. Kuda Jenius Komplek 75 Kota/Kabupaten BOVEN DIGOEL Provinsi PAPUA,POINT(140.42715772551156 -6.851082350305645),Matt Williams Moore,109492/281416/203308,8091828910864,makmur-surya-amanah-obat-sejahtera-sehat,415
Makmur Murni Mawar Berkah Apotik Bersama,Jl. Gunung Tinggi Daerah 79 Kota/Kabupaten SUMBA TENGAH Provinsi NUSA TENGGARA TIMUR,POINT(119.49207844873068 -9.421221718062473),Steve Harris Martinez,613425/492240/530464,203800112418,makmur-murni-mawar-berkah-apotik-bersama,465
Lestari Surya Badan Bahagia Jaya Sehat,Jl. Balai Kecil Wilayah 68 Kota/Kabupaten PEGUNUNGAN ARFAK Provinsi PAPUA BARAT,POINT(133.79311369681943 -1.3716804248390968),Brittany Thomas Harris,847145/519528/9349210,900816046584,lestari-surya-badan-bahagia-jaya-sehat,17
Indah Toko Mawar Farmasi Apotek Farma,Jl. Ikan Cerdas Daerah 90 Kota/Kabupaten SINTANG Provinsi KALIMANTAN BARAT,POINT(111.60112489434356 -0.1390936988948681),Tom Parker Martinez,7981001/134927/10368210,501015323816,indah-toko-mawar-farmasi-apotek-farma,744
Resep Mutiara Jaya Surya Medika Jaya,Jl. Mangga Cerdas Blok 20 Kota/Kabupaten MAMUJU Provinsi SULAWESI BARAT,POINT(119.38704954092177 -2.7425560822909443),Michael Hill White,143419/923436/335366,3813810224066,resep-mutiara-jaya-surya-medika-jaya,652
Bumi Prima Tenaga Jaya Sejahtera Apotek,Jl. Anjing Sejahtera Komplek 83 Kota/Kabupaten YAHUKIMO Provinsi PAPUA,POINT(139.25780074100498 -4.621207981353416),Allison Anderson Smith,5401710/51021108/4102053,110193894908,bumi-prima-tenaga-jaya-sejahtera-apotek,266
Obat Berkah Sejahtera Nusantara Pharma Medik,Jl. Kebun Besar Blok 29 Kota/Kabupaten BANYUMAS Provinsi JAWA TENGAH,POINT(109.03689013827967 -7.442598457809298),Allison Adams Brown,2012102/239084/1006193,3811002381054,obat-berkah-sejahtera-nusantara-pharma-medik,19
Toko Prima Makmur Apotik Jaya Sejahtera,Jl. Sawah Cepat Blok 48 Kota/Kabupaten HALMAHERA SELATAN Provinsi MALUKU UTARA,POINT(128.0995789083751 -1.5827140721407282),Michael Nelson Wilson,5141101/2207410/418379,488110263533,toko-prima-makmur-apotik-jaya-sejahtera,695
Jaya Toko Resep Farmasi Farma Pharm,Jl. Kebun Besar Wilayah 1 Kota/Kabupaten YAHUKIMO Provinsi PAPUA,POINT(138.8682553236887 -4.605898221701724),Brittany Carter Thomas,218290/2110025/584355,18601028109832,jaya-toko-resep-farmasi-farma-pharm,578
Obat Lestari Prima Resep Sehat Farma,Jl. Kuda Pendek Daerah 64 Kota/Kabupaten PAHUWATO Provinsi GORONTALO,POINT(121.97596675753168 0.8424020840460589),Steve Adams Harris,1116410/261261/373786,258491707347,obat-lestari-prima-resep-sehat-farma,214
Farmasi Sentorsa Prima Tubuh Farma Pharma,Jl. Duku Kecil Wilayah 34 Kota/Kabupaten SERUYAN Provinsi KALIMANTAN TENGAH,POINT(112.52370035599132 -2.860880567771847),Brittany Parker Jones,601460/110828/937301,4600510384891,farmasi-sentorsa-prima-tubuh-farma-pharma,945
Jaya Bintang Prima Jaya Jaya Pharm,Jl. Kota Besar Cluster 18 Kota/Kabupaten TULANG BAWANG BARAT Provinsi LAMPUNG,POINT(105.13141511926932 -4.63446701114675),Emily Johnson Jackson,879198/2831034/664361,620879726718,jaya-bintang-prima-jaya-jaya-pharm,6
Tubuh Indah Medical Prima Farma Apotik,Jl. Gajah Besar Cluster 36 Kota/Kabupaten INDRAGIRI HILIR Provinsi RIAU,POINT(103.05827796692915 -0.3529272446970939),Allison Anderson Williams,1068810/221497/131426,710008877050,tubuh-indah-medical-prima-farma-apotik,179
Jaya Tubuh Surya Mutiara Medik Medika,Jl. Kebun Kecil Daerah 71 Kota/Kabupaten TAPANULI TENGAH Provinsi SUMATERA UTARA,POINT(98.29082687785784 2.1595053356984977),Alex Jones Robinson,6310211/761824/31010802,1711034501810,jaya-tubuh-surya-mutiara-medik-medika,981
Amanah Medical Apotik Sehat Medik Sehat,Jl. Jeruk Cerah Blok 48 Kota/Kabupaten KETAPANG Provinsi KALIMANTAN BARAT,POINT(110.70476079266608 -2.13442604943954),Lauren Parker Harris,375190/102100510/363161,930891075945,amanah-medical-apotik-sehat-medik-sehat,67
Surya Obat Terang Bakti Medika Sehat,Jl. Jeruk Pintar Wilayah 35 Kota/Kabupaten SAROLANGUN Provinsi JAMBI,POINT(102.97204648060006 -2.0107427937299462),Allison Johnson Jones,581182/2011052/1032777,1010416305581,surya-obat-terang-bakti-medika-sehat,164
Prima Surya Indah Bumi Sejahtera Sejahtera,Jl. Pisang Jenius Wilayah 62 Kota/Kabupaten JAYAPURA Provinsi PAPUA,POINT(140.02520731638248 -3.345039654879061),Jason Parker Harris,7131027/9104525/388377,8921798063105,prima-surya-indah-bumi-sejahtera-sejahtera,127
Sehat Resep Bakti Terang Medika Apotik,Jl. Gunung Kecil Daerah 58 Kota/Kabupaten KUTAI BARAT Provinsi KALIMANTAN TIMUR,POINT(115.82412975275132 -0.2243551752385197),Katie Carter Williams,1033107/920594/669344,6310211658330,sehat-resep-bakti-terang-medika-apotik,118
Lestari Amanah Surya Cemerlang Apotik Jaya,Jl. Duku Cerdas Daerah 3 Kota/Kabupaten BULUNGAN Provinsi KALIMANTAN UTARA,POINT(116.58116615637846 2.813255514319492),Rachel Adams Davis,382791/1086265/303665,145001678011,lestari-amanah-surya-cemerlang-apotik-jaya,24
Farmasi Bumi Surya Badan Sejahtera Farma,Jl. Jeruk Cerah Blok 96 Kota/Kabupaten HALMAHERA BARAT Provinsi MALUKU UTARA,POINT(127.46174210645552 1.0614340507544888),Michael Roberts Smith,154811/1107212/510301,81082291310010,farmasi-bumi-surya-badan-sejahtera-farma,458
Bintang Tenaga Badan Mawar Sejahtera Farma,Jl. Sirih Cepat Daerah 86 Kota/Kabupaten KAPUAS HULU Provinsi KALIMANTAN BARAT,POINT(113.56275595698908 0.5911089110518155),John Thomas Smith,110851/211282/355306,146481065910,bintang-tenaga-badan-mawar-sejahtera-farma,207
Tenaga Kimia Surya Surya Sejahtera Farma,Jl. Pisang Besar Cluster 38 Kota/Kabupaten PADANG LAWAS UTARA Provinsi SUMATERA UTARA,POINT(99.42085635144022 1.316877721262852),Emily Jackson Martinez,257751/7891072/533240,10700910719728,tenaga-kimia-surya-surya-sejahtera-farma,239
Obat Nusantara Resep Sentorsa Apotek Farma,Jl. Mangga Indah Cluster 98 Kota/Kabupaten JAKARTA UTARA Provinsi DKI JAKARTA,POINT(106.86281110355498 -6.1401856932746846),John Clark Williams,945114/367221/336103,773414566830,obat-nusantara-resep-sentorsa-apotek-farma,5
Mawar Sentorsa Resep Makmur Pharm Sehat,Jl. Gajah Kecil Cluster 31 Kota/Kabupaten LUMAJANG Provinsi JAWA TIMUR,POINT(113.21147157589348 -7.946355330591032),Chris Martinez Robinson,728601/2190010/973393,602115418392,mawar-sentorsa-resep-makmur-pharm-sehat,221
Bakti Kimia Amanah Indah Medik Bersama,Jl. Apel Jenius Cluster 8 Kota/Kabupaten ACEH TIMUR Provinsi ACEH,POINT(97.83369369620782 4.48514809036805),Allison Harris Johnson,8447101/750022/4102370,863800107128,bakti-kimia-amanah-indah-medik-bersama,27
Bahagia Farmasi Apotik Surya Sejahtera Sejahtera,Jl. Durian Cerdas Cluster 33 Kota/Kabupaten BATANGHARI Provinsi JAMBI,POINT(103.33748321684604 -2.0872304627955653),Tom Lewis Wilson,2717100/927167/822183,4918815400610,bahagia-farmasi-apotik-surya-sejahtera-sejahtera,193
Bintang Apotik Obat Resep Pharma Apotek,Jl. Mangga Cerdas Cluster 42 Kota/Kabupaten MELAWI Provinsi KALIMANTAN BARAT,POINT(112.04281096759566 -0.666734777283521),Matt Martinez Anderson,691859/992268/384992,61001000960281,bintang-apotik-obat-resep-pharma-apotek,176
Bakti Prima Jaya Surya Apotek Bersama,Jl. Jeruk Besar Cluster 100 Kota/Kabupaten JAYAWIJAYA Provinsi PAPUA,POINT(139.30678735158472 -4.108743118471611),Emily Lewis Smith,167816/227410/3310180,217800004196,bakti-prima-jaya-surya-apotek-bersama,95
Medic Sentorsa Mawar Lestari Bersama Apotek,Jl. Balai Cerah Komplek 42 Kota/Kabupaten SELUMA Provinsi BENGKULU,POINT(102.6042705555305 -4.175915099666351),Rachel Anderson Wilson,205113/292705/3010827,149408061085,medic-sentorsa-mawar-lestari-bersama-apotek,262
Bakti Prima Apotik Toko Apotik Bersama,Jl. Kota Kecil Blok 45 Kota/Kabupaten BANYUWANGI Provinsi JAWA TIMUR,POINT(114.12785002692996 -8.610754881631689),Megan Taylor Johnson,216218/867762/8213310,851389790843,bakti-prima-apotik-toko-apotik-bersama,25
Murni Indah Bahagia Sentorsa Medik Apotik,Jl. Sirih Cermat Komplek 72 Kota/Kabupaten PULANG PISAU Provinsi KALIMANTAN TENGAH,POINT(113.6385802547201 -3.184809845981856),Rachel Parker Smith,421667/196132/600993,10126010315865,murni-indah-bahagia-sentorsa-medik-apotik,421
Mawar Bumi Tenaga Makmur Medik Farma,Jl. Rambutan Cepat Daerah 42 Kota/Kabupaten BANGGAI Provinsi SULAWESI TENGAH,POINT(122.1277484639261 -1.2868173098289883),Matt Martinez White,414468/840552/7614103,10410118098817,mawar-bumi-tenaga-makmur-medik-farma,35
Berkah Mutiara Bumi Resep Medika Jaya,Jl. Pisang Pendek Blok 48 Kota/Kabupaten KUBU RAYA Provinsi KALIMANTAN BARAT,POINT(109.3367825660385 -0.2354503131836125),Matt Thomas Jones,151767/874274/337388,6103898224017,berkah-mutiara-bumi-resep-medika-jaya,509
Mawar Lestari Nusantara Cemerlang Sejahtera Pharma,Jl. Duku Indah Cluster 48 Kota/Kabupaten PULAU MOROTAI Provinsi MALUKU UTARA,POINT(128.5971141390164 2.2577814238844507),David Hill Martinez,480531/362375/3104471,1871421045805,mawar-lestari-nusantara-cemerlang-sejahtera-pharma,427
Prima Bakti Terang Mawar Apotek Pharma,Jl. Balai Pintar Komplek 34 Kota/Kabupaten GROBOGAN Provinsi JAWA TENGAH,POINT(111.12786698791804 -7.06145815502032),Mark Anderson Davis,531266/10310827/3297910,719020988102,prima-bakti-terang-mawar-apotek-pharma,944
Bintang Prima Mutiara Toko Sejahtera Sejahtera,Jl. Gajah Kecil Komplek 39 Kota/Kabupaten KOTAWARINGIN TIMUR Provinsi KALIMANTAN TENGAH,POINT(113.05295334822064 -2.092979109032884),Matt Adams Harris,621010/682963/551361,877010855135,bintang-prima-mutiara-toko-sejahtera-sejahtera,331
Lestari Harmoni Medic Makmur Bersama Pharma,Jl. Gajah Besar Daerah 22 Kota/Kabupaten TABALONG Provinsi KALIMANTAN SELATAN,POINT(115.65411593231724 -1.9423407408580375),Rachel Harris Taylor,721817/2080210/74310410,8568708991106,lestari-harmoni-medic-makmur-bersama-pharma,906
Murni Indah Sentorsa Tenaga Farma Medika,Jl. Anjing Pendek Daerah 55 Kota/Kabupaten MERANGIN Provinsi JAMBI,POINT(101.7999166725908 -2.60684084013611),Matt Lewis Martin,361000/3702100/568739,685195086741,murni-indah-sentorsa-tenaga-farma-medika,694
Apotik Tubuh Sentorsa Badan Pharma Apotek,Jl. Mangga Kecil Cluster 30 Kota/Kabupaten TELUK BINTUNI Provinsi PAPUA BARAT,POINT(133.03710895728523 -2.193556134919339),Chris Williams Thomas,8101043/773283/483148,572508102666,apotik-tubuh-sentorsa-badan-pharma-apotek,28
Indah Bintang Badan Mutiara Apotek Sejahtera,Jl. Sirih Cermat Wilayah 98 Kota/Kabupaten KUTAI TIMUR Provinsi KALIMANTAN TIMUR,POINT(117.36247533579382 0.3584657372789888),Tom Taylor Brown,239104/239723/395851,7558311086000,indah-bintang-badan-mutiara-apotek-sejahtera,684
Medical Medic Amanah Sehat Medika Medik,Jl. Pisang Besar Wilayah 74 Kota/Kabupaten SERDANG BEDAGAI Provinsi SUMATERA UTARA,POINT(99.02918251439826 3.554323037860616),Jessica Parker Robinson,1110034/2108932/534133,586214823420,medical-medic-amanah-sehat-medika-medik,54
Bintang Bahagia Sejahtera Mutiara Farma Sehat,Jl. Durian Jenius Komplek 69 Kota/Kabupaten ACEH BESAR Provinsi ACEH,POINT(95.47596384779057 5.240472401893156),Lauren Harris White,649313/985242/1054394,911950181032,bintang-bahagia-sejahtera-mutiara-farma-sehat,161
Harmoni Murni Mawar Berkah Pharma Jaya,Jl. Kota Kecil Cluster 8 Kota/Kabupaten HUMBANG HASUNDUTAN Provinsi SUMATERA UTARA,POINT(98.52162816298024 2.096466777055367),Brittany Williams Martin,400451/15210104/853597,651601610578,harmoni-murni-mawar-berkah-pharma-jaya,521
Murni Makmur Surya Mutiara Jaya Apotek,Jl. Sawah Pintar Blok 2 Kota/Kabupaten LAHAT Provinsi SUMATERA SELATAN,POINT(103.72437308507564 -3.751013866969037),Brittany Hill Smith,4310108/1107524/341093,821980131040,murni-makmur-surya-mutiara-jaya-apotek,331
Lestari Bahagia Medic Bumi Jaya Apotek,Jl. Jeruk Cerdas Komplek 19 Kota/Kabupaten ASMAT Provinsi PAPUA,POINT(137.8105704095781 -5.16044653478624),Mark Smith Anderson,1810534/902803/988683,154113078033,lestari-bahagia-medic-bumi-jaya-apotek,532
Tenaga Nusantara Bakti Cemerlang Apotek Sejahtera,Jl. Sawah Cermat Komplek 39 Kota/Kabupaten PULAU MOROTAI Provinsi MALUKU UTARA,POINT(128.35370721675696 2.0584572004525743),Brittany Jackson Brown,156341/549210/2510634,67101018908110,tenaga-nusantara-bakti-cemerlang-apotek-sejahtera,268
Nusantara Indah Mawar Bintang Apotik Medika,Jl. Gunung Sejahtera Blok 45 Kota/Kabupaten TEBO Provinsi JAMBI,POINT(102.10228822175326 -0.927221709845062),Jessica Carter Johnson,5951015/23101085/382630,602192865089,nusantara-indah-mawar-bintang-apotik-medika,848
Toko Bintang Bahagia Surya Bersama Medik,Jl. Gedung Pintar Blok 71 Kota/Kabupaten ASMAT Provinsi PAPUA,POINT(137.64019354749308 -4.727123947008518),Sarah Parker Davis,501415/2530210/1003152,5891380106818,toko-bintang-bahagia-surya-bersama-medik,351
Bumi Sentorsa Bakti Medical Pharm Medik,Jl. Kebun Cepat Blok 86 Kota/Kabupaten BARITO SELATAN Provinsi KALIMANTAN TENGAH,POINT(114.86827108723564 -2.4546159875586326),John Adams Davis,15161010/666232/1035377,3420789101964,bumi-sentorsa-bakti-medical-pharm-medik,29
Bintang Makmur Tenaga Prima Apotik Pharma,Jl. Kucing Pintar Daerah 37 Kota/Kabupaten KAPUAS HULU Provinsi KALIMANTAN BARAT,POINT(113.18679245092726 1.2661317334613589),Michael Thomas Harris,142071/962843/1410033,1061048947083,bintang-makmur-tenaga-prima-apotik-pharma,91
Sentorsa Indah Toko Prima Sejahtera Apotik,Jl. Gedung Pintar Daerah 65 Kota/Kabupaten SIAK Provinsi RIAU,POINT(101.59876559755668 0.8685226005648481),Brittany Nelson Garcia,421125/1082284/355804,395214002851,sentorsa-indah-toko-prima-sejahtera-apotik,57
Jaya Makmur Surya Sejahtera Farma Pharma,Jl. Balai Kecil Komplek 40 Kota/Kabupaten MAMBERAMO RAYA Provinsi PAPUA,POINT(136.9640653807109 -2.18018055831986),Emily Lewis Moore,805413/527785/1039409,10486809538101,jaya-makmur-surya-sejahtera-farma-pharma,631
Surya Bahagia Bakti Resep Apotek Apotik,Jl. Kuda Besar Cluster 45 Kota/Kabupaten INDRAMAYU Provinsi JAWA BARAT,POINT(108.23836301603204 -6.569793056162004),Katie Martinez Taylor,484410/240948/763268,6160081458107,surya-bahagia-bakti-resep-apotek-apotik,154
Badan Tenaga Mutiara Harmoni Jaya Sehat,Jl. Tembok Besar Cluster 82 Kota/Kabupaten ACEH TIMUR Provinsi ACEH,POINT(97.42496859455012 4.751544185272048),Lauren Nelson Martin,946512/720760/1031490,431426871079,badan-tenaga-mutiara-harmoni-jaya-sehat,629
Cemerlang Amanah Bumi Toko Sejahtera Pharma,Jl. Gajah Kecil Komplek 20 Kota/Kabupaten TIMOR TENGAH UTARA Provinsi NUSA TENGGARA TIMUR,POINT(124.57913319038028 -9.409123483431088),Mark Taylor Robinson,7155101/6101552/8623410,1970108118072,cemerlang-amanah-bumi-toko-sejahtera-pharma,75
Makmur Tenaga Sehat Prima Bersama Farma,Jl. Kucing Cerdas Komplek 60 Kota/Kabupaten KUTAI BARAT Provinsi KALIMANTAN TIMUR,POINT(115.7593673186636 -0.512925646011448),Jessica Carter Robinson,1431100/1041882/713171,458035786801,makmur-tenaga-sehat-prima-bersama-farma,670
Badan Sentorsa Nusantara Apotik Pharm Apotek,Jl. Pisang Jenius Wilayah 5 Kota/Kabupaten BANYUASIN Provinsi SUMATERA SELATAN,POINT(104.87535802185086 -2.4768357591396857),Tom Hill Miller,513219/2104545/91010391,7510871099048,badan-sentorsa-nusantara-apotik-pharm-apotek,342
Bumi Surya Surya Badan Medik Apotik,Jl. Kebun Kecil Blok 19 Kota/Kabupaten KUTAI KARTANEGARA Provinsi KALIMANTAN TIMUR,POINT(116.2433409197952 0.527367230147588),Steve Martinez Anderson,417081/562111/363361,2102806101774,bumi-surya-surya-badan-medik-apotik,75
Mawar Surya Kimia Bakti Medika Pharma,Jl. Kucing Sari Wilayah 67 Kota/Kabupaten BANJAR Provinsi KALIMANTAN SELATAN,POINT(115.4161571389622 -3.1940378648563046),Katie Hill Moore,149904/669247/956394,521992208419,mawar-surya-kimia-bakti-medika-pharma,180
Prima Badan Sentorsa Jaya Farma Pharm,Jl. Gunung Pendek Wilayah 85 Kota/Kabupaten MALINAU Provinsi KALIMANTAN UTARA,POINT(115.76303112954636 1.413912144348048),Jason Parker Harris,198159/2801032/10135110,5010782301638,prima-badan-sentorsa-jaya-farma-pharm,809
Bakti Mawar Bumi Tenaga Apotik Medik,Jl. Apel Besar Komplek 84 Kota/Kabupaten LIMA PULUH KOTA Provinsi SUMATERA BARAT,POINT(100.52585468196575 0.0177424571015532),Tom Hill Williams,165474/392518/8910333,466502890091,bakti-mawar-bumi-tenaga-apotik-medik,25
Makmur Surya Murni Sentorsa Jaya Apotik,Jl. Gedung Indah Daerah 11 Kota/Kabupaten MERAUKE Provinsi PAPUA,POINT(140.27924452653627 -7.307939922828259),Michael Thomas Moore,570180/220035/303797,1801707181098,makmur-surya-murni-sentorsa-jaya-apotik,83
Sejahtera Amanah Badan Obat Sejahtera Sehat,Jl. Gajah Tinggi Daerah 62 Kota/Kabupaten SAROLANGUN Provinsi JAMBI,POINT(102.5238611735876 -2.3460210518744127),Rachel Lewis Miller,108512/990324/374944,97010107218412,sejahtera-amanah-badan-obat-sejahtera-sehat,203
Mawar Toko Sehat Tenaga Medika Sejahtera,Jl. Mangga Sejahtera Cluster 4 Kota/Kabupaten MANGGARAI Provinsi NUSA TENGGARA TIMUR,POINT(120.42931248448156 -8.593798487322536),Jessica Thomas Davis,7390101/922487/393503,3104501388261,mawar-toko-sehat-tenaga-medika-sejahtera,671
Jaya Makmur Toko Amanah Medik Apotik,Jl. Duku Cermat Wilayah 98 Kota/Kabupaten MURUNG RAYA Provinsi KALIMANTAN TENGAH,POINT(113.95761438750188 0.5758512380836933),Brittany Nelson Thomas,51101049/216137/51010823,926018559482,jaya-makmur-toko-amanah-medik-apotik,543
Indah Resep Sehat Bumi Sehat Apotik,Jl. Kota Besar Daerah 6 Kota/Kabupaten LABUHANBATU UTARA Provinsi SUMATERA UTARA,POINT(99.95487669354806 2.4722455302746003),Rachel Jones Thompson,1010975/642232/1033227,9661108186500,indah-resep-sehat-bumi-sehat-apotik,233
Indah Jaya Prima Surya Apotik Pharm,Jl. Durian Tinggi Blok 54 Kota/Kabupaten LAMPUNG TIMUR Provinsi LAMPUNG,POINT(105.61135934208468 -5.41073350769269),Steve White Anderson,10145410/805828/451153,150348715226,indah-jaya-prima-surya-apotik-pharm,119
Medical Sehat Toko Bahagia Pharma Sehat,Jl. Kota Cermat Daerah 86 Kota/Kabupaten SORONG SELATAN Provinsi PAPUA BARAT,POINT(132.13806006319788 -1.650271486135697),Megan Adams Miller,603130/9912100/153917,83192010461017,medical-sehat-toko-bahagia-pharma-sehat,293
Sejahtera Terang Mawar Amanah Pharm Apotik,Jl. Gajah Besar Cluster 31 Kota/Kabupaten ENREKANG Provinsi SULAWESI SELATAN,POINT(119.91896528446472 -3.5635347207118864),Mark Smith Wilson,166027/803632/834230,80106266211103,sejahtera-terang-mawar-amanah-pharm-apotik,642
Makmur Sehat Surya Bahagia Medik Medika,Jl. Sirih Tinggi Komplek 80 Kota/Kabupaten SINTANG Provinsi KALIMANTAN BARAT,POINT(111.54242922071694 0.6395379714247742),Alex Clark Williams,116452/468821/7103637,141050804280,makmur-sehat-surya-bahagia-medik-medika,421
Obat Toko Harmoni Amanah Apotik Apotek,Jl. Gunung Pintar Blok 14 Kota/Kabupaten OGAN KOMERING ULU SELATAN Provinsi SUMATERA SELATAN,POINT(103.91012899033456 -4.578029647348219),Emily Carter Johnson,21018105/4716210/288233,320011303822,obat-toko-harmoni-amanah-apotik-apotek,532
Prima Tenaga Berkah Amanah Pharma Medik,Jl. Ikan Jenius Cluster 45 Kota/Kabupaten LAHAT Provinsi SUMATERA SELATAN,POINT(103.1914066245345 -3.692924047025304),Chris Carter Martin,3101034/681582/799320,1081010820112,prima-tenaga-berkah-amanah-pharma-medik,344
Sentorsa Medic Toko Indah Pharm Jaya,Jl. Kuda Kecil Daerah 59 Kota/Kabupaten KAMPAR Provinsi RIAU,POINT(100.91415551147244 -0.2854490717128755),Lauren Johnson Garcia,1199210/135602/10791003,105813298533,sentorsa-medic-toko-indah-pharm-jaya,124
Badan Berkah Resep Jaya Farma Jaya,Jl. Gunung Sejahtera Daerah 67 Kota/Kabupaten SUMBA TIMUR Provinsi NUSA TENGGARA TIMUR,POINT(120.45988227437364 -10.131588215878551),Steve Roberts Martinez,512035/923827/372215,588020123553,badan-berkah-resep-jaya-farma-jaya,648
Prima Medical Lestari Mawar Sehat Bersama,Jl. Apel Kecil Daerah 36 Kota/Kabupaten KEPULAUAN MERANTI Provinsi RIAU,POINT(103.0104438068275 1.0145992649085134),Brittany Williams Williams,141543/9429107/853931,628312161501,prima-medical-lestari-mawar-sehat-bersama,573
Berkah Kimia Mutiara Mawar Medika Pharma,Jl. Ikan Indah Wilayah 14 Kota/Kabupaten MAMBERAMO RAYA Provinsi PAPUA,POINT(137.98392942583772 -2.8846101712627785),Michael Parker Martin,15102010/2220107/6069310,757004848061,berkah-kimia-mutiara-mawar-medika-pharma,855
Sejahtera Cemerlang Mutiara Harmoni Pharma Apotik,Jl. Gunung Cerdas Cluster 21 Kota/Kabupaten MAMBERAMO TENGAH Provinsi PAPUA,POINT(138.90726299538767 -3.736532779878784),Sarah Martinez Jones,1631101/265452/370274,488882441604,sejahtera-cemerlang-mutiara-harmoni-pharma-apotik,728
Badan Apotik Indah Bahagia Pharm Farma,Jl. Tembok Kecil Blok 34 Kota/Kabupaten YALIMO Provinsi PAPUA,POINT(139.40936101967586 -3.9311101450809502),Chris Smith Smith,660210/364022/4381103,4874681019058,badan-apotik-indah-bahagia-pharm-farma,212
Terang Jaya Cemerlang Medical Farma Sejahtera,Jl. Ikan Tinggi Komplek 74 Kota/Kabupaten ASMAT Provinsi PAPUA,POINT(139.0025337609338 -5.2221558087239215),Brittany Smith Martin,6101010/4871072/301963,3044102988101,terang-jaya-cemerlang-medical-farma-sejahtera,58
Farmasi Berkah Mawar Kimia Sejahtera Pharma,Jl. Ikan Tinggi Wilayah 15 Kota/Kabupaten SEKADAU Provinsi KALIMANTAN BARAT,POINT(110.7532843845036 -0.4211879568521066),Jessica Williams Williams,1015781/129257/158373,10883232103107,farmasi-berkah-mawar-kimia-sejahtera-pharma,726
Amanah Resep Bintang Makmur Apotik Bersama,Jl. Gedung Cerah Komplek 61 Kota/Kabupaten PULAU MOROTAI Provinsi MALUKU UTARA,POINT(128.25460778645453 2.1347985311027973),Mark Brown Thomas,10810106/383283/349130,601088107106122,amanah-resep-bintang-makmur-apotik-bersama,338
Medic Nusantara Resep Indah Jaya Farma,Jl. Ikan Besar Blok 75 Kota/Kabupaten KOLAKA Provinsi SULAWESI TENGGARA,POINT(121.63969392262273 -4.354191872201526),Michael Anderson Jones,913905/186250/5310166,58908410171057,medic-nusantara-resep-indah-jaya-farma,543
Murni Sentorsa Surya Amanah Medik Apotik,Jl. Anjing Sejahtera Cluster 7 Kota/Kabupaten SAMBAS Provinsi KALIMANTAN BARAT,POINT(109.37167085837592 1.1668848195903063),Jason Smith Smith,602918/352773/7361086,5088484310313,murni-sentorsa-surya-amanah-medik-apotik,583
Bumi Makmur Surya Bahagia Sehat Apotek,Jl. Gunung Jenius Wilayah 93 Kota/Kabupaten BANGKA BARAT Provinsi KEPULAUAN BANGKA BELITUNG,POINT(105.66104673693232 -1.9612923347539617),Lauren Williams White,116193/5210747/6783010,18082100086100,bumi-makmur-surya-bahagia-sehat-apotek,357
Toko Bahagia Amanah Badan Sejahtera Sehat,Jl. Kuda Sari Komplek 60 Kota/Kabupaten NABIRE Provinsi PAPUA,POINT(135.98244816850394 -2.879252448086577),Michael Smith White,6610511/402360/440493,318708112325,toko-bahagia-amanah-badan-sejahtera-sehat,752
Prima Bakti Cemerlang Bumi Jaya Farma,Jl. Sirih Sejahtera Blok 60 Kota/Kabupaten KONAWE Provinsi SULAWESI TENGGARA,POINT(121.84114664651555 -3.710326819196684),David Nelson Martinez,581827/28101059/3902310,1066315802456,prima-bakti-cemerlang-bumi-jaya-farma,519
Toko Makmur Sehat Surya Jaya Bersama,Jl. Gajah Sari Komplek 72 Kota/Kabupaten NGADA Provinsi NUSA TENGGARA TIMUR,POINT(120.99901915962438 -8.891228376382795),Jessica Smith Robinson,828211/424488/3231062,406851174780,toko-makmur-sehat-surya-jaya-bersama,869
Nusantara Bakti Amanah Medical Apotek Apotik,Jl. Pisang Besar Wilayah 21 Kota/Kabupaten LAMANDAU Provinsi KALIMANTAN TENGAH,POINT(111.09098874839783 -1.7704045245182645),Emily Parker Williams,120165/1068237/733736,85618100103177,nusantara-bakti-amanah-medical-apotek-apotik,362
Cemerlang Prima Kimia Mawar Apotik Pharma,Jl. Gajah Cerah Blok 24 Kota/Kabupaten BONE Provinsi SULAWESI SELATAN,POINT(119.82895715203924 -4.728374077111998),Jessica Lewis Harris,2341100/986272/31091053,18980110910460,cemerlang-prima-kimia-mawar-apotik-pharma,348
Sehat Bakti Makmur Obat Sehat Pharma,Jl. Gajah Sari Daerah 56 Kota/Kabupaten MALANG Provinsi JAWA TIMUR,POINT(112.40436307218278 -8.318122993033016),Jason Johnson Moore,440162/2471910/240603,1790910157008,sehat-bakti-makmur-obat-sehat-pharma,774
Bakti Bintang Resep Amanah Farma Jaya,Jl. Gajah Cepat Blok 45 Kota/Kabupaten MALINAU Provinsi KALIMANTAN UTARA,POINT(116.33793836499817 2.856736465290634),David Adams Jones,129839/625509/615361,9279104910837,bakti-bintang-resep-amanah-farma-jaya,500
Badan Toko Apotik Prima Sehat Pharma,Jl. Anjing Cerdas Wilayah 89 Kota/Kabupaten SEKADAU Provinsi KALIMANTAN BARAT,POINT(110.81935916838675 -0.1453547727835236),Allison Taylor Moore,322912/529753/353973,7710206488001,badan-toko-apotik-prima-sehat-pharma,172
Sehat Indah Tubuh Toko Farma Sehat,Jl. Kebun Indah Cluster 3 Kota/Kabupaten MAJALENGKA Provinsi JAWA BARAT,POINT(108.31449081791736 -6.987032129223211),Mark Jackson Brown,516182/983332/960396,9809065410118,sehat-indah-tubuh-toko-farma-sehat,294
Bakti Surya Amanah Apotik Pharm Sejahtera,Jl. Kota Pendek Cluster 6 Kota/Kabupaten GARUT Provinsi JAWA BARAT,POINT(107.84390077837364 -7.06567593025493),Brittany Clark Harris,229818/262425/971523,10049110864093,bakti-surya-amanah-apotik-pharm-sejahtera,90
Tenaga Sejahtera Badan Berkah Apotik Bersama,Jl. Apel Sejahtera Daerah 90 Kota/Kabupaten SUKAMARA Provinsi KALIMANTAN TENGAH,POINT(110.97900054394994 -2.963457723687177),Tom Taylor Brown,213841/1061021/388321,575481887001,tenaga-sejahtera-badan-berkah-apotik-bersama,174
Tubuh Bintang Makmur Kimia Sejahtera Apotik,Jl. Duku Cepat Komplek 71 Kota/Kabupaten BURU Provinsi MALUKU,POINT(127.24196803266268 -3.5416185017049058),Allison Harris Taylor,966158/874662/90101038,3091387110384,tubuh-bintang-makmur-kimia-sejahtera-apotik,262
Medical Jaya Sentorsa Prima Sehat Bersama,Jl. Gedung Indah Cluster 92 Kota/Kabupaten KEPULAUAN SULA Provinsi MALUKU UTARA,POINT(126.0344179680044 -1.8892531646044848),Emily Jones Jackson,1827210/246248/318013,345003872184,medical-jaya-sentorsa-prima-sehat-bersama,74
Medic Badan Mawar Mutiara Apotek Sehat,Jl. Pisang Pintar Komplek 59 Kota/Kabupaten MAMBERAMO RAYA Provinsi PAPUA,POINT(138.8330687634234 -3.212794950623893),Rachel White Thompson,6311103/370982/1109638,1008141304801,medic-badan-mawar-mutiara-apotek-sehat,290
Tenaga Badan Lestari Bintang Pharma Farma,Jl. Apel Tinggi Komplek 78 Kota/Kabupaten GAYO LUES Provinsi ACEH,POINT(97.49561836812936 4.067090682777236),Alex Hill Martin,192323/629281/753963,820579114927,tenaga-badan-lestari-bintang-pharma-farma,75
Terang Makmur Surya Badan Bersama Jaya,Jl. Duku Besar Cluster 36 Kota/Kabupaten MIMIKA Provinsi PAPUA,POINT(136.18164516470247 -4.335732118238735),Sarah Hill Miller,1681090/107602/7390410,693908030812,terang-makmur-surya-badan-bersama-jaya,717
Medic Terang Murni Jaya Sehat Sejahtera,Jl. Gajah Kecil Cluster 63 Kota/Kabupaten KOTA JAMBI Provinsi JAMBI,POINT(103.62461044707022 -1.5679214847119542),Allison Williams Johnson,142016/5100129/3268610,446081190846,medic-terang-murni-jaya-sehat-sejahtera,312
Toko Amanah Bumi Cemerlang Pharma Medika,Jl. Anjing Pendek Blok 14 Kota/Kabupaten BARITO SELATAN Provinsi KALIMANTAN TENGAH,POINT(115.13798823058605 -1.467525614834594),Brittany Smith Jackson,1348510/762379/832854,9410008706651,toko-amanah-bumi-cemerlang-pharma-medika,496
Berkah Sejahtera Murni Prima Sejahtera Pharm,Jl. Gedung Tinggi Daerah 9 Kota/Kabupaten POLEWALI MANDAR Provinsi SULAWESI BARAT,POINT(119.1393175848698 -3.142904867820689),Michael Smith Martin,181200/629927/7331067,8095911070387,berkah-sejahtera-murni-prima-sejahtera-pharm,80
Prima Apotik Jaya Resep Farma Jaya,Jl. Gunung Jenius Cluster 42 Kota/Kabupaten INDRAGIRI HILIR Provinsi RIAU,POINT(103.41372191175476 0.0315053141437537),Steve White Jones,881195/286974/1055293,803701705336,prima-apotik-jaya-resep-farma-jaya,180
Prima Murni Surya Jaya Medik Apotik,Jl. Gajah Jenius Daerah 22 Kota/Kabupaten BANYUASIN Provinsi SUMATERA SELATAN,POINT(104.59107718963608 -2.4778700941449987),John Parker Taylor,793912/964268/931117,10311108520930,prima-murni-surya-jaya-medik-apotik,715
Resep Jaya Berkah Bahagia Sehat Sejahtera,Jl. Kuda Besar Komplek 10 Kota/Kabupaten SIKKA Provinsi NUSA TENGGARA TIMUR,POINT(122.17211509545884 -8.650458198140566),Alex Smith Taylor,195719/622052/825053,857058164908,resep-jaya-berkah-bahagia-sehat-sejahtera,409
Toko Lestari Medical Sejahtera Sejahtera Medik,Jl. Tembok Tinggi Daerah 52 Kota/Kabupaten KARO Provinsi SUMATERA UTARA,POINT(98.32499938634696 3.085265578502224),Tom Thomas Anderson,1103883/2564102/530476,949183350136,toko-lestari-medical-sejahtera-sejahtera-medik,259
Bumi Bakti Murni Makmur Medik Sejahtera,Jl. Gedung Pintar Komplek 75 Kota/Kabupaten KEPULAUAN MERANTI Provinsi RIAU,POINT(102.63978201672889 0.9106675322874588),Ashley Harris Miller,9400110/273138/553103,8370753561710,bumi-bakti-murni-makmur-medik-sejahtera,430
Sentorsa Sehat Jaya Toko Sejahtera Sejahtera,Jl. Durian Pendek Cluster 65 Kota/Kabupaten PUNCAK JAYA Provinsi PAPUA,POINT(138.09897994542968 -3.7305169670710727),Allison Adams White,598301/122086/303038,1105248889082,sentorsa-sehat-jaya-toko-sejahtera-sejahtera,26
Lestari Bahagia Medic Cemerlang Medika Apotik,Jl. Durian Pintar Daerah 40 Kota/Kabupaten GOWA Provinsi SULAWESI SELATAN,POINT(119.82003903399692 -5.508289709418951),Jessica Martinez Jones,2871104/3122210/374236,101066110198110,lestari-bahagia-medic-cemerlang-medika-apotik,55
Mutiara Sejahtera Medical Bumi Sejahtera Medik,Jl. Rambutan Pendek Blok 32 Kota/Kabupaten MAMBERAMO RAYA Provinsi PAPUA,POINT(137.24210070959498 -2.0783416441696616),Brittany Harris Moore,1102237/220070/362853,1010202014488,mutiara-sejahtera-medical-bumi-sejahtera-medik,193
Surya Toko Kimia Tenaga Pharma Pharm,Jl. Apel Tinggi Cluster 64 Kota/Kabupaten KATINGAN Provinsi KALIMANTAN TENGAH,POINT(112.6502623514694 -0.7598336462360695),Tom Williams Jones,437311/2886710/300953,1108768022919,surya-toko-kimia-tenaga-pharma-pharm,351
Sentorsa Lestari Terang Jaya Sejahtera Pharm,Jl. Rambutan Cerah Komplek 72 Kota/Kabupaten ENDE Provinsi NUSA TENGGARA TIMUR,POINT(121.82609710734349 -8.729960563496771),Emily Williams Taylor,115088/838320/4106139,10268010106017,sentorsa-lestari-terang-jaya-sejahtera-pharm,497
Prima Sehat Sentorsa Lestari Apotik Farma,Jl. Duku Kecil Wilayah 46 Kota/Kabupaten PANDEGLANG Provinsi BANTEN,POINT(105.8026604404704 -6.570029342638401),Brittany Martinez Jones,1034611/322142/322995,215588092814,prima-sehat-sentorsa-lestari-apotik-farma,5
Obat Makmur Sejahtera Jaya Pharm Sejahtera,Jl. Pisang Pintar Wilayah 91 Kota/Kabupaten MIMIKA Provinsi PAPUA,POINT(137.05806175767418 -4.536069195383843),Lauren Nelson Moore,13010108/922727/10838103,727096187607,obat-makmur-sejahtera-jaya-pharm-sejahtera,597
Mawar Makmur Sehat Toko Sejahtera Apotik,Jl. Gajah Jenius Cluster 71 Kota/Kabupaten MAMBERAMO RAYA Provinsi PAPUA,POINT(137.83406433668569 -2.759043688891144),Jason Johnson Jones,7510161/839923/437327,9957104940118,mawar-makmur-sehat-toko-sejahtera-apotik,90
Sehat Nusantara Bintang Tubuh Bersama Jaya,Jl. Ikan Kecil Komplek 34 Kota/Kabupaten TOJO UNA-UNA Provinsi SULAWESI TENGAH,POINT(121.81944650493249 -0.4629584162032518),Rachel Harris Martin,10110140/1028670/3102309,300909149086,sehat-nusantara-bintang-tubuh-bersama-jaya,887
Medical Nusantara Terang Tubuh Medika Jaya,Jl. Kota Besar Daerah 97 Kota/Kabupaten KOTAWARINGIN BARAT Provinsi KALIMANTAN TENGAH,POINT(111.9882920144492 -3.0671487669424904),Allison Jones Jones,7821018/957529/833607,41038710201033,medical-nusantara-terang-tubuh-medika-jaya,26
Tubuh Kimia Bumi Medic Sejahtera Pharm,Jl. Sirih Cermat Wilayah 49 Kota/Kabupaten MURUNG RAYA Provinsi KALIMANTAN TENGAH,POINT(114.08626860570376 0.5784177879423993),Mark Roberts Davis,195785/1172510/31051063,11871037007710,tubuh-kimia-bumi-medic-sejahtera-pharm,8
Indah Amanah Tubuh Medical Bersama Medik,Jl. Tembok Tinggi Blok 96 Kota/Kabupaten SUMBA TIMUR Provinsi NUSA TENGGARA TIMUR,POINT(120.4289749385247 -10.130541731802504),Michael Brown White,177396/712489/173938,11106114106840,indah-amanah-tubuh-medical-bersama-medik,557
Makmur Sehat Medical Sejahtera Sehat Apotik,Jl. Pisang Tinggi Wilayah 14 Kota/Kabupaten ASAHAN Provinsi SUMATERA UTARA,POINT(99.32587307136676 2.795025517732212),Sarah Williams Miller,447102/2384103/3237109,2321310285800,makmur-sehat-medical-sejahtera-sehat-apotik,463
Amanah Medical Prima Apotik Apotik Pharm,Jl. Jeruk Tinggi Komplek 59 Kota/Kabupaten MAHAKAM ULU Provinsi KALIMANTAN TIMUR,POINT(114.09377606769324 1.1258839023834497),John Thomas Anderson,291106/909275/631947,841310790396,amanah-medical-prima-apotik-apotik-pharm,306
Indah Mawar Harmoni Mutiara Farma Sehat,Jl. Kuda Cermat Komplek 70 Kota/Kabupaten MUKOMUKO Provinsi BENGKULU,POINT(101.22271236815972 -2.3676998658086035),Emily Harris Miller,587128/268224/81093102,10503610261368,indah-mawar-harmoni-mutiara-farma-sehat,267
Harmoni Jaya Bintang Mutiara Sehat Medik,Jl. Sawah Besar Daerah 66 Kota/Kabupaten DOGIYAI Provinsi PAPUA,POINT(135.8657609377331 -3.929542198951913),Allison Thomas Harris,447701/726273/368218,1710810465100108,harmoni-jaya-bintang-mutiara-sehat-medik,482
Bintang Terang Medic Bakti Pharma Medik,Jl. Gunung Cepat Daerah 72 Kota/Kabupaten WAY KANAN Provinsi LAMPUNG,POINT(104.34487398466396 -4.707728277620895),Mark Williams Wilson,149676/4225109/713627,430241738056,bintang-terang-medic-bakti-pharma-medik,461
Makmur Bakti Sentorsa Mutiara Farma Sehat,Jl. Jeruk Sari Blok 62 Kota/Kabupaten SAROLANGUN Provinsi JAMBI,POINT(102.59080824814691 -2.653784267235123),Allison Carter Jones,1521090/238241/1061397,204048123133,makmur-bakti-sentorsa-mutiara-farma-sehat,626
Jaya Bintang Medic Prima Medika Medik,Jl. Anjing Cerah Wilayah 11 Kota/Kabupaten PANIAI Provinsi PAPUA,POINT(136.99604437942844 -3.977399796067208),Jessica Roberts Wilson,662016/629122/3710379,584816420920,jaya-bintang-medic-prima-medika-medik,195
Obat Sejahtera Badan Bakti Sehat Pharma,Jl. Gajah Cerdas Daerah 94 Kota/Kabupaten KETAPANG Provinsi KALIMANTAN BARAT,POINT(111.2299640860864 -1.3806502411616537),Mark Brown Johnson,1207102/932547/4433710,8044815875105,obat-sejahtera-badan-bakti-sehat-pharma,169
Sehat Makmur Obat Amanah Apotik Farma,Jl. Kota Cepat Wilayah 24 Kota/Kabupaten SIDENRENG RAPPANG Provinsi SULAWESI SELATAN,POINT(119.7765021148521 -4.022610244306981),Mark White Moore,1008817/542092/3396100,673704768621,sehat-makmur-obat-amanah-apotik-farma,175
Prima Jaya Terang Resep Bersama Medika,Jl. Gedung Sari Komplek 59 Kota/Kabupaten KONAWE UTARA Provinsi SULAWESI TENGGARA,POINT(121.61595905709854 -3.401384907653344),David Adams Garcia,174172/642228/314043,4011071017813,prima-jaya-terang-resep-bersama-medika,98
Mawar Bumi Jaya Bintang Medik Bersama,Jl. Kota Indah Blok 61 Kota/Kabupaten SAMOSIR Provinsi SUMATERA UTARA,POINT(98.48033334307846 2.514906172475511),Allison Williams Martinez,5190710/71021052/348011,1088242087185,mawar-bumi-jaya-bintang-medik-bersama,338
Bumi Medic Resep Badan Jaya Farma,Jl. Durian Cepat Blok 66 Kota/Kabupaten NIAS SELATAN Provinsi SUMATERA UTARA,POINT(98.27352962497336 -0.0369440646735359),Brittany Williams Jones,965741/2105910/127973,343842431610,bumi-medic-resep-badan-jaya-farma,644
Sentorsa Jaya Bumi Bahagia Bersama Pharma,Jl. Gajah Cermat Cluster 37 Kota/Kabupaten TOJO UNA-UNA Provinsi SULAWESI TENGAH,POINT(121.58488686308628 -1.0254073283255458),Ashley Harris Williams,9100319/280745/684375,7188103801314,sentorsa-jaya-bumi-bahagia-bersama-pharma,670
Bintang Sejahtera Murni Sentorsa Sehat Sejahtera,Jl. Anjing Cerah Blok 6 Kota/Kabupaten KAYONG UTARA Provinsi KALIMANTAN BARAT,POINT(109.54660367397337 -1.1214338757701547),Emily Brown Smith,5191010/752288/831339,5605142110980,bintang-sejahtera-murni-sentorsa-sehat-sejahtera,629
Indah Farmasi Apotik Mawar Apotek Apotik,Jl. Kucing Cermat Daerah 35 Kota/Kabupaten PUNCAK Provinsi PAPUA,POINT(137.44014570730525 -3.091514824621142),Megan Lewis Smith,3010163/247527/741963,442788891200,indah-farmasi-apotik-mawar-apotek-apotik,180
Makmur Sentorsa Cemerlang Amanah Jaya Pharm,Jl. Rambutan Kecil Wilayah 8 Kota/Kabupaten KUANTAN SINGINGI Provinsi RIAU,POINT(101.428671449878 -0.3469514848245811),Megan Nelson Anderson,186513/962290/638711,1880105898125,makmur-sentorsa-cemerlang-amanah-jaya-pharm,259
Berkah Sehat Sejahtera Badan Apotek Medika,Jl. Kebun Cerah Cluster 18 Kota/Kabupaten KATINGAN Provinsi KALIMANTAN TENGAH,POINT(113.46371716571642 -1.836960120251458),Sarah Lewis Smith,971709/815127/1083023,10861075101913,berkah-sehat-sejahtera-badan-apotek-medika,29
Mutiara Amanah Makmur Tenaga Medika Sejahtera,Jl. Kucing Cermat Cluster 59 Kota/Kabupaten LAMPUNG UTARA Provinsi LAMPUNG,POINT(104.65766914011436 -4.949369496889479),Ashley Anderson Johnson,591633/2100720/1103673,1402210824575,mutiara-amanah-makmur-tenaga-medika-sejahtera,868
Farmasi Apotik Harmoni Medical Bersama Farma,Jl. Mangga Tinggi Blok 46 Kota/Kabupaten SAROLANGUN Provinsi JAMBI,POINT(103.12812063565336 -2.2852535675244248),Matt Taylor Thompson,1101922/688125/283618,8410255107805,farmasi-apotik-harmoni-medical-bersama-farma,282
Apotik Surya Medical Murni Apotek Bersama,Jl. Durian Cerah Komplek 58 Kota/Kabupaten NABIRE Provinsi PAPUA,POINT(134.72578793944334 -2.992263878574433),Jason Lewis Wilson,201471/797802/433346,908512485301,apotik-surya-medical-murni-apotek-bersama,236
Mawar Prima Surya Nusantara Farma Pharm,Jl. Rambutan Pintar Blok 39 Kota/Kabupaten BENGKALIS Provinsi RIAU,POINT(101.47920431592289 1.9558250363974672),Katie White Thomas,716723/208859/1013330,5851010815187,mawar-prima-surya-nusantara-farma-pharm,174
Murni Bahagia Tubuh Jaya Apotek Medik,Jl. Durian Cerah Wilayah 94 Kota/Kabupaten KAIMANA Provinsi PAPUA BARAT,POINT(134.57965373209643 -3.9712158237551782),Tom Parker Jones,628171/255487/9541033,6110051564186,murni-bahagia-tubuh-jaya-apotek-medik,288
Jaya Apotik Tubuh Medic Pharma Apotek,Jl. Apel Sari Cluster 9 Kota/Kabupaten KEEROM Provinsi PAPUA,POINT(140.52241594164488 -2.9524163173215374),Steve Taylor Wilson,372618/852182/319341,8100246075971,jaya-apotik-tubuh-medic-pharma-apotek,830
Jaya Terang Berkah Makmur Apotik Jaya,Jl. Gedung Tinggi Blok 4 Kota/Kabupaten MALUKU BARAT DAYA Provinsi MALUKU,POINT(127.42178266942938 -7.566368071013505),Rachel Williams Thomas,1100362/3829010/231794,1100998116005,jaya-terang-berkah-makmur-apotik-jaya,63
Bahagia Mutiara Bumi Resep Medik Apotek,Jl. Balai Besar Blok 58 Kota/Kabupaten MERAUKE Provinsi PAPUA,POINT(139.03557908062268 -7.494591537404995),Lauren Martinez Thompson,109935/124673/3831063,8483418511007,bahagia-mutiara-bumi-resep-medik-apotek,898
Apotik Medic Resep Badan Medika Sejahtera,Jl. Pisang Sari Daerah 99 Kota/Kabupaten DONGGALA Provinsi SULAWESI TENGAH,POINT(119.5915770007849 -1.0457082515232443),Rachel Brown Harris,907114/4681025/734440,530168140582,apotik-medic-resep-badan-medika-sejahtera,137
Jaya Bahagia Apotik Mutiara Pharma Pharm,Jl. Kuda Besar Blok 12 Kota/Kabupaten SUMBAWA Provinsi NUSA TENGGARA BARAT,POINT(117.44348709899997 -8.775845216405243),Mark Taylor Martinez,885150/469276/1163510,8605102701505,jaya-bahagia-apotik-mutiara-pharma-pharm,18
Lestari Surya Harmoni Sentorsa Medika Jaya,Jl. Durian Cerdas Cluster 74 Kota/Kabupaten BOVEN DIGOEL Provinsi PAPUA,POINT(140.69266095178455 -5.670266667349249),Michael Clark Wilson,885153/2671029/2010434,108729510221001,lestari-surya-harmoni-sentorsa-medika-jaya,100
Toko Prima Sentorsa Tenaga Jaya Farma,Jl. Duku Cepat Komplek 87 Kota/Kabupaten SERAM BAGIAN TIMUR Provinsi MALUKU,POINT(130.53077793315475 -3.2116025584538885),John Parker Moore,149754/824060/206132,1140096810480,toko-prima-sentorsa-tenaga-jaya-farma,69
Badan Terang Tenaga Surya Sehat Farma,Jl. Kebun Pintar Blok 73 Kota/Kabupaten BOLAANG MONGONDOW Provinsi SULAWESI UTARA,POINT(124.1861811168193 0.938905053502106),Emily Hill Jones,1061104/460862/8710583,79141061840105,badan-terang-tenaga-surya-sehat-farma,212
Nusantara Badan Surya Sehat Apotik Sehat,Jl. Sirih Pendek Wilayah 88 Kota/Kabupaten TEBO Provinsi JAMBI,POINT(102.17351671644197 -1.203354443172481),Steve Carter Miller,885131/821118/999031,913709838524,nusantara-badan-surya-sehat-apotik-sehat,968
Sentorsa Obat Sehat Indah Apotek Jaya,Jl. Ikan Pendek Daerah 27 Kota/Kabupaten BENGKAYANG Provinsi KALIMANTAN BARAT,POINT(109.71809202143984 1.136600333206303),John Adams Thompson,3011003/977261/144358,8031421418310,sentorsa-obat-sehat-indah-apotek-jaya,343
Badan Sejahtera Bahagia Prima Apotik Pharm,Jl. Kuda Cermat Wilayah 7 Kota/Kabupaten TELUK WONDAMA Provinsi PAPUA BARAT,POINT(134.5791385025496 -2.649115873922817),Megan Hill Thomas,101081102/5122510/322537,608741632894,badan-sejahtera-bahagia-prima-apotik-pharm,227
Nusantara Toko Berkah Mutiara Bersama Sejahtera,Jl. Gajah Sari Wilayah 38 Kota/Kabupaten RAJA AMPAT Provinsi PAPUA BARAT,POINT(129.88891488629966 -1.9653084964584853),Jason Taylor Anderson,136009/329696/813290,28021021020661,nusantara-toko-berkah-mutiara-bersama-sejahtera,403
Prima Nusantara Obat Sejahtera Sejahtera Pharma,Jl. Duku Kecil Blok 4 Kota/Kabupaten SINTANG Provinsi KALIMANTAN BARAT,POINT(112.92550390703856 -0.5019312906888516),Steve Adams Wilson,9110469/660203/889837,708840378441,prima-nusantara-obat-sejahtera-sejahtera-pharma,192
Prima Lestari Obat Sejahtera Pharma Sejahtera,Jl. Mangga Cerdas Cluster 36 Kota/Kabupaten BARITO SELATAN Provinsi KALIMANTAN TENGAH,POINT(114.77877468171698 -2.1699751995740097),Mark Hill Wilson,316509/2801003/732743,8012022217101,prima-lestari-obat-sejahtera-pharma-sejahtera,960
Lestari Medic Sehat Harmoni Medik Apotik,Jl. Sawah Kecil Komplek 66 Kota/Kabupaten SUBANG Provinsi JAWA BARAT,POINT(107.77286369926776 -6.33815500913035),Jason Roberts Moore,8106172/219621/349194,2251105864089,lestari-medic-sehat-harmoni-medik-apotik,588
Badan Surya Prima Toko Bersama Medika,Jl. Anjing Pendek Blok 78 Kota/Kabupaten PASER Provinsi KALIMANTAN TIMUR,POINT(116.3282175152514 -1.3720135730582133),Matt Jackson Anderson,4131053/252182/1310378,292864951088,badan-surya-prima-toko-bersama-medika,606
Surya Lestari Indah Murni Pharm Medik,Jl. Gedung Sari Komplek 8 Kota/Kabupaten LEBAK Provinsi BANTEN,POINT(106.36591029979294 -6.549900684896275),Tom Nelson Jones,110831010/1002204/335612,92299789110100,surya-lestari-indah-murni-pharm-medik,566
Mawar Surya Terang Mutiara Sejahtera Medika,Jl. Duku Pendek Blok 17 Kota/Kabupaten ASMAT Provinsi PAPUA,POINT(138.72716603840377 -5.576036808726876),Jessica Thomas Harris,7524101/213961/1000385,171010310008014,mawar-surya-terang-mutiara-sejahtera-medika,588
Makmur Sehat Bintang Tubuh Sejahtera Jaya,Jl. Jeruk Cerah Daerah 67 Kota/Kabupaten PUNCAK JAYA Provinsi PAPUA,POINT(137.9048394351933 -3.4597580837266406),John Roberts Williams,3551710/1007424/783223,8111025185990,makmur-sehat-bintang-tubuh-sejahtera-jaya,208
Berkah Lestari Terang Jaya Farma Sehat,Jl. Kucing Tinggi Cluster 61 Kota/Kabupaten PASER Provinsi KALIMANTAN TIMUR,POINT(115.82216764340583 -1.6205795726743144),Jason Anderson Davis,1010187/253467/5103568,10480104419810,berkah-lestari-terang-jaya-farma-sehat,672
Murni Resep Tubuh Farmasi Medika Sejahtera,Jl. Gunung Cerdas Daerah 44 Kota/Kabupaten MURUNG RAYA Provinsi KALIMANTAN TENGAH,POINT(113.61696853749336 0.0597524289190527),Lauren Martinez Thompson,897021/5902210/381383,202918602807,murni-resep-tubuh-farmasi-medika-sejahtera,900
Makmur Lestari Jaya Cemerlang Sehat Apotek,Jl. Mangga Jenius Daerah 46 Kota/Kabupaten KOTAWARINGIN BARAT Provinsi KALIMANTAN TENGAH,POINT(111.90251416939982 -3.02447684642676),Lauren Nelson Thomas,4409101/812457/989387,676180265187,makmur-lestari-jaya-cemerlang-sehat-apotek,872
Medic Farmasi Sentorsa Harmoni Bersama Apotik,Jl. Mangga Besar Daerah 33 Kota/Kabupaten PULAU TALIABU Provinsi MALUKU UTARA,POINT(124.69219521331308 -1.966416758225176),Tom Taylor Williams,561684/5410182/960533,629858306133,medic-farmasi-sentorsa-harmoni-bersama-apotik,574
Tenaga Medic Tubuh Prima Pharma Farma,Jl. Kebun Cermat Cluster 69 Kota/Kabupaten FAKFAK Provinsi PAPUA BARAT,POINT(133.27798501255097 -2.8829448290708246),Jason Adams Taylor,356152/6291002/298320,577240873194,tenaga-medic-tubuh-prima-pharma-farma,498
Bahagia Harmoni Mawar Toko Sejahtera Pharm,Jl. Gedung Jenius Blok 77 Kota/Kabupaten PEGUNUNGAN ARFAK Provinsi PAPUA BARAT,POINT(133.74183623706554 -1.1030422844566772),Megan Taylor Jones,525109/980972/479340,71088701090091,bahagia-harmoni-mawar-toko-sejahtera-pharm,111
Kimia Terang Lestari Medical Sejahtera Pharm,Jl. Mangga Kecil Wilayah 97 Kota/Kabupaten SUMBA TIMUR Provinsi NUSA TENGGARA TIMUR,POINT(120.13004464184712 -9.978655263281569),Matt Taylor Garcia,1069451/7103162/645386,1300283903910,kimia-terang-lestari-medical-sejahtera-pharm,277
Sejahtera Badan Farmasi Sentorsa Pharma Bersama,Jl. Anjing Cepat Cluster 14 Kota/Kabupaten KATINGAN Provinsi KALIMANTAN TENGAH,POINT(112.50223175179464 -0.8655458147644293),Brittany Roberts Davis,1091671/563820/352234,1008010110785,sejahtera-badan-farmasi-sentorsa-pharma-bersama,421
Surya Farmasi Resep Makmur Sejahtera Apotek,Jl. Kebun Cermat Cluster 16 Kota/Kabupaten MAMBERAMO RAYA Provinsi PAPUA,POINT(137.50462269794446 -2.227538258927515),Allison Smith Taylor,34710110/813276/10910310,8184981010137,surya-farmasi-resep-makmur-sejahtera-apotek,236
Resep Berkah Cemerlang Tenaga Bersama Sejahtera,Jl. Gunung Jenius Daerah 53 Kota/Kabupaten SERAM BAGIAN TIMUR Provinsi MALUKU,POINT(130.14857772700435 -3.273781758850113),Brittany Parker Thompson,700161/260227/6791023,863801678790,resep-berkah-cemerlang-tenaga-bersama-sejahtera,626
Bakti Tenaga Murni Terang Jaya Medik,Jl. Gunung Indah Daerah 44 Kota/Kabupaten SUKABUMI Provinsi JAWA BARAT,POINT(106.71900487136132 -7.350921847591071),David Harris Taylor,161632/255398/917336,6613801037800,bakti-tenaga-murni-terang-jaya-medik,662
Amanah Bintang Lestari Sehat Sehat Bersama,Jl. Kucing Sejahtera Cluster 5 Kota/Kabupaten SUKAMARA Provinsi KALIMANTAN TENGAH,POINT(111.26014259512324 -2.372488775162316),Allison Taylor Brown,2104814/525736/775530,1437410108781,amanah-bintang-lestari-sehat-sehat-bersama,40
Jaya Badan Jaya Surya Farma Sehat,Jl. Durian Cerah Daerah 52 Kota/Kabupaten KETAPANG Provinsi KALIMANTAN BARAT,POINT(110.90838924923015 -1.4608101638430586),Chris White White,435031/429222/3521061,315847086871,jaya-badan-jaya-surya-farma-sehat,86
Bakti Surya Jaya Bintang Sehat Sejahtera,Jl. Tembok Sejahtera Daerah 35 Kota/Kabupaten KAPUAS Provinsi KALIMANTAN TENGAH,POINT(113.86059408449177 -0.4595862021934458),Ashley Johnson Martin,1410901/5023210/9831097,78631610100881,bakti-surya-jaya-bintang-sehat-sejahtera,923
Prima Toko Prima Obat Pharm Pharma,Jl. Durian Sari Wilayah 37 Kota/Kabupaten KAIMANA Provinsi PAPUA BARAT,POINT(134.3430281263888 -3.634629759994795),Jessica Jones Robinson,513616/988012/238842,4972483038110,prima-toko-prima-obat-pharm-pharma,262
Tubuh Toko Sejahtera Badan Apotik Pharm,Jl. Kucing Cepat Wilayah 8 Kota/Kabupaten KOTA PALOPO Provinsi SULAWESI SELATAN,POINT(120.19914119907062 -3.021882339469462),Chris Johnson Moore,1690105/1061582/332262,876137707718,tubuh-toko-sejahtera-badan-apotik-pharm,842
Surya Kimia Medical Bintang Sejahtera Medik,Jl. Gedung Besar Daerah 80 Kota/Kabupaten MANDAILING NATAL Provinsi SUMATERA UTARA,POINT(99.8173856276259 0.6671661407495346),Alex Roberts Moore,1812810/61021090/877483,8885617908110,surya-kimia-medical-bintang-sejahtera-medik,640
Apotik Tenaga Nusantara Toko Farma Jaya,Jl. Anjing Pendek Komplek 49 Kota/Kabupaten CIREBON Provinsi JAWA BARAT,POINT(108.7384452280012 -6.891824869257459),Megan Anderson Jones,500114/824805/3631041,433519081805,apotik-tenaga-nusantara-toko-farma-jaya,246
Amanah Farmasi Toko Obat Sehat Medika,Jl. Rambutan Sari Daerah 3 Kota/Kabupaten BERAU Provinsi KALIMANTAN TIMUR,POINT(117.3417837138942 2.181714916333421),Lauren White Harris,7210161/4128106/598513,324081332418,amanah-farmasi-toko-obat-sehat-medika,832
Makmur Sejahtera Badan Lestari Sejahtera Medika,Jl. Jeruk Sejahtera Wilayah 83 Kota/Kabupaten MURUNG RAYA Provinsi KALIMANTAN TENGAH,POINT(113.69651583034278 0.060629218715249),Jason Parker Miller,243418/210232/3810340,7508104610518,makmur-sejahtera-badan-lestari-sejahtera-medika,65
Jaya Sejahtera Amanah Tubuh Pharm Jaya,Jl. Kebun Cerah Komplek 7 Kota/Kabupaten LUWU TIMUR Provinsi SULAWESI SELATAN,POINT(120.84918386016824 -2.2186635504425265),Ashley Johnson Anderson,802431/904325/178321,49310105781109,jaya-sejahtera-amanah-tubuh-pharm-jaya,209
Terang Tenaga Tubuh Jaya Sejahtera Sejahtera,Jl. Balai Cerah Daerah 60 Kota/Kabupaten HALMAHERA TENGAH Provinsi MALUKU UTARA,POINT(127.91473448364565 0.6183602580445928),Mark Hill Anderson,3122010/1728110/1041634,631092180681,terang-tenaga-tubuh-jaya-sejahtera-sejahtera,365
Medical Jaya Toko Murni Medika Sehat,Jl. Kucing Jenius Cluster 42 Kota/Kabupaten KOTA PAGAR ALAM Provinsi SUMATERA SELATAN,POINT(103.16015244060688 -4.018024574567913),Rachel Nelson Robinson,7108103/3710632/330531,804154919488,medical-jaya-toko-murni-medika-sehat,277
Bahagia Terang Tubuh Medical Apotik Apotek,Jl. Rambutan Cepat Wilayah 78 Kota/Kabupaten JAYAPURA Provinsi PAPUA,POINT(139.68287489631794 -2.63457638064623),Emily Adams Harris,115343/502549/339563,8184201010218,bahagia-terang-tubuh-medical-apotik-apotek,100
Prima Jaya Mutiara Medic Pharma Apotik,Jl. Jeruk Tinggi Cluster 33 Kota/Kabupaten DHARMASRAYA Provinsi SUMATERA BARAT,POINT(101.56749173867416 -1.1676247144151084),Lauren Nelson Williams,112667/482814/332330,4106910883386,prima-jaya-mutiara-medic-pharma-apotik,980
Kimia Amanah Bintang Badan Farma Sejahtera,Jl. Durian Cermat Wilayah 13 Kota/Kabupaten SUKAMARA Provinsi KALIMANTAN TENGAH,POINT(111.33900205015648 -2.836424597333368),Jason Jones Davis,251484/598742/730316,19001088105141,kimia-amanah-bintang-badan-farma-sejahtera,177
Prima Bumi Terang Indah Sejahtera Farma,Jl. Duku Besar Wilayah 89 Kota/Kabupaten KAPUAS Provinsi KALIMANTAN TENGAH,POINT(114.27465660904124 -3.4111369589110625),Sarah Williams Davis,633421/353266/671393,811809586588,prima-bumi-terang-indah-sejahtera-farma,174
Sehat Sentorsa Prima Bahagia Sehat Farma,Jl. Tembok Indah Daerah 65 Kota/Kabupaten OGAN KOMERING ULU SELATAN Provinsi SUMATERA SELATAN,POINT(103.70969378182834 -4.339200825725938),Allison Martinez Thomas,1010922/834320/839148,869191958107,sehat-sentorsa-prima-bahagia-sehat-farma,622
Lestari Cemerlang Surya Obat Pharma Sejahtera,Jl. Duku Cerah Wilayah 55 Kota/Kabupaten LAMANDAU Provinsi KALIMANTAN TENGAH,POINT(111.14648016851666 -1.9227218370400576),Steve Adams Thompson,1070861/2109140/1029433,648581060494,lestari-cemerlang-surya-obat-pharma-sejahtera,498
Obat Indah Murni Sentorsa Bersama Medika,Jl. Kota Pendek Komplek 59 Kota/Kabupaten BARITO UTARA Provinsi KALIMANTAN TENGAH,POINT(115.3518960496932 -0.60549356305361),Michael Johnson Jackson,211694/626472/883043,1080567938132,obat-indah-murni-sentorsa-bersama-medika,324
Tenaga Mawar Badan Murni Pharm Sehat,Jl. Rambutan Sejahtera Cluster 76 Kota/Kabupaten MAMBERAMO RAYA Provinsi PAPUA,POINT(138.49270880071836 -2.790260253445197),Alex Harris Jones,108007/202857/59100310,226190784196,tenaga-mawar-badan-murni-pharm-sehat,121
Tenaga Harmoni Murni Obat Pharma Medika,Jl. Kota Indah Daerah 93 Kota/Kabupaten KATINGAN Provinsi KALIMANTAN TENGAH,POINT(112.41173673678868 -0.882509993627437),Allison Roberts Thomas,969201/476222/329249,538600913244,tenaga-harmoni-murni-obat-pharma-medika,55
Toko Sentorsa Murni Berkah Pharma Apotek,Jl. Gunung Kecil Blok 83 Kota/Kabupaten PESISIR SELATAN Provinsi SUMATERA BARAT,POINT(100.43213308202655 -1.137092934361048),Steve Martinez Martin,518866/992121/389044,5548100333610,toko-sentorsa-murni-berkah-pharma-apotek,883
Jaya Amanah Mawar Toko Sehat Medik,Jl. Balai Tinggi Wilayah 88 Kota/Kabupaten BERAU Provinsi KALIMANTAN TIMUR,POINT(117.518153155875 2.475711202722465),Michael Johnson Harris,601681/242761/845303,891978410531,jaya-amanah-mawar-toko-sehat-medik,245
Amanah Mutiara Harmoni Obat Pharma Apotik,Jl. Duku Cermat Wilayah 36 Kota/Kabupaten WONOSOBO Provinsi JAWA TENGAH,POINT(109.92893273774078 -7.251298702037872),Michael Clark Brown,467561/630826/3381009,111019440187,amanah-mutiara-harmoni-obat-pharma-apotik,213
Sentorsa Jaya Obat Tenaga Sejahtera Apotik,Jl. Gedung Pintar Wilayah 34 Kota/Kabupaten KAPUAS HULU Provinsi KALIMANTAN BARAT,POINT(111.78108216443415 0.3075695372040012),Emily Parker Miller,377151/9102215/3151047,190446642168,sentorsa-jaya-obat-tenaga-sejahtera-apotik,325
Mutiara Apotik Bakti Jaya Bersama Sejahtera,Jl. Sirih Sejahtera Cluster 3 Kota/Kabupaten BULUNGAN Provinsi KALIMANTAN UTARA,POINT(116.98226143660835 2.84847098596909),Rachel Clark Johnson,696211/1020819/372373,2211090801068,mutiara-apotik-bakti-jaya-bersama-sejahtera,250
Prima Medical Medic Obat Sejahtera Sehat,Jl. Sirih Cepat Wilayah 74 Kota/Kabupaten BENGKAYANG Provinsi KALIMANTAN BARAT,POINT(109.7668442500811 0.9080488456658083),Jason Brown Taylor,891072/794421/808733,843160623870,prima-medical-medic-obat-sejahtera-sehat,498
Tubuh Bahagia Prima Tenaga Bersama Pharma,Jl. Tembok Besar Cluster 14 Kota/Kabupaten PIDIE Provinsi ACEH,POINT(96.00292608939888 5.036722107421008),Allison Carter Williams,189061/862029/387959,348710230000,tubuh-bahagia-prima-tenaga-bersama-pharma,802
Indah Kimia Badan Tenaga Pharm Sejahtera,Jl. Kebun Pendek Daerah 7 Kota/Kabupaten KATINGAN Provinsi KALIMANTAN TENGAH,POINT(113.08602497787844 -1.7643618988307388),Sarah Carter Brown,149109/7927102/836405,21005108641018,indah-kimia-badan-tenaga-pharm-sejahtera,9
Apotik Terang Medic Farmasi Pharma Pharm,Jl. Duku Pintar Cluster 1 Kota/Kabupaten TEBO Provinsi JAMBI,POINT(101.83196443250657 -1.0864532294699352),Tom Williams Moore,1006801/245485/695533,16108002710910,apotik-terang-medic-farmasi-pharma-pharm,54
Prima Medical Sentorsa Bumi Medik Pharma,Jl. Kuda Kecil Wilayah 23 Kota/Kabupaten GAYO LUES Provinsi ACEH,POINT(96.78791368917258 4.0938003529811375),Brittany Taylor Robinson,563811/570102/7346910,3136482103049,prima-medical-sentorsa-bumi-medik-pharma,499
Prima Sentorsa Cemerlang Bahagia Medik Medika,Jl. Apel Pendek Blok 59 Kota/Kabupaten KUPANG Provinsi NUSA TENGGARA TIMUR,POINT(123.70045817260883 -9.96835693446835),Steve Jackson Jones,41081610/2510722/837388,116001010282103,prima-sentorsa-cemerlang-bahagia-medik-medika,66
Sehat Medic Lestari Apotik Medik Bersama,Jl. Kota Kecil Komplek 18 Kota/Kabupaten LUWU UTARA Provinsi SULAWESI SELATAN,POINT(119.9221785350507 -2.515108595711816),Matt Roberts Davis,145436/1321042/1005632,6800110103804,sehat-medic-lestari-apotik-medik-bersama,461
Surya Farmasi Cemerlang Kimia Sejahtera Pharm,Jl. Balai Cerah Blok 7 Kota/Kabupaten SINTANG Provinsi KALIMANTAN BARAT,POINT(112.850492683568 0.0667817958440863),Allison Hill Anderson,121963/7310821/10030410,2100890872111,surya-farmasi-cemerlang-kimia-sejahtera-pharm,566
Sehat Bakti Surya Medic Apotik Sejahtera,Jl. Sawah Besar Daerah 6 Kota/Kabupaten PONOROGO Provinsi JAWA TIMUR,POINT(111.455179672278 -7.852348765433495),Allison Taylor Wilson,916113/110229/4161037,110381051008361,sehat-bakti-surya-medic-apotik-sejahtera,56
Murni Mutiara Mawar Tubuh Pharm Bersama,Jl. Mangga Indah Wilayah 29 Kota/Kabupaten TAMBRAUW Provinsi PAPUA BARAT,POINT(133.1712823723741 -0.5868712195016101),Alex Clark Jones,840130/7510255/6739103,5608357110104,murni-mutiara-mawar-tubuh-pharm-bersama,672
Berkah Tubuh Amanah Nusantara Apotik Bersama,Jl. Pisang Kecil Cluster 83 Kota/Kabupaten MIMIKA Provinsi PAPUA,POINT(136.56327331004434 -4.276759909641068),Brittany Lewis Jackson,186411/1076062/4810390,888809071911,berkah-tubuh-amanah-nusantara-apotik-bersama,150
Makmur Sentorsa Harmoni Badan Jaya Bersama,Jl. Kebun Kecil Cluster 100 Kota/Kabupaten KOLAKA TIMUR Provinsi SULAWESI TENGGARA,POINT(121.39512748432035 -3.602939952432248),Tom Williams Brown,893187/250972/638384,312970814128,makmur-sentorsa-harmoni-badan-jaya-bersama,351
Prima Jaya Bintang Surya Medik Medika,Jl. Pisang Sejahtera Daerah 75 Kota/Kabupaten KUDUS Provinsi JAWA TENGAH,POINT(110.87017694818648 -6.787062769352831),Steve Adams Davis,788161/264759/223385,1501210855158,prima-jaya-bintang-surya-medik-medika,403
Lestari Sentorsa Prima Tenaga Medik Apotik,Jl. Sirih Jenius Daerah 68 Kota/Kabupaten PELALAWAN Provinsi RIAU,POINT(101.94068445050192 -0.0006070910334479),Alex Roberts Martin,4101916/678420/6106300,6020146180108,lestari-sentorsa-prima-tenaga-medik-apotik,17
Harmoni Cemerlang Amanah Indah Sehat Jaya,Jl. Balai Pintar Cluster 31 Kota/Kabupaten KUTAI TIMUR Provinsi KALIMANTAN TIMUR,POINT(118.59826196370236 0.9245910969786912),Brittany Martinez Miller,3710831/1026220/346486,245921188103,harmoni-cemerlang-amanah-indah-sehat-jaya,164
Bumi Tenaga Terang Kimia Medik Farma,Jl. Pisang Sejahtera Blok 53 Kota/Kabupaten KEPULAUAN MENTAWAI Provinsi SUMATERA BARAT,POINT(98.71807346847812 -1.3907077496117477),Jason Martinez Jackson,811507/2810052/332242,59101082921907,bumi-tenaga-terang-kimia-medik-farma,76
Bahagia Tubuh Kimia Mawar Sejahtera Sejahtera,Jl. Duku Jenius Blok 50 Kota/Kabupaten KAPUAS HULU Provinsi KALIMANTAN BARAT,POINT(113.99924383229056 1.376648010804297),Rachel Martinez Robinson,3610216/352129/862318,404041803191,bahagia-tubuh-kimia-mawar-sejahtera-sejahtera,3
Jaya Cemerlang Bintang Obat Medika Farma,Jl. Jeruk Besar Cluster 100 Kota/Kabupaten BOVEN DIGOEL Provinsi PAPUA,POINT(139.8792905601304 -6.1647612139617145),Jessica Jones Garcia,200571/2181510/379373,980854210571,jaya-cemerlang-bintang-obat-medika-farma,23
Mutiara Tubuh Tenaga Badan Pharma Jaya,Jl. Jeruk Cermat Daerah 73 Kota/Kabupaten KAMPAR Provinsi RIAU,POINT(100.90376531356544 0.8221563259190674),Sarah Parker Miller,186508/2428610/7610383,1106882785801,mutiara-tubuh-tenaga-badan-pharma-jaya,23
Surya Surya Bahagia Lestari Jaya Farma,Jl. Sirih Sari Blok 59 Kota/Kabupaten LAMPUNG UTARA Provinsi LAMPUNG,POINT(104.96057665436932 -4.803449248816048),David Johnson Jackson,471089/10107021/11910103,16691080286100,surya-surya-bahagia-lestari-jaya-farma,847
Terang Amanah Bumi Murni Medika Farma,Jl. Tembok Kecil Blok 87 Kota/Kabupaten SINTANG Provinsi KALIMANTAN BARAT,POINT(112.6803508904866 -0.3290285830014223),Michael Anderson Garcia,709719/1005227/3117109,306085741330,terang-amanah-bumi-murni-medika-farma,521
Prima Kimia Mutiara Medical Farma Sehat,Jl. Kebun Cerdas Komplek 47 Kota/Kabupaten TANAH BUMBU Provinsi KALIMANTAN SELATAN,POINT(115.59443848081024 -3.407831432184583),Alex Johnson Brown,1106135/223922/579431,973130318850,prima-kimia-mutiara-medical-farma-sehat,290
Kimia Bumi Lestari Murni Apotek Farma,Jl. Anjing Cepat Komplek 35 Kota/Kabupaten BANYUASIN Provinsi SUMATERA SELATAN,POINT(105.04842449356762 -2.3994356594478514),Mark Martinez Davis,7161100/444260/3010253,8671060591475,kimia-bumi-lestari-murni-apotek-farma,212
Kimia Resep Medic Bumi Medik Jaya,Jl. Jeruk Cerdas Cluster 38 Kota/Kabupaten YAHUKIMO Provinsi PAPUA,POINT(139.99078297778937 -4.526611675069336),Matt Martinez Wilson,1261105/11010200/759363,689001911800,kimia-resep-medic-bumi-medik-jaya,377
Medical Amanah Farmasi Berkah Sehat Pharm,Jl. Kebun Cerah Cluster 96 Kota/Kabupaten KUTAI TIMUR Provinsi KALIMANTAN TIMUR,POINT(116.33846159103996 1.2085296309782263),Emily Harris Davis,4031410/272680/333736,101809140675,medical-amanah-farmasi-berkah-sehat-pharm,158
Bintang Bakti Cemerlang Indah Bersama Sejahtera,Jl. Ikan Cermat Blok 44 Kota/Kabupaten BARITO KUALA Provinsi KALIMANTAN SELATAN,POINT(114.68529209336542 -3.152626398447849),Lauren Hill Jackson,185288/321569/527130,9360810014552,bintang-bakti-cemerlang-indah-bersama-sejahtera,58
Cemerlang Surya Prima Farmasi Bersama Apotik,Jl. Gajah Besar Cluster 73 Kota/Kabupaten DOGIYAI Provinsi PAPUA,POINT(135.7693818172038 -4.0551570053514965),Alex Johnson Wilson,170754/742122/293383,1098031010101108,cemerlang-surya-prima-farmasi-bersama-apotik,127
Obat Terang Berkah Tubuh Apotek Jaya,Jl. Gunung Kecil Wilayah 34 Kota/Kabupaten PAHUWATO Provinsi GORONTALO,POINT(121.81074626099644 0.9215714189595888),Michael Carter Thompson,137184/154227/129354,121189207655,obat-terang-berkah-tubuh-apotek-jaya,661
Prima Bumi Amanah Sejahtera Pharma Bersama,Jl. Anjing Cepat Wilayah 74 Kota/Kabupaten ACEH TAMIANG Provinsi ACEH,POINT(98.2043374423464 4.364101733334781),David Harris Harris,813591/7021044/835051,160183396087,prima-bumi-amanah-sejahtera-pharma-bersama,73
Tubuh Murni Sejahtera Surya Farma Pharma,Jl. Sawah Tinggi Cluster 91 Kota/Kabupaten MERAUKE Provinsi PAPUA,POINT(140.6479340095688 -8.018009230579015),Katie Harris Martin,2104156/3107224/9310161,312804463411,tubuh-murni-sejahtera-surya-farma-pharma,817
Obat Bakti Surya Makmur Pharma Apotik,Jl. Duku Cerah Wilayah 27 Kota/Kabupaten ACEH BARAT Provinsi ACEH,POINT(96.184175125835 4.66076860463056),Matt Clark Martinez,1391093/924777/1074539,45321109087610,obat-bakti-surya-makmur-pharma-apotik,40
Mawar Nusantara Jaya Surya Sejahtera Bersama,Jl. Rambutan Pendek Cluster 69 Kota/Kabupaten MERAUKE Provinsi PAPUA,POINT(137.93203142544786 -8.011355238107187),Matt Smith Smith,7619510/237961/10107453,17310710008079,mawar-nusantara-jaya-surya-sejahtera-bersama,62
Badan Lestari Obat Indah Pharma Apotik,Jl. Mangga Tinggi Wilayah 42 Kota/Kabupaten MUARA ENIM Provinsi SUMATERA SELATAN,POINT(104.44316938666208 -3.402057923325086),Jason Anderson Miller,86101051/284641/727030,10105651183609,badan-lestari-obat-indah-pharma-apotik,938
Terang Tubuh Prima Bakti Sejahtera Sehat,Jl. Sawah Cermat Wilayah 80 Kota/Kabupaten KAPUAS HULU Provinsi KALIMANTAN BARAT,POINT(112.79480210889434 1.1310277581680277),Michael White Wilson,169702/9210122/354379,4109568010407,terang-tubuh-prima-bakti-sejahtera-sehat,718
Nusantara Resep Apotik Bahagia Sejahtera Medik,Jl. Sawah Besar Komplek 32 Kota/Kabupaten BOVEN DIGOEL Provinsi PAPUA,POINT(139.78064547518466 -5.824501337438238),Chris Hill Miller,815044/2094410/435983,6881070890310,nusantara-resep-apotik-bahagia-sejahtera-medik,192
Toko Bumi Terang Prima Sejahtera Pharm,Jl. Mangga Kecil Blok 82 Kota/Kabupaten MINAHASA TENGGARA Provinsi SULAWESI UTARA,POINT(124.78465240656811 0.9577990966264256),Michael Adams Jackson,518349/156207/10931810,8041731019864,toko-bumi-terang-prima-sejahtera-pharm,792
Medic Tubuh Lestari Mutiara Farma Sehat,Jl. Gunung Pendek Cluster 5 Kota/Kabupaten SIKKA Provinsi NUSA TENGGARA TIMUR,POINT(122.16422927699732 -8.580971120522518),Ashley Taylor Jones,466619/11071072/897573,9010805089531,medic-tubuh-lestari-mutiara-farma-sehat,385
Sehat Tubuh Kimia Sentorsa Pharm Pharma,Jl. Kebun Jenius Komplek 57 Kota/Kabupaten ROKAN HULU Provinsi RIAU,POINT(100.88167925469244 1.210793197510908),Lauren Taylor Garcia,389051/41017210/655331,7105710568857,sehat-tubuh-kimia-sentorsa-pharm-pharma,12
Indah Kimia Bintang Mawar Sejahtera Apotek,Jl. Mangga Pendek Daerah 93 Kota/Kabupaten TELUK BINTUNI Provinsi PAPUA BARAT,POINT(132.78208281696848 -1.903590166671993),Brittany Martinez White,106021/2331030/23107107,8501175489010,indah-kimia-bintang-mawar-sejahtera-apotek,161
Medical Nusantara Jaya Harmoni Farma Apotek,Jl. Kota Cermat Daerah 5 Kota/Kabupaten KEEROM Provinsi PAPUA,POINT(140.98850545351598 -3.4601556678926464),John Roberts Anderson,878101/450524/3333110,10258130481084,medical-nusantara-jaya-harmoni-farma-apotek,236
Sehat Toko Terang Bumi Apotek Jaya,Jl. Tembok Sari Cluster 48 Kota/Kabupaten BURU Provinsi MALUKU,POINT(126.29758307402494 -3.2774451989762463),Chris Brown Smith,6105413/2810185/139766,651439102088,sehat-toko-terang-bumi-apotek-jaya,37
Tubuh Apotik Badan Prima Sehat Jaya,Jl. Kuda Jenius Komplek 19 Kota/Kabupaten KUPANG Provinsi NUSA TENGGARA TIMUR,POINT(124.20108471960144 -10.106922775615262),Allison Harris White,996891/772751/839419,519781880786,tubuh-apotik-badan-prima-sehat-jaya,15
Sentorsa Toko Bakti Farmasi Sejahtera Sehat,Jl. Gedung Sari Daerah 38 Kota/Kabupaten REMBANG Provinsi JAWA TENGAH,POINT(111.53640982103116 -6.700817376577556),Steve Smith Johnson,1810099/154217/9310528,1020986191083,sentorsa-toko-bakti-farmasi-sejahtera-sehat,436
Kimia Mawar Prima Sentorsa Medik Sejahtera,Jl. Duku Besar Cluster 43 Kota/Kabupaten ACEH SINGKIL Provinsi ACEH,POINT(97.41733288355236 2.3359149945890056),Sarah Roberts Jones,116520/677226/7803105,4410810134688,kimia-mawar-prima-sentorsa-medik-sejahtera,35
Apotik Badan Bahagia Sejahtera Medik Bersama,Jl. Jeruk Kecil Cluster 99 Kota/Kabupaten INTAN JAYA Provinsi PAPUA,POINT(136.48894845504782 -3.259344631626438),Lauren Anderson Brown,165958/244205/136310,107310487010110,apotik-badan-bahagia-sejahtera-medik-bersama,382
Obat Sentorsa Tenaga Berkah Medika Sejahtera,Jl. Kuda Sejahtera Cluster 95 Kota/Kabupaten TASIKMALAYA Provinsi JAWA BARAT,POINT(107.9598539780648 -7.708893442044215),Katie Brown Robinson,864001/268768/284233,323167118705,obat-sentorsa-tenaga-berkah-medika-sejahtera,79
Resep Apotik Makmur Obat Bersama Pharm,Jl. Duku Indah Blok 97 Kota/Kabupaten MAHAKAM ULU Provinsi KALIMANTAN TIMUR,POINT(114.29020730839476 1.1392828392649843),John Thomas Martinez,106739/510532/594032,1804231006410,resep-apotik-makmur-obat-bersama-pharm,571
Kimia Nusantara Bahagia Apotik Sejahtera Pharm,Jl. Gedung Pendek Komplek 87 Kota/Kabupaten KAPUAS Provinsi KALIMANTAN TENGAH,POINT(114.0696952962917 -0.6286556945158424),Rachel Anderson Jackson,114193/863216/6910539,119064604081,kimia-nusantara-bahagia-apotik-sejahtera-pharm,433
Sejahtera Sentorsa Sehat Murni Sejahtera Medika,Jl. Balai Pendek Komplek 37 Kota/Kabupaten DOGIYAI Provinsi PAPUA,POINT(137.1175689744407 -3.018688158386481),Lauren Clark Smith,750120/698207/831210,61103803761410,sejahtera-sentorsa-sehat-murni-sejahtera-medika,907
Bumi Lestari Bakti Sejahtera Medika Bersama,Jl. Kebun Sejahtera Cluster 61 Kota/Kabupaten WAROPEN Provinsi PAPUA,POINT(136.9595839650517 -2.5457722700869247),John Williams Martinez,321195/2740210/10310948,211010328110420,bumi-lestari-bakti-sejahtera-medika-bersama,388
Cemerlang Surya Murni Berkah Jaya Apotik,Jl. Kebun Kecil Komplek 92 Kota/Kabupaten SERUYAN Provinsi KALIMANTAN TENGAH,POINT(111.9392497585317 -1.6400682838354204),Katie Anderson Moore,961723/281315/330660,748031043406,cemerlang-surya-murni-berkah-jaya-apotik,582
Bahagia Jaya Mawar Berkah Apotik Medik,Jl. Apel Tinggi Wilayah 37 Kota/Kabupaten SINTANG Provinsi KALIMANTAN BARAT,POINT(112.56084492956656 -0.142245991216404),Katie Martinez Jones,156811/7202104/743970,8214563808410,bahagia-jaya-mawar-berkah-apotik-medik,982
Medical Bakti Mutiara Surya Apotek Sehat,Jl. Kuda Indah Komplek 29 Kota/Kabupaten PEMALANG Provinsi JAWA TENGAH,POINT(109.23795102483064 -7.168208007918105),Steve Smith Moore,5101375/801020/569823,5511048202045,medical-bakti-mutiara-surya-apotek-sehat,695
Jaya Surya Bakti Tubuh Pharm Sejahtera,Jl. Rambutan Pintar Wilayah 71 Kota/Kabupaten BERAU Provinsi KALIMANTAN TIMUR,POINT(117.124647003799 2.479250933259806),Jason Thomas Taylor,176319/9722105/345311,1018338810230,jaya-surya-bakti-tubuh-pharm-sejahtera,576
Lestari Mawar Berkah Amanah Farma Jaya,Jl. Ikan Cepat Cluster 13 Kota/Kabupaten LANDAK Provinsi KALIMANTAN BARAT,POINT(109.32188001834196 0.6706843431412217),Alex Clark Moore,8101626/2007110/3910462,5381810839800,lestari-mawar-berkah-amanah-farma-jaya,325
Badan Sentorsa Jaya Prima Sejahtera Apotik,Jl. Kuda Kecil Daerah 63 Kota/Kabupaten BANGKA BARAT Provinsi KEPULAUAN BANGKA BELITUNG,POINT(105.52033270254336 -1.7479984722244897),Megan Thomas Moore,4842101/228422/489391,5803101928384,badan-sentorsa-jaya-prima-sejahtera-apotik,59
Nusantara Medic Farmasi Kimia Jaya Pharma,Jl. Anjing Pintar Wilayah 18 Kota/Kabupaten ROKAN HULU Provinsi RIAU,POINT(100.50586599876674 0.5209385446649595),John Roberts Garcia,170552/886521/311701,484000371985,nusantara-medic-farmasi-kimia-jaya-pharma,281
Mawar Sejahtera Murni Makmur Medika Apotek,Jl. Jeruk Tinggi Komplek 92 Kota/Kabupaten PANGANDARAN Provinsi JAWA BARAT,POINT(108.56030564439276 -7.656737273985493),Ashley Thomas Moore,9041010/3210075/340437,10010389120751,mawar-sejahtera-murni-makmur-medika-apotek,27
Harmoni Bumi Sentorsa Berkah Medik Pharm,Jl. Gunung Cermat Komplek 18 Kota/Kabupaten SUMBA TIMUR Provinsi NUSA TENGGARA TIMUR,POINT(120.18899821873012 -9.47367904231132),Lauren Clark Thompson,103165/721821/433872,6104839038561,harmoni-bumi-sentorsa-berkah-medik-pharm,694
Indah Medical Bakti Jaya Medik Apotek,Jl. Anjing Pendek Daerah 20 Kota/Kabupaten BENGKULU UTARA Provinsi BENGKULU,POINT(101.90958053252868 -3.19754924396938),Jessica Nelson Jackson,2561109/2571093/326000,252250818062,indah-medical-bakti-jaya-medik-apotek,285
Mawar Harmoni Sentorsa Surya Sejahtera Pharma,Jl. Kebun Pendek Blok 49 Kota/Kabupaten FAKFAK Provinsi PAPUA BARAT,POINT(133.02181213626932 -3.4315164100406816),Chris Clark Thomas,1810230/627405/300360,650461804111,mawar-harmoni-sentorsa-surya-sejahtera-pharma,238
Tenaga Amanah Bintang Bakti Sejahtera Apotik,Jl. Duku Cerah Cluster 35 Kota/Kabupaten ACEH JAYA Provinsi ACEH,POINT(95.48512656633548 4.997310972090467),Katie Martinez Anderson,1051002/607822/133000,41045810410334,tenaga-amanah-bintang-bakti-sejahtera-apotik,998
Bumi Harmoni Terang Resep Sehat Medik,Jl. Apel Kecil Cluster 67 Kota/Kabupaten KUTAI BARAT Provinsi KALIMANTAN TIMUR,POINT(116.09235770690512 -0.2298821802561885),John Thomas Martin,1110189/967432/8108930,550830468971,bumi-harmoni-terang-resep-sehat-medik,376
Bakti Terang Lestari Farmasi Bersama Farma,Jl. Anjing Pintar Cluster 13 Kota/Kabupaten MALAKA Provinsi NUSA TENGGARA TIMUR,POINT(125.041662888597 -9.364427235551588),Matt Martinez Thomas,18291010/212412/936537,7406101178534,bakti-terang-lestari-farmasi-bersama-farma,311
Makmur Bakti Apotik Sentorsa Sejahtera Sejahtera,Jl. Rambutan Pendek Blok 4 Kota/Kabupaten KOTA DUMAI Provinsi RIAU,POINT(101.27750182397072 1.7431200227310022),Lauren Nelson Martinez,904031/1011425/630614,1182010544812,makmur-bakti-apotik-sentorsa-sejahtera-sejahtera,498
Makmur Sejahtera Kimia Obat Pharm Pharma,Jl. Gajah Pendek Daerah 16 Kota/Kabupaten TUBAN Provinsi JAWA TIMUR,POINT(111.9161039156404 -6.9229931491522),John Taylor Taylor,1006811/261815/1092378,10410368482100,makmur-sejahtera-kimia-obat-pharm-pharma,215
Makmur Nusantara Tenaga Amanah Bersama Pharma,Jl. Balai Cepat Blok 96 Kota/Kabupaten ROKAN HILIR Provinsi RIAU,POINT(100.97970034984804 2.1275604635378347),Matt Adams Smith,661412/932163/234876,6410382311609,makmur-nusantara-tenaga-amanah-bersama-pharma,443
Resep Tubuh Medic Sehat Pharma Apotik,Jl. Mangga Indah Wilayah 33 Kota/Kabupaten INDRAMAYU Provinsi JAWA BARAT,POINT(108.16105727570616 -6.312036419210039),Steve Lewis Garcia,153222/522970/7104693,9141050038017,resep-tubuh-medic-sehat-pharma-apotik,115
Tubuh Bumi Toko Mawar Apotik Apotek,Jl. Ikan Tinggi Daerah 93 Kota/Kabupaten PADANG LAWAS UTARA Provinsi SUMATERA UTARA,POINT(99.7628400213477 1.49501566581794),Megan Nelson Moore,760120/462513/736664,463717883006,tubuh-bumi-toko-mawar-apotik-apotek,227
Mutiara Terang Indah Badan Sehat Bersama,Jl. Kuda Indah Blok 42 Kota/Kabupaten KOLAKA TIMUR Provinsi SULAWESI TENGGARA,POINT(121.3056499989701 -3.449644052739246),Steve Williams Jackson,239115/528595/374675,10145100704883,mutiara-terang-indah-badan-sehat-bersama,856
Berkah Medic Indah Jaya Sehat Apotik,Jl. Mangga Tinggi Wilayah 47 Kota/Kabupaten MAHAKAM ULU Provinsi KALIMANTAN TIMUR,POINT(114.74778614674992 0.8015234385705448),Ashley White Moore,1011200/586291/233420,18041018305710,berkah-medic-indah-jaya-sehat-apotik,868
Obat Cemerlang Prima Toko Pharma Jaya,Jl. Anjing Jenius Daerah 90 Kota/Kabupaten KUTAI BARAT Provinsi KALIMANTAN TIMUR,POINT(115.42304453277924 -0.425579995680259),Matt Martinez Harris,331703/878229/315301,8490148287510,obat-cemerlang-prima-toko-pharma-jaya,154
Jaya Badan Cemerlang Sejahtera Apotek Jaya,Jl. Kebun Cerdas Komplek 27 Kota/Kabupaten MELAWI Provinsi KALIMANTAN BARAT,POINT(112.17221455096112 -0.545533641165612),Katie Smith Harris,470113/6102568/41021037,124895101001056,jaya-badan-cemerlang-sejahtera-apotek-jaya,14
Nusantara Resep Mutiara Jaya Medika Pharm,Jl. Balai Indah Daerah 32 Kota/Kabupaten MAYBRAT Provinsi PAPUA BARAT,POINT(132.49095394259786 -1.3404939957291724),Matt Harris Smith,741759/230365/8410083,454872753201,nusantara-resep-mutiara-jaya-medika-pharm,23
Amanah Farmasi Mutiara Terang Apotik Pharma,Jl. Sirih Pintar Cluster 74 Kota/Kabupaten MIMIKA Provinsi PAPUA,POINT(136.42318073809048 -4.683505863031888),Ashley Carter Robinson,145093/61081022/656783,109698560295,amanah-farmasi-mutiara-terang-apotik-pharma,729
Indah Resep Sejahtera Medical Jaya Pharm,Jl. Apel Kecil Cluster 15 Kota/Kabupaten MAMBERAMO RAYA Provinsi PAPUA,POINT(138.89622676637873 -3.133392726355475),Rachel Brown Martinez,113807/767252/4738310,91088024491610,indah-resep-sejahtera-medical-jaya-pharm,367
Terang Lestari Kimia Harmoni Pharm Medik,Jl. Kuda Pendek Komplek 59 Kota/Kabupaten PARIGI MOUTONG Provinsi SULAWESI TENGAH,POINT(120.2814370720192 0.4886831754153373),Allison Brown Smith,151218/1023716/8103745,680002825231,terang-lestari-kimia-harmoni-pharm-medik,832
Sejahtera Bahagia Lestari Nusantara Bersama Sejahtera,Jl. Kucing Jenius Cluster 2 Kota/Kabupaten KATINGAN Provinsi KALIMANTAN TENGAH,POINT(112.8009703601419 -1.038646779638004),Sarah Parker Brown,641723/2710201/2105131,8104811069966,sejahtera-bahagia-lestari-nusantara-bersama-sejahtera,124
Bintang Obat Prima Sejahtera Bersama Medik,Jl. Pisang Sejahtera Daerah 80 Kota/Kabupaten PULAU MOROTAI Provinsi MALUKU UTARA,POINT(128.6107030630315 2.3637813216928727),Steve Parker Davis,405219/2102100/134139,8721001421076,bintang-obat-prima-sejahtera-bersama-medik,249
Tubuh Sehat Nusantara Badan Jaya Sejahtera,Jl. Kota Pendek Cluster 90 Kota/Kabupaten MALINAU Provinsi KALIMANTAN UTARA,POINT(115.6016850753732 1.387337400013955),Sarah Hill Wilson,469861/2999105/326053,2187001087000,tubuh-sehat-nusantara-badan-jaya-sejahtera,71
Surya Prima Mutiara Obat Apotik Medika,Jl. Anjing Jenius Cluster 55 Kota/Kabupaten WAROPEN Provinsi PAPUA,POINT(136.68263966797784 -2.5706838174921973),Ashley Thomas White,9041210/820093/916031,885426109857,surya-prima-mutiara-obat-apotik-medika,81
Bumi Amanah Bakti Apotik Sejahtera Medik,Jl. Pisang Jenius Cluster 32 Kota/Kabupaten KETAPANG Provinsi KALIMANTAN BARAT,POINT(110.08218510590736 -1.8305174783583704),Katie White Garcia,6106621/528145/971635,10590081029810,bumi-amanah-bakti-apotik-sejahtera-medik,154
Medical Prima Lestari Obat Farma Sejahtera,Jl. Pisang Sari Daerah 75 Kota/Kabupaten SINTANG Provinsi KALIMANTAN BARAT,POINT(111.18756873813712 -0.132326178781124),Megan Roberts Martin,275719/712890/2324100,1088468670154,medical-prima-lestari-obat-farma-sejahtera,937
Badan Sehat Jaya Toko Farma Apotek,Jl. Kucing Besar Wilayah 63 Kota/Kabupaten NDUGA Provinsi PAPUA,POINT(138.0488899736593 -4.439231819219809),Chris Lewis Thomas,208139/7781082/4103239,458050102190,badan-sehat-jaya-toko-farma-apotek,342
Obat Surya Mawar Prima Sehat Bersama,Jl. Gedung Cepat Wilayah 88 Kota/Kabupaten TANJUNG JABUNG BARAT Provinsi JAMBI,POINT(102.78048488194084 -1.2651622829164957),John Nelson Martin,790831/52310109/639204,10301061483287,obat-surya-mawar-prima-sehat-bersama,761
Cemerlang Resep Makmur Nusantara Pharma Farma,Jl. Kota Cerah Cluster 29 Kota/Kabupaten KAMPAR Provinsi RIAU,POINT(101.12739046444848 -0.0215262476962063),Mark White Johnson,2081010/2110798/310486,7091085002891,cemerlang-resep-makmur-nusantara-pharma-farma,898
Lestari Nusantara Bumi Bahagia Jaya Medika,Jl. Gunung Cepat Cluster 54 Kota/Kabupaten KUTAI KARTANEGARA Provinsi KALIMANTAN TIMUR,POINT(116.88170568658086 -0.5973467205651115),Lauren Roberts Martinez,1889510/5210660/903801,7854201063015,lestari-nusantara-bumi-bahagia-jaya-medika,210
Kimia Makmur Surya Prima Farma Sejahtera,Jl. Balai Tinggi Daerah 8 Kota/Kabupaten BENGKAYANG Provinsi KALIMANTAN BARAT,POINT(109.12884637568736 0.8725459156310524),Steve Lewis Brown,100075/849128/845538,789126886350,kimia-makmur-surya-prima-farma-sejahtera,403
Berkah Bintang Mutiara Surya Sehat Farma,Jl. Apel Cerdas Daerah 23 Kota/Kabupaten NDUGA Provinsi PAPUA,POINT(138.15678115424976 -4.476605577880586),Ashley Taylor Williams,119969/161924/1214310,1088059881029,berkah-bintang-mutiara-surya-sehat-farma,295
Medical Prima Sejahtera Bintang Pharma Medik,Jl. Sirih Cepat Wilayah 31 Kota/Kabupaten LAMPUNG TENGAH Provinsi LAMPUNG,POINT(105.05471560531385 -5.071148562936886),Tom White Moore,6413105/472852/6103332,6403180996910,medical-prima-sejahtera-bintang-pharma-medik,615
Bumi Terang Badan Farmasi Pharm Sejahtera,Jl. Mangga Kecil Daerah 41 Kota/Kabupaten REJANG LEBONG Provinsi BENGKULU,POINT(102.71364641032724 -3.5163258202719216),Allison Jackson Williams,333153/102695/740302,9890907810816,bumi-terang-badan-farmasi-pharm-sejahtera,235
Nusantara Medical Jaya Murni Apotek Jaya,Jl. Gedung Pendek Wilayah 19 Kota/Kabupaten KAIMANA Provinsi PAPUA BARAT,POINT(134.18735871402902 -3.1263538634412944),Brittany Jones Smith,560193/265879/6523103,61051081020832,nusantara-medical-jaya-murni-apotek-jaya,39
Apotik Bumi Nusantara Prima Medika Pharm,Jl. Gedung Sari Cluster 19 Kota/Kabupaten KOLAKA TIMUR Provinsi SULAWESI TENGGARA,POINT(121.48934553528586 -3.707074931055818),Ashley Harris Taylor,516390/119292/339873,1626486010685,apotik-bumi-nusantara-prima-medika-pharm,543
Obat Sehat Cemerlang Prima Apotek Medika,Jl. Balai Sejahtera Blok 8 Kota/Kabupaten MAMBERAMO RAYA Provinsi PAPUA,POINT(137.87502934277512 -3.10074143434745),John Lewis Jackson,761116/22101094/856391,817793105696,obat-sehat-cemerlang-prima-apotek-medika,134
Obat Medic Surya Bakti Sejahtera Medika,Jl. Gunung Cerah Wilayah 54 Kota/Kabupaten KUBU RAYA Provinsi KALIMANTAN BARAT,POINT(109.35613102245168 -0.7880876169243987),Steve Martinez Smith,188534/1085829/10103246,2191010083308,obat-medic-surya-bakti-sejahtera-medika,34
Surya Lestari Medic Bumi Apotik Sehat,Jl. Durian Sejahtera Komplek 14 Kota/Kabupaten RAJA AMPAT Provinsi PAPUA BARAT,POINT(130.80682198178278 -1.1405062269173882),John Carter Brown,380781/5510221/132753,651856869650,surya-lestari-medic-bumi-apotik-sehat,761
Resep Bumi Bahagia Makmur Farma Sejahtera,Jl. Kucing Indah Wilayah 68 Kota/Kabupaten KOTA PALEMBANG Provinsi SUMATERA SELATAN,POINT(104.65890056669248 -2.932249738905352),Jessica Parker Thomas,224915/255037/6639410,370510679686,resep-bumi-bahagia-makmur-farma-sejahtera,171
Prima Terang Nusantara Mawar Medik Sejahtera,Jl. Kota Indah Komplek 89 Kota/Kabupaten MUSI RAWAS Provinsi SUMATERA SELATAN,POINT(103.42636047821216 -3.442265120593288),David Thomas Martin,41039110/213529/407346,308411560218,prima-terang-nusantara-mawar-medik-sejahtera,38
Farmasi Prima Mutiara Murni Apotik Medik,Jl. Kebun Kecil Blok 23 Kota/Kabupaten MUSI RAWAS Provinsi SUMATERA SELATAN,POINT(103.2179187067601 -3.294007971097618),Alex Johnson Miller,644112/2103007/306357,895782047317,farmasi-prima-mutiara-murni-apotik-medik,840
Tubuh Amanah Surya Jaya Medika Sejahtera,Jl. Pisang Kecil Daerah 51 Kota/Kabupaten BERAU Provinsi KALIMANTAN TIMUR,POINT(117.0898334562768 1.6137676604262197),Katie Clark Jones,1054100/922991/353318,428022512356,tubuh-amanah-surya-jaya-medika-sejahtera,131
Surya Berkah Apotik Prima Pharm Sejahtera,Jl. Gajah Indah Blok 57 Kota/Kabupaten GROBOGAN Provinsi JAWA TENGAH,POINT(111.167313156637 -7.0126488685102135),Steve Smith Wilson,269701/640621/735210,6022809808110,surya-berkah-apotik-prima-pharm-sejahtera,250
Prima Toko Bahagia Tubuh Medika Sehat,Jl. Kota Cepat Blok 1 Kota/Kabupaten SUMBA TENGAH Provinsi NUSA TENGGARA TIMUR,POINT(119.67471589739604 -9.42482424674547),David Smith Johnson,6116108/435702/7100013,941041681681,prima-toko-bahagia-tubuh-medika-sehat,442
Mawar Medic Indah Medical Medika Sehat,Jl. Sirih Pendek Daerah 15 Kota/Kabupaten KUTAI KARTANEGARA Provinsi KALIMANTAN TIMUR,POINT(115.77993553237708 1.040612999044093),Ashley Lewis Martin,189842/243801/1077381,751555118410,mawar-medic-indah-medical-medika-sehat,235
Prima Berkah Makmur Surya Sejahtera Bersama,Jl. Duku Besar Wilayah 14 Kota/Kabupaten BARITO TIMUR Provinsi KALIMANTAN TENGAH,POINT(115.14140553060912 -1.7801738764860673),Lauren Parker Thomas,1049021/323545/357230,4011110718574,prima-berkah-makmur-surya-sejahtera-bersama,290
Medical Sentorsa Makmur Medic Farma Medik,Jl. Jeruk Cerah Komplek 49 Kota/Kabupaten TAPANULI TENGAH Provinsi SUMATERA UTARA,POINT(98.43556446673354 2.042626096673036),David Martinez Miller,810557/2201021/393385,204903178682,medical-sentorsa-makmur-medic-farma-medik,71
Bakti Mawar Obat Indah Apotek Sejahtera,Jl. Kuda Kecil Cluster 40 Kota/Kabupaten MAHAKAM ULU Provinsi KALIMANTAN TIMUR,POINT(115.21360286054126 0.8657503605710666),Matt White Martinez,318834/8223105/394275,467189501851,bakti-mawar-obat-indah-apotek-sejahtera,419
Badan Terang Berkah Obat Sejahtera Pharma,Jl. Kuda Besar Cluster 14 Kota/Kabupaten SANGGAU Provinsi KALIMANTAN BARAT,POINT(110.36165685001288 0.4185579744518808),Jason Parker Taylor,4129110/211700/638036,71010108600087,badan-terang-berkah-obat-sejahtera-pharma,12
Murni Cemerlang Toko Prima Medika Sejahtera,Jl. Rambutan Kecil Wilayah 40 Kota/Kabupaten TABALONG Provinsi KALIMANTAN SELATAN,POINT(115.48922560024369 -1.7229746000925577),Brittany Clark Thomas,719861/58102102/8803103,8491088810101,murni-cemerlang-toko-prima-medika-sejahtera,386
Bakti Sehat Tubuh Berkah Sejahtera Sejahtera,Jl. Sirih Jenius Komplek 9 Kota/Kabupaten KATINGAN Provinsi KALIMANTAN TENGAH,POINT(113.0845078918424 -0.5305224794938361),Megan Clark Thomas,1241065/862696/44108310,800119368955,bakti-sehat-tubuh-berkah-sejahtera-sejahtera,780
Berkah Bakti Kimia Nusantara Pharma Sehat,Jl. Gunung Cepat Wilayah 42 Kota/Kabupaten MERAUKE Provinsi PAPUA,POINT(140.6915212812092 -8.675533578151494),Rachel Lewis Jackson,7521015/529045/666653,806800514301,berkah-bakti-kimia-nusantara-pharma-sehat,180
Bumi Medical Bakti Jaya Medika Pharm,Jl. Mangga Sari Blok 68 Kota/Kabupaten JAYAPURA Provinsi PAPUA,POINT(139.6495052898331 -2.5887718239741293),Steve Taylor Johnson,292512/97109210/1013335,5803101037020,bumi-medical-bakti-jaya-medika-pharm,281
Mawar Surya Jaya Prima Apotik Apotek,Jl. Kucing Pintar Blok 5 Kota/Kabupaten DOMPU Provinsi NUSA TENGGARA BARAT,POINT(118.38934270325768 -8.837421585339696),Alex Martinez Smith,1123102/209740/3486710,310100875100318,mawar-surya-jaya-prima-apotik-apotek,729
Harmoni Amanah Jaya Berkah Apotik Pharma,Jl. Pisang Pendek Daerah 58 Kota/Kabupaten MERAUKE Provinsi PAPUA,POINT(140.80355538971585 -7.315550773335627),Steve Roberts Garcia,8105120/2710844/583602,1070107366684,harmoni-amanah-jaya-berkah-apotik-pharma,476
Surya Lestari Tenaga Bakti Jaya Apotik,Jl. Kota Pendek Wilayah 52 Kota/Kabupaten SAMBAS Provinsi KALIMANTAN BARAT,POINT(109.32678364481518 1.4762961389592224),John Clark Martin,2107109/207661/3873310,8561911941007,surya-lestari-tenaga-bakti-jaya-apotik,103
Toko Sejahtera Kimia Harmoni Pharma Jaya,Jl. Durian Kecil Wilayah 70 Kota/Kabupaten ASAHAN Provinsi SUMATERA UTARA,POINT(99.37643250459172 2.596944978988546),Allison Jackson Taylor,186072/5621110/437846,81137320103310,toko-sejahtera-kimia-harmoni-pharma-jaya,270
Toko Indah Harmoni Surya Sejahtera Apotek,Jl. Sawah Tinggi Wilayah 60 Kota/Kabupaten PESISIR SELATAN Provinsi SUMATERA BARAT,POINT(101.06301209089372 -1.7345734682678111),Matt White Jones,3210131/624662/10410063,8986710412701,toko-indah-harmoni-surya-sejahtera-apotek,622
Sejahtera Toko Makmur Apotik Jaya Sejahtera,Jl. Gajah Cepat Wilayah 20 Kota/Kabupaten TELUK BINTUNI Provinsi PAPUA BARAT,POINT(133.14444051974277 -1.393336119397432),Mark Williams Garcia,643110/9282106/26310103,83089100021100,sejahtera-toko-makmur-apotik-jaya-sejahtera,31
Tubuh Medic Farmasi Bumi Sejahtera Pharma,Jl. Duku Kecil Wilayah 53 Kota/Kabupaten SIKKA Provinsi NUSA TENGGARA TIMUR,POINT(122.64379814867053 -8.518001146966164),Chris Martinez Taylor,3011019/645152/204359,5904871073184,tubuh-medic-farmasi-bumi-sejahtera-pharma,340
Harmoni Lestari Toko Cemerlang Farma Apotek,Jl. Anjing Cepat Cluster 2 Kota/Kabupaten CILACAP Provinsi JAWA TENGAH,POINT(109.09374068387508 -7.667798582186865),Ashley Martinez Williams,529913/3201110/9107533,14021071810004,harmoni-lestari-toko-cemerlang-farma-apotek,960
Surya Bahagia Lestari Nusantara Farma Sejahtera,Jl. Sawah Sejahtera Komplek 55 Kota/Kabupaten MERANGIN Provinsi JAMBI,POINT(102.01804068728896 -2.253837694068816),David Taylor Moore,120182/6071026/595380,659088951561,surya-bahagia-lestari-nusantara-farma-sejahtera,121
Nusantara Bakti Sentorsa Toko Apotik Sejahtera,Jl. Kota Tinggi Wilayah 67 Kota/Kabupaten RAJA AMPAT Provinsi PAPUA BARAT,POINT(130.4866020582105 -0.2090384279720698),Jessica Jackson Taylor,4510216/3192100/10397310,56483101081027,nusantara-bakti-sentorsa-toko-apotik-sejahtera,887
Prima Sehat Surya Jaya Jaya Pharma,Jl. Gedung Sejahtera Daerah 16 Kota/Kabupaten PELALAWAN Provinsi RIAU,POINT(102.33156225050824 0.4080168397216628),Chris Smith White,8231071/460623/659531,2800193161040,prima-sehat-surya-jaya-jaya-pharma,46
Terang Amanah Apotik Toko Bersama Sejahtera,Jl. Sawah Cermat Cluster 20 Kota/Kabupaten ASAHAN Provinsi SUMATERA UTARA,POINT(99.76451422521852 3.0665912625827687),Michael Adams Robinson,4712105/2699110/5401034,6471680106703,terang-amanah-apotik-toko-bersama-sejahtera,164
Resep Tenaga Lestari Makmur Sejahtera Medik,Jl. Sirih Pintar Daerah 90 Kota/Kabupaten LUWU TIMUR Provinsi SULAWESI SELATAN,POINT(121.098612309605 -2.6539191060380354),Matt Williams Wilson,361802/620384/1028366,2090978181009,resep-tenaga-lestari-makmur-sejahtera-medik,74
Terang Mutiara Badan Kimia Farma Pharma,Jl. Apel Sejahtera Cluster 50 Kota/Kabupaten NIAS UTARA Provinsi SUMATERA UTARA,POINT(97.27183719561522 1.341842217079531),Katie Nelson Anderson,111227/183224/751364,936881086838,terang-mutiara-badan-kimia-farma-pharma,281
Prima Berkah Mutiara Surya Medika Sehat,Jl. Pisang Indah Daerah 35 Kota/Kabupaten MAJENE Provinsi SULAWESI BARAT,POINT(118.94421583399956 -3.4578646083517093),Katie Johnson Harris,156098/982024/362387,10018719510901,prima-berkah-mutiara-surya-medika-sehat,13
Resep Sentorsa Indah Toko Farma Apotik,Jl. Kucing Sejahtera Komplek 79 Kota/Kabupaten PESISIR SELATAN Provinsi SUMATERA BARAT,POINT(100.6344682879941 -1.303587677259264),Tom White Wilson,1038911/96101021/751837,151687707603,resep-sentorsa-indah-toko-farma-apotik,402
Medic Prima Sejahtera Farmasi Apotik Farma,Jl. Durian Pintar Wilayah 79 Kota/Kabupaten MAHAKAM ULU Provinsi KALIMANTAN TIMUR,POINT(114.3081468240444 1.163028842707817),Katie Taylor Jones,731425/342827/980311,185449419707,medic-prima-sejahtera-farmasi-apotik-farma,357
Farmasi Tubuh Murni Jaya Medik Farma,Jl. Jeruk Tinggi Wilayah 63 Kota/Kabupaten KETAPANG Provinsi KALIMANTAN BARAT,POINT(110.25453391799694 -1.7142131587378966),Katie Clark Martinez,2115108/726298/389274,3170810259210,farmasi-tubuh-murni-jaya-medik-farma,40
Tenaga Farmasi Apotik Makmur Medika Apotek,Jl. Gedung Pintar Wilayah 84 Kota/Kabupaten KETAPANG Provinsi KALIMANTAN BARAT,POINT(110.57789554941452 -0.9119815310857328),Ashley Hill Robinson,514709/9102400/203115,936950381100,tenaga-farmasi-apotik-makmur-medika-apotek,122
Jaya Badan Bintang Berkah Sejahtera Sehat,Jl. Sirih Sejahtera Cluster 22 Kota/Kabupaten HALMAHERA SELATAN Provinsi MALUKU UTARA,POINT(127.92519358479647 -0.4170134584396923),Megan Nelson Davis,8887101/909452/6310791,703135120548,jaya-badan-bintang-berkah-sejahtera-sehat,55
Murni Berkah Terang Indah Pharm Sehat,Jl. Mangga Cerah Cluster 57 Kota/Kabupaten SUMBAWA BARAT Provinsi NUSA TENGGARA BARAT,POINT(116.9414502868486 -8.721156682751968),Tom Roberts Anderson,264136/1262910/344871,504221090980,murni-berkah-terang-indah-pharm-sehat,380
Sentorsa Makmur Prima Medic Pharm Sejahtera,Jl. Kota Cermat Komplek 55 Kota/Kabupaten SERUYAN Provinsi KALIMANTAN TENGAH,POINT(112.19811219467864 -3.1739851789709084),Mark Nelson Taylor,178340/528498/910434,879712302989,sentorsa-makmur-prima-medic-pharm-sejahtera,207
Berkah Tubuh Murni Lestari Medik Medika,Jl. Durian Cermat Komplek 59 Kota/Kabupaten MALUKU BARAT DAYA Provinsi MALUKU,POINT(126.44735716427247 -7.780224061324621),Alex Williams Smith,1100338/228123/423474,3355091851410,berkah-tubuh-murni-lestari-medik-medika,110
Makmur Surya Bintang Terang Bersama Farma,Jl. Ikan Kecil Daerah 16 Kota/Kabupaten MALINAU Provinsi KALIMANTAN UTARA,POINT(116.15707672786029 2.699340863573978),Matt Martinez Martinez,10107451/282892/2531033,2100905058167,makmur-surya-bintang-terang-bersama-farma,66
Farmasi Apotik Bintang Nusantara Pharma Sejahtera,Jl. Balai Kecil Cluster 1 Kota/Kabupaten BONDOWOSO Provinsi JAWA TIMUR,POINT(113.9428671771484 -8.018690448416425),Alex Taylor Jones,13101054/302599/397613,3738103067010,farmasi-apotik-bintang-nusantara-pharma-sejahtera,75
Berkah Kimia Badan Sejahtera Apotek Sehat,Jl. Gedung Cermat Blok 95 Kota/Kabupaten MALINAU Provinsi KALIMANTAN UTARA,POINT(116.34305262938764 3.5996019286563463),Jessica Nelson White,1641088/122649/502735,1108665090550,berkah-kimia-badan-sejahtera-apotek-sehat,103
Makmur Bahagia Mutiara Jaya Jaya Apotik,Jl. Kuda Cepat Cluster 36 Kota/Kabupaten SERDANG BEDAGAI Provinsi SUMATERA UTARA,POINT(99.1850822042826 3.292341783175349),Chris Adams Jackson,903471/102335/5410138,798977146203,makmur-bahagia-mutiara-jaya-jaya-apotik,55
Prima Murni Bintang Medic Farma Sejahtera,Jl. Mangga Cerdas Wilayah 25 Kota/Kabupaten SERUYAN Provinsi KALIMANTAN TENGAH,POINT(111.62141160989 -1.2383825723562492),Mark Thomas Wilson,9105331/238312/223072,799551080569,prima-murni-bintang-medic-farma-sejahtera,902
Surya Cemerlang Bintang Bahagia Pharma Sejahtera,Jl. Duku Jenius Cluster 45 Kota/Kabupaten SANGGAU Provinsi KALIMANTAN BARAT,POINT(110.7778857157942 0.6763190148612797),Allison Thomas Smith,6141072/227288/442357,2198381106066,surya-cemerlang-bintang-bahagia-pharma-sejahtera,161
Bahagia Kimia Tenaga Bumi Medika Apotek,Jl. Gunung Cepat Blok 91 Kota/Kabupaten PASER Provinsi KALIMANTAN TIMUR,POINT(116.38602761108416 -1.0324271970976326),Rachel Parker Garcia,1081314/234929/521134,6915521068006,bahagia-kimia-tenaga-bumi-medika-apotek,398
Tubuh Indah Tenaga Sehat Bersama Apotik,Jl. Duku Pintar Cluster 78 Kota/Kabupaten MAMUJU Provinsi SULAWESI BARAT,POINT(119.64506642988415 -2.480195928973398),Michael Jones Harris,1053410/700262/4101993,3421410803101,tubuh-indah-tenaga-sehat-bersama-apotik,679
Nusantara Amanah Sentorsa Tenaga Pharma Pharm,Jl. Rambutan Sejahtera Daerah 35 Kota/Kabupaten KUTAI TIMUR Provinsi KALIMANTAN TIMUR,POINT(117.26889460373955 0.4351661116792389),Ashley Clark Davis,183527/7241107/118394,10061073217081,nusantara-amanah-sentorsa-tenaga-pharma-pharm,633
Surya Tenaga Indah Badan Sejahtera Bersama,Jl. Tembok Sari Cluster 73 Kota/Kabupaten TELUK BINTUNI Provinsi PAPUA BARAT,POINT(132.80564706018902 -1.4763060595007254),Jessica Jones Smith,419592/122443/304487,88109401003121,surya-tenaga-indah-badan-sejahtera-bersama,598
Resep Terang Farmasi Indah Sejahtera Medik,Jl. Gedung Tinggi Komplek 9 Kota/Kabupaten MALUKU TENGAH Provinsi MALUKU,POINT(129.62905780578922 -3.184544223708924),John Taylor Johnson,208381/630402/603730,221747590989,resep-terang-farmasi-indah-sejahtera-medik,99
Tubuh Terang Surya Bakti Apotik Pharm,Jl. Kuda Jenius Blok 24 Kota/Kabupaten SUBANG Provinsi JAWA BARAT,POINT(107.586764822457 -6.6167891085369),Matt Williams Brown,931397/292765/4330101,769944270018,tubuh-terang-surya-bakti-apotik-pharm,131
Medical Bumi Berkah Mawar Medika Sehat,Jl. Gunung Jenius Cluster 65 Kota/Kabupaten TEBO Provinsi JAMBI,POINT(102.08480663827336 -1.3442593363662123),Matt Harris Wilson,6910851/802267/10401039,1058758510618,medical-bumi-berkah-mawar-medika-sehat,661
Sejahtera Apotik Kimia Terang Sehat Pharma,Jl. Kebun Indah Daerah 25 Kota/Kabupaten BARITO KUALA Provinsi KALIMANTAN SELATAN,POINT(114.4542497560182 -3.201645696993787),Jason Brown Garcia,323142/212825/3106333,894596425051,sejahtera-apotik-kimia-terang-sehat-pharma,174
Berkah Badan Toko Medical Medik Apotek,Jl. Rambutan Pintar Blok 15 Kota/Kabupaten BOLAANG MONGONDOW SELATAN Provinsi SULAWESI UTARA,POINT(123.9272597388562 0.4321015927522644),Jessica Anderson Robinson,278133/8428103/263621,200111285918,berkah-badan-toko-medical-medik-apotek,303
Toko Surya Sehat Nusantara Medika Sejahtera,Jl. Gedung Cermat Cluster 12 Kota/Kabupaten MAMBERAMO RAYA Provinsi PAPUA,POINT(138.23305546125593 -2.2527925881403608),Mark Adams Wilson,644671/1978210/3794104,143996488001,toko-surya-sehat-nusantara-medika-sejahtera,499
Cemerlang Sentorsa Surya Medical Jaya Medik,Jl. Balai Pendek Blok 67 Kota/Kabupaten ASMAT Provinsi PAPUA,POINT(138.48289413788854 -5.659560436137501),Tom Nelson Brown,1690108/228996/3434101,885293751808,cemerlang-sentorsa-surya-medical-jaya-medik,718
Badan Bakti Obat Sentorsa Medika Sejahtera,Jl. Duku Sari Komplek 37 Kota/Kabupaten MOROWALI UTARA Provinsi SULAWESI TENGAH,POINT(121.2203148106816 -1.8414785540579253),Jessica Hill Garcia,21011064/223056/373845,173418091028,badan-bakti-obat-sentorsa-medika-sejahtera,530
Murni Amanah Mutiara Makmur Medika Apotik,Jl. Kebun Sejahtera Cluster 93 Kota/Kabupaten KOLAKA TIMUR Provinsi SULAWESI TENGGARA,POINT(121.20463235952396 -3.4220477001104026),Megan Lewis Harris,1083139/428347/2010793,70841810120100,murni-amanah-mutiara-makmur-medika-apotik,960
Prima Tenaga Jaya Bakti Farma Jaya,Jl. Gunung Cerah Wilayah 79 Kota/Kabupaten INTAN JAYA Provinsi PAPUA,POINT(136.84363189087986 -3.847743475255112),Mark Johnson Jones,61010019/10710592/370537,73103081068189,prima-tenaga-jaya-bakti-farma-jaya,439
Sejahtera Bintang Mawar Makmur Pharma Medika,Jl. Apel Sejahtera Komplek 57 Kota/Kabupaten MURUNG RAYA Provinsi KALIMANTAN TENGAH,POINT(114.73320571761532 0.2350804358332485),Rachel Jones Jackson,663111/982183/939852,1039104500118,sejahtera-bintang-mawar-makmur-pharma-medika,250
Toko Bahagia Mawar Medical Medik Jaya,Jl. Gedung Besar Wilayah 5 Kota/Kabupaten MAPPI Provinsi PAPUA,POINT(139.69453768220467 -5.260034676056833),Rachel Lewis Anderson,1081706/1102414/239776,6110286023083,toko-bahagia-mawar-medical-medik-jaya,195
Amanah Tubuh Badan Resep Medika Apotek,Jl. Tembok Kecil Wilayah 54 Kota/Kabupaten LABUHANBATU UTARA Provinsi SUMATERA UTARA,POINT(99.66621996007856 2.301648739043065),Katie Thomas Jones,918562/961812/1028384,2510968990118,amanah-tubuh-badan-resep-medika-apotek,850
Cemerlang Terang Apotik Tenaga Jaya Medik,Jl. Rambutan Cermat Cluster 7 Kota/Kabupaten MAPPI Provinsi PAPUA,POINT(139.01536148861922 -6.141914340618698),Sarah Adams Williams,546511/272303/831405,9211014417108,cemerlang-terang-apotik-tenaga-jaya-medik,68
Tenaga Medic Toko Nusantara Jaya Bersama,Jl. Jeruk Besar Komplek 53 Kota/Kabupaten YAHUKIMO Provinsi PAPUA,POINT(140.00999619663037 -3.931641384749408),Steve Clark Brown,211376/420829/572372,748190341458,tenaga-medic-toko-nusantara-jaya-bersama,797
Prima Bakti Apotik Surya Medika Apotik,Jl. Gunung Cepat Wilayah 6 Kota/Kabupaten MALINAU Provinsi KALIMANTAN UTARA,POINT(115.86112557947436 2.081994269489602),Michael Anderson Martin,5791031/657452/970223,1011001800878,prima-bakti-apotik-surya-medika-apotik,192
Harmoni Medical Farmasi Amanah Sejahtera Pharm,Jl. Gajah Sejahtera Komplek 59 Kota/Kabupaten SANGGAU Provinsi KALIMANTAN BARAT,POINT(110.55016475251377 0.4567457158441037),Lauren Anderson Martin,1410940/259126/349048,100768100130410,harmoni-medical-farmasi-amanah-sejahtera-pharm,103
Amanah Badan Sehat Tenaga Apotik Medika,Jl. Durian Pendek Wilayah 9 Kota/Kabupaten DOMPU Provinsi NUSA TENGGARA BARAT,POINT(118.50004884285484 -8.364605002701882),Michael Nelson Harris,4511100/507296/773966,808830169013,amanah-badan-sehat-tenaga-apotik-medika,210
Tubuh Lestari Indah Nusantara Apotek Bersama,Jl. Kucing Kecil Komplek 25 Kota/Kabupaten OGAN KOMERING ILIR Provinsi SUMATERA SELATAN,POINT(104.78383481951276 -3.6370249185384),John Taylor Moore,1109371/344228/32101066,8489110306270,tubuh-lestari-indah-nusantara-apotek-bersama,508
Makmur Murni Bakti Farmasi Pharm Sejahtera,Jl. Balai Cerah Wilayah 43 Kota/Kabupaten KETAPANG Provinsi KALIMANTAN BARAT,POINT(110.22003305729577 -0.4408193288669189),Tom Harris Davis,317890/271522/333673,884058253291,makmur-murni-bakti-farmasi-pharm-sejahtera,435
Cemerlang Toko Apotik Badan Sejahtera Apotik,Jl. Gajah Kecil Komplek 11 Kota/Kabupaten KAPUAS HULU Provinsi KALIMANTAN BARAT,POINT(113.95370302438631 1.231813120162874),Katie Parker Brown,621812/2210700/1073451,5457108811004,cemerlang-toko-apotik-badan-sejahtera-apotik,220
Jaya Lestari Apotik Terang Apotek Apotik,Jl. Tembok Jenius Wilayah 83 Kota/Kabupaten LANDAK Provinsi KALIMANTAN BARAT,POINT(109.43704734604498 0.5719234330436382),Jessica Thomas Brown,411077/59310102/8320410,1100204355081,jaya-lestari-apotik-terang-apotek-apotik,170
Bintang Harmoni Nusantara Murni Jaya Apotek,Jl. Apel Kecil Daerah 90 Kota/Kabupaten MURUNG RAYA Provinsi KALIMANTAN TENGAH,POINT(114.6724632399532 0.3793165544946859),Steve Williams Smith,123225/203654/308657,138809923308,bintang-harmoni-nusantara-murni-jaya-apotek,308
Surya Mawar Bintang Bumi Apotik Medik,Jl. Sawah Indah Komplek 11 Kota/Kabupaten MUSI RAWAS UTARA Provinsi SUMATERA SELATAN,POINT(103.26618515190954 -2.5865977080898457),Megan Hill Miller,104201/985752/4043010,603805145354,surya-mawar-bintang-bumi-apotik-medik,880
Berkah Sejahtera Prima Nusantara Medik Apotik,Jl. Mangga Jenius Cluster 66 Kota/Kabupaten PANIAI Provinsi PAPUA,POINT(136.18951269279398 -3.793404190892561),Chris Roberts Johnson,758661/2665610/383077,801290018802,berkah-sejahtera-prima-nusantara-medik-apotik,638
Cemerlang Badan Prima Makmur Apotik Jaya,Jl. Ikan Indah Blok 50 Kota/Kabupaten KOTA KEDIRI Provinsi JAWA TIMUR,POINT(113.44951861733698 -6.964942452397215),John Jackson Williams,5101872/10105421/763923,3746810001254,cemerlang-badan-prima-makmur-apotik-jaya,377
Jaya Cemerlang Berkah Tubuh Sejahtera Farma,Jl. Gedung Pendek Komplek 30 Kota/Kabupaten YAHUKIMO Provinsi PAPUA,POINT(139.88944018178955 -3.8119088026174417),Jason Roberts Johnson,425114/7707210/589023,1056540881917,jaya-cemerlang-berkah-tubuh-sejahtera-farma,233
Mutiara Sejahtera Lestari Prima Pharma Medika,Jl. Anjing Besar Wilayah 16 Kota/Kabupaten BARITO SELATAN Provinsi KALIMANTAN TENGAH,POINT(114.83338323273946 -1.5709781651341217),Megan Taylor Martin,613931/652190/900793,4991801943110,mutiara-sejahtera-lestari-prima-pharma-medika,551
Medic Surya Prima Apotik Sejahtera Pharma,Jl. Sirih Kecil Wilayah 52 Kota/Kabupaten YALIMO Provinsi PAPUA,POINT(139.6467838521554 -3.8169320239809377),Chris Smith Thompson,384331/1062404/260353,125229585006,medic-surya-prima-apotik-sejahtera-pharma,361
Obat Farmasi Medic Berkah Bersama Sehat,Jl. Rambutan Pintar Blok 4 Kota/Kabupaten MURUNG RAYA Provinsi KALIMANTAN TENGAH,POINT(114.09898001771018 -0.4811586703052821),Tom Thomas Taylor,617941/622250/315507,916018105369,obat-farmasi-medic-berkah-bersama-sehat,117
Bahagia Cemerlang Toko Indah Sehat Farma,Jl. Mangga Cepat Komplek 75 Kota/Kabupaten BENGKALIS Provinsi RIAU,POINT(101.13511369893378 1.1951631254027486),Jason Lewis Jones,551094/802742/223448,195485069850,bahagia-cemerlang-toko-indah-sehat-farma,807
Bahagia Jaya Medic Jaya Jaya Pharma,Jl. Rambutan Jenius Wilayah 56 Kota/Kabupaten SAROLANGUN Provinsi JAMBI,POINT(102.66045067580694 -2.035281472747622),Lauren Hill Wilson,755182/123202/378393,799017898105,bahagia-jaya-medic-jaya-jaya-pharma,123
Tenaga Prima Prima Toko Apotik Apotek,Jl. Anjing Sari Daerah 79 Kota/Kabupaten WAJO Provinsi SULAWESI SELATAN,POINT(120.41481378851834 -3.683972393709301),Jessica Jackson Smith,448149/974120/783025,381669087960,tenaga-prima-prima-toko-apotik-apotek,321
Jaya Bumi Terang Bintang Sehat Bersama,Jl. Balai Cermat Cluster 23 Kota/Kabupaten TAMBRAUW Provinsi PAPUA BARAT,POINT(133.44166464635487 -1.010601786896311),Alex Brown White,3210619/894072/388090,8062049910241,jaya-bumi-terang-bintang-sehat-bersama,85
Jaya Terang Sejahtera Tubuh Sehat Pharma,Jl. Duku Cerah Blok 26 Kota/Kabupaten ASMAT Provinsi PAPUA,POINT(138.45021379332837 -5.983668285911068),Chris Jackson Taylor,131880/235806/4843105,4871610313470,jaya-terang-sejahtera-tubuh-sehat-pharma,354
Indah Tenaga Bumi Obat Apotek Medik,Jl. Kuda Sejahtera Komplek 55 Kota/Kabupaten TANA TIDUNG Provinsi KALIMANTAN UTARA,POINT(116.98822540838964 3.632582026073843),Chris Clark Brown,1061610/934612/566903,16831001089920,indah-tenaga-bumi-obat-apotek-medik,74
Medical Makmur Harmoni Indah Pharm Medika,Jl. Gunung Jenius Blok 44 Kota/Kabupaten KOTABARU Provinsi KALIMANTAN SELATAN,POINT(116.36169272146978 -3.555625124929925),Chris Smith Martin,563918/2710377/346006,509880581032,medical-makmur-harmoni-indah-pharm-medika,519
Amanah Surya Terang Bakti Apotek Sejahtera,Jl. Balai Cepat Wilayah 55 Kota/Kabupaten PUNCAK Provinsi PAPUA,POINT(137.3670889377184 -3.681662830970992),Rachel Anderson Williams,1101872/318214/539936,716696984004,amanah-surya-terang-bakti-apotek-sejahtera,596
Bintang Tenaga Murni Mawar Apotek Apotik,Jl. Tembok Jenius Cluster 49 Kota/Kabupaten KAPUAS HULU Provinsi KALIMANTAN BARAT,POINT(113.53386001248764 0.488882296957831),Sarah Carter Jackson,9141097/328009/7310199,60831071901099,bintang-tenaga-murni-mawar-apotek-apotik,407
Berkah Mutiara Kimia Sehat Pharma Pharm,Jl. Balai Sari Blok 62 Kota/Kabupaten MERAUKE Provinsi PAPUA,POINT(140.37979376617542 -7.14044882099504),Jessica Anderson Johnson,717821/206236/1310623,937198130875,berkah-mutiara-kimia-sehat-pharma-pharm,966
Medic Bintang Kimia Mawar Apotik Medika,Jl. Rambutan Indah Blok 17 Kota/Kabupaten MIMIKA Provinsi PAPUA,POINT(135.58464868400716 -4.404372786855866),John Adams Thompson,3511053/915282/3348610,131825985084,medic-bintang-kimia-mawar-apotik-medika,22
Bumi Farmasi Surya Prima Medik Medika,Jl. Apel Sejahtera Cluster 5 Kota/Kabupaten MOROWALI Provinsi SULAWESI TENGAH,POINT(121.55429830370404 -2.4559413857689254),Katie Roberts Martinez,610156/173725/10361003,828078571102,bumi-farmasi-surya-prima-medik-medika,415
Jaya Sejahtera Medic Tubuh Medika Sejahtera,Jl. Balai Sari Wilayah 15 Kota/Kabupaten KUTAI KARTANEGARA Provinsi KALIMANTAN TIMUR,POINT(116.7838445731802 -0.5590374339146607),John Anderson Johnson,414041/204658/7100453,1018306607198,jaya-sejahtera-medic-tubuh-medika-sejahtera,635
Jaya Amanah Tenaga Obat Bersama Farma,Jl. Sirih Jenius Wilayah 91 Kota/Kabupaten PULAU MOROTAI Provinsi MALUKU UTARA,POINT(128.53647976055134 2.490621093607327),Tom Roberts Wilson,778301/827749/432350,6138360011090,jaya-amanah-tenaga-obat-bersama-farma,410
Bakti Prima Bahagia Obat Medik Apotik,Jl. Duku Kecil Wilayah 36 Kota/Kabupaten PANIAI Provinsi PAPUA,POINT(136.47439625645222 -3.9954173889442384),Jason Anderson Garcia,413728/117215/6210231,8610162444480,bakti-prima-bahagia-obat-medik-apotik,871
Mawar Sejahtera Nusantara Amanah Jaya Bersama,Jl. Mangga Tinggi Komplek 77 Kota/Kabupaten SAMBAS Provinsi KALIMANTAN BARAT,POINT(109.55160120791363 1.5252512093160977),Lauren Nelson Anderson,571966/1043263/8103317,71090218610806,mawar-sejahtera-nusantara-amanah-jaya-bersama,43
Harmoni Apotik Bintang Toko Sehat Pharma,Jl. Gunung Pendek Cluster 9 Kota/Kabupaten MALINAU Provinsi KALIMANTAN UTARA,POINT(116.28508784819476 3.685982277770908),John Smith Garcia,172714/4334102/601723,4853086101553,harmoni-apotik-bintang-toko-sehat-pharma,626
Bakti Bintang Jaya Harmoni Apotek Sejahtera,Jl. Anjing Besar Daerah 46 Kota/Kabupaten SORONG SELATAN Provinsi PAPUA BARAT,POINT(132.14432529054906 -1.974403581169394),Allison Brown Anderson,215403/2390104/491238,805158278302,bakti-bintang-jaya-harmoni-apotek-sejahtera,393
Sejahtera Terang Jaya Apotik Sejahtera Pharma,Jl. Gunung Kecil Blok 37 Kota/Kabupaten JAYAPURA Provinsi PAPUA,POINT(140.14563947374836 -3.633577442007182),Megan Smith Anderson,3310212/555032/665365,839314461805,sejahtera-terang-jaya-apotik-sejahtera-pharma,632
Obat Prima Tenaga Lestari Sejahtera Bersama,Jl. Sawah Sari Blok 47 Kota/Kabupaten INTAN JAYA Provinsi PAPUA,POINT(136.92481253946443 -3.766807601127669),Steve Brown Taylor,1510590/9710732/1092383,1378180077010,obat-prima-tenaga-lestari-sejahtera-bersama,744
Medical Bakti Bahagia Prima Pharma Medik,Jl. Gedung Tinggi Daerah 90 Kota/Kabupaten KAUR Provinsi BENGKULU,POINT(103.3788796392092 -4.651419328611511),Steve Williams Davis,2188310/263338/773121,8183001066119,medical-bakti-bahagia-prima-pharma-medik,848
Badan Jaya Resep Sejahtera Jaya Pharma,Jl. Apel Pintar Cluster 3 Kota/Kabupaten BANGGAI Provinsi SULAWESI TENGAH,POINT(123.33176782920344 -0.8172661187771979),Emily Jones Martinez,701337/255080/101037310,157000958200,badan-jaya-resep-sejahtera-jaya-pharma,491
Surya Mawar Obat Nusantara Pharm Sejahtera,Jl. Gajah Pendek Komplek 87 Kota/Kabupaten PANGANDARAN Provinsi JAWA BARAT,POINT(108.42553999622962 -7.6664560704865234),Megan Williams Davis,917750/504822/4313107,5571360806103,surya-mawar-obat-nusantara-pharm-sejahtera,46
Harmoni Tenaga Cemerlang Mawar Apotik Medik,Jl. Balai Tinggi Cluster 23 Kota/Kabupaten TANAH LAUT Provinsi KALIMANTAN SELATAN,POINT(114.86482004531808 -3.611165987359701),Ashley Taylor Anderson,474139/987245/411036,8086499051810,harmoni-tenaga-cemerlang-mawar-apotik-medik,198
Sehat Kimia Indah Sentorsa Farma Medika,Jl. Kota Tinggi Cluster 48 Kota/Kabupaten MERAUKE Provinsi PAPUA,POINT(140.7119813073859 -8.317113136921561),Megan White Jackson,741133/205754/315882,6102580061186,sehat-kimia-indah-sentorsa-farma-medika,357
Lestari Kimia Prima Sejahtera Bersama Pharm,Jl. Kuda Pintar Cluster 90 Kota/Kabupaten SIGI Provinsi SULAWESI TENGAH,POINT(120.11594675736862 -1.1992010319011843),Matt Brown Brown,160495/852837/949534,380173866753,lestari-kimia-prima-sejahtera-bersama-pharm,42
Badan Murni Sejahtera Bahagia Bersama Apotek,Jl. Mangga Cepat Cluster 9 Kota/Kabupaten MESUJI Provinsi LAMPUNG,POINT(105.56283995125916 -3.99900740712523),Lauren Johnson White,5710419/547332/9431071,511440038681,badan-murni-sejahtera-bahagia-bersama-apotek,25
Bintang Lestari Bahagia Kimia Bersama Sehat,Jl. Gunung Kecil Blok 18 Kota/Kabupaten KOTA TANGERANG Provinsi BANTEN,POINT(106.715871882929 -6.199652271770098),Megan Hill Martinez,5694110/165202/1038432,768012602028,bintang-lestari-bahagia-kimia-bersama-sehat,241
Berkah Jaya Surya Medical Apotik Farma,Jl. Jeruk Pintar Daerah 90 Kota/Kabupaten GORONTALO UTARA Provinsi GORONTALO,POINT(123.01399611320689 0.8266606246824111),Emily Clark Brown,191179/237951/720530,360961487055,berkah-jaya-surya-medical-apotik-farma,621
Murni Obat Prima Bintang Sejahtera Bersama,Jl. Gunung Indah Daerah 68 Kota/Kabupaten TELUK BINTUNI Provinsi PAPUA BARAT,POINT(132.99687613957434 -2.000869482962344),John Parker Wilson,443714/285026/137897,55886609101102,murni-obat-prima-bintang-sejahtera-bersama,545
Amanah Kimia Indah Farmasi Medika Farma,Jl. Kucing Pendek Komplek 50 Kota/Kabupaten SINTANG Provinsi KALIMANTAN BARAT,POINT(111.4549069397518 0.2010909675320569),Jason Smith Thompson,767511/2752210/540312,4501871012089,amanah-kimia-indah-farmasi-medika-farma,821
Bahagia Bintang Sentorsa Jaya Farma Sejahtera,Jl. Pisang Pintar Daerah 52 Kota/Kabupaten TANJUNG JABUNG BARAT Provinsi JAMBI,POINT(103.05364894005037 -0.8822404389602152),Michael Lewis Moore,8104141/28106410/983032,510189287788,bahagia-bintang-sentorsa-jaya-farma-sejahtera,397
Jaya Sehat Mawar Tubuh Sejahtera Sejahtera,Jl. Gunung Cerdas Cluster 17 Kota/Kabupaten SORONG SELATAN Provinsi PAPUA BARAT,POINT(132.2022295696587 -1.8594103041455965),Brittany Martinez Jones,801126/542716/714103,387714290086,jaya-sehat-mawar-tubuh-sejahtera-sejahtera,97
Harmoni Sentorsa Medic Bakti Sehat Pharma,Jl. Mangga Indah Cluster 26 Kota/Kabupaten TIMOR TENGAH SELATAN Provinsi NUSA TENGGARA TIMUR,POINT(124.49644026519373 -9.970919998849592),Sarah Lewis Thomas,871031/2104800/636493,850530393612,harmoni-sentorsa-medic-bakti-sehat-pharma,42
Bumi Prima Surya Medic Apotek Sehat,Jl. Duku Pintar Komplek 52 Kota/Kabupaten BOVEN DIGOEL Provinsi PAPUA,POINT(140.3877623250969 -5.567996404322313),Rachel Hill Martin,914544/360236/8810813,17216610058107,bumi-prima-surya-medic-apotek-sehat,40
Murni Sejahtera Resep Mawar Medik Medika,Jl. Kuda Cepat Cluster 62 Kota/Kabupaten MAMBERAMO RAYA Provinsi PAPUA,POINT(138.38460472543403 -3.242839381909463),Steve Parker Anderson,952118/41010283/330906,481003310198,murni-sejahtera-resep-mawar-medik-medika,281
Sentorsa Medic Tubuh Prima Apotik Farma,Jl. Kota Jenius Cluster 7 Kota/Kabupaten BANYUASIN Provinsi SUMATERA SELATAN,POINT(104.5119476910567 -2.4719344844643114),Alex Clark Anderson,1067616/1091826/193143,97738190101020,sentorsa-medic-tubuh-prima-apotik-farma,202
Bumi Murni Tenaga Harmoni Pharma Farma,Jl. Gunung Besar Komplek 95 Kota/Kabupaten KENDAL Provinsi JAWA TENGAH,POINT(110.22642579473468 -6.964924080935284),Chris Hill Martinez,156748/7010297/530341,817308101338,bumi-murni-tenaga-harmoni-pharma-farma,286
Badan Apotik Surya Lestari Apotek Bersama,Jl. Kucing Tinggi Komplek 94 Kota/Kabupaten KAPUAS Provinsi KALIMANTAN TENGAH,POINT(114.53749968249308 -1.828182530611356),Mark Anderson Johnson,813362/298681/930985,468563430413,badan-apotik-surya-lestari-apotek-bersama,734
Bintang Harmoni Nusantara Medic Apotek Medika,Jl. Gajah Pendek Komplek 51 Kota/Kabupaten PAHUWATO Provinsi GORONTALO,POINT(122.01984401689022 0.5024955721604254),Mark Jackson Smith,841026/521938/637544,9001685610571,bintang-harmoni-nusantara-medic-apotek-medika,967
Sentorsa Obat Medical Sehat Jaya Sehat,Jl. Duku Pendek Daerah 12 Kota/Kabupaten ROKAN HILIR Provinsi RIAU,POINT(100.72374396846612 1.490773230830852),Matt Lewis Williams,5158110/830239/24101032,1008061886907,sentorsa-obat-medical-sehat-jaya-sehat,477
Prima Tenaga Murni Lestari Sejahtera Apotik,Jl. Gedung Jenius Komplek 29 Kota/Kabupaten KOTA SAMARINDA Provinsi KALIMANTAN TIMUR,POINT(117.23985442297705 -0.3415068739341311),Emily Jones Brown,415491/1023826/542835,100008307542,prima-tenaga-murni-lestari-sejahtera-apotik,537
Murni Jaya Medic Jaya Jaya Apotik,Jl. Balai Indah Blok 75 Kota/Kabupaten BARITO KUALA Provinsi KALIMANTAN SELATAN,POINT(114.72210168114616 -2.750649249093998),Emily Jackson Harris,169253/696237/312630,1081935119087,murni-jaya-medic-jaya-jaya-apotik,744
Tubuh Farmasi Badan Jaya Jaya Farma,Jl. Gunung Cerah Cluster 56 Kota/Kabupaten BLITAR Provinsi JAWA TIMUR,POINT(112.26587733267284 -8.106926589833208),Megan Williams Martinez,1061812/415422/387954,8810210121814,tubuh-farmasi-badan-jaya-jaya-farma,920
Bahagia Toko Makmur Murni Pharm Pharma,Jl. Balai Indah Cluster 56 Kota/Kabupaten MAMBERAMO RAYA Provinsi PAPUA,POINT(138.95621280082275 -3.2820048501721546),Lauren Brown Robinson,169517/382135/238933,829893176500,bahagia-toko-makmur-murni-pharm-pharma,69
Medic Amanah Badan Harmoni Jaya Bersama,Jl. Gajah Cepat Cluster 43 Kota/Kabupaten MAMBERAMO RAYA Provinsi PAPUA,POINT(137.76336378597955 -1.6668424788495582),Mark Thomas Wilson,183288/241781/353986,8640710920318,medic-amanah-badan-harmoni-jaya-bersama,289
Surya Mawar Bumi Lestari Sejahtera Pharma,Jl. Durian Kecil Blok 98 Kota/Kabupaten BERAU Provinsi KALIMANTAN TIMUR,POINT(117.42681575484836 1.6942139904942373),John Adams Anderson,1016806/260688/932006,11010102608917,surya-mawar-bumi-lestari-sejahtera-pharma,557
Amanah Jaya Bintang Resep Sejahtera Jaya,Jl. Mangga Pendek Cluster 12 Kota/Kabupaten BANYUASIN Provinsi SUMATERA SELATAN,POINT(104.741027939245 -2.696786556765984),Emily Anderson Davis,717451/2301025/6231024,6860010403815,amanah-jaya-bintang-resep-sejahtera-jaya,233
Obat Medic Mutiara Surya Pharma Farma,Jl. Anjing Kecil Daerah 78 Kota/Kabupaten OGAN KOMERING ILIR Provinsi SUMATERA SELATAN,POINT(105.4736395503655 -2.638891872025548),Brittany Anderson Wilson,168737/964229/100230,2108261099398,obat-medic-mutiara-surya-pharma-farma,77
Medic Mawar Tubuh Terang Sejahtera Sejahtera,Jl. Kucing Pendek Wilayah 59 Kota/Kabupaten HALMAHERA SELATAN Provinsi MALUKU UTARA,POINT(127.1252573396907 -0.3008308650108997),Jessica Nelson Jones,684188/2160104/834166,1014015580848,medic-mawar-tubuh-terang-sejahtera-sejahtera,170
Berkah Jaya Lestari Prima Medika Pharma,Jl. Kucing Cepat Wilayah 73 Kota/Kabupaten KAPUAS HULU Provinsi KALIMANTAN BARAT,POINT(113.10067209304364 0.9557264025786552),Ashley Hill White,684185/190821/173620,6897316081910,berkah-jaya-lestari-prima-medika-pharma,444
Obat Mawar Bahagia Tubuh Pharm Bersama,Jl. Tembok Cerdas Daerah 76 Kota/Kabupaten KOTAWARINGIN BARAT Provinsi KALIMANTAN TENGAH,POINT(111.43993895412568 -2.75975014558602),Jessica Smith Wilson,274441/289410/933852,10573914091008,obat-mawar-bahagia-tubuh-pharm-bersama,421
Amanah Medical Sehat Bumi Farma Sejahtera,Jl. Gedung Kecil Wilayah 27 Kota/Kabupaten TAMBRAUW Provinsi PAPUA BARAT,POINT(132.59123355740965 -0.9186845144194412),Matt White Moore,314676/25101100/144603,1010106100711801,amanah-medical-sehat-bumi-farma-sejahtera,649
Berkah Nusantara Apotik Bakti Pharm Medik,Jl. Sawah Pintar Cluster 1 Kota/Kabupaten ASMAT Provinsi PAPUA,POINT(138.08341066401627 -4.968439427975056),Jessica Johnson Harris,31023101/8104223/623114,11108501041058,berkah-nusantara-apotik-bakti-pharm-medik,70
Obat Prima Mutiara Harmoni Sehat Farma,Jl. Tembok Besar Komplek 62 Kota/Kabupaten PELALAWAN Provinsi RIAU,POINT(102.95206887241184 0.5331184916158538),Ashley White Brown,169137/2100827/653687,7980749105011,obat-prima-mutiara-harmoni-sehat-farma,266
Bahagia Surya Tubuh Surya Sehat Medik,Jl. Rambutan Sari Wilayah 91 Kota/Kabupaten SIJUNJUNG Provinsi SUMATERA BARAT,POINT(101.37519471289106 -0.8719215428650653),Emily Harris Jones,130424/112908/642639,1004490885261,bahagia-surya-tubuh-surya-sehat-medik,101
Surya Amanah Sehat Makmur Apotek Medika,Jl. Balai Cerah Cluster 64 Kota/Kabupaten MUARA ENIM Provinsi SUMATERA SELATAN,POINT(103.78155728665068 -3.802183167056012),Lauren Lewis Jones,581404/10102497/138903,5558107081808,surya-amanah-sehat-makmur-apotek-medika,967
Resep Tubuh Sejahtera Medic Sejahtera Medika,Jl. Mangga Jenius Blok 98 Kota/Kabupaten BUTON Provinsi SULAWESI TENGGARA,POINT(122.86476363162444 -5.550671498889328),Rachel Brown White,196031/242392/10103634,3897001001872,resep-tubuh-sejahtera-medic-sejahtera-medika,95
Sehat Jaya Apotik Murni Apotik Pharma,Jl. Gunung Pendek Blok 6 Kota/Kabupaten MALUKU TENGAH Provinsi MALUKU,POINT(129.35918347738044 -2.976299585874341),Allison Lewis Martin,5126101/5642101/5110936,138310102598,sehat-jaya-apotik-murni-apotik-pharma,982
Lestari Obat Murni Surya Sehat Pharma,Jl. Kota Cermat Blok 37 Kota/Kabupaten SARMI Provinsi PAPUA,POINT(139.1866314192316 -2.900639891617976),Sarah Johnson Anderson,519128/720209/345471,23101420810950,lestari-obat-murni-surya-sehat-pharma,324
Prima Sejahtera Apotik Obat Sejahtera Sejahtera,Jl. Gajah Indah Blok 85 Kota/Kabupaten TANGERANG Provinsi BANTEN,POINT(106.48519130489996 -6.083079606797802),John Smith White,5110049/222300/5000310,150194807814,prima-sejahtera-apotik-obat-sejahtera-sejahtera,469
Indah Sejahtera Surya Obat Sejahtera Sehat,Jl. Kota Sari Daerah 87 Kota/Kabupaten BOVEN DIGOEL Provinsi PAPUA,POINT(140.38269448825895 -5.766440058432822),Rachel Jackson Smith,374612/728493/10610329,61181067110016,indah-sejahtera-surya-obat-sejahtera-sehat,662
Medic Murni Prima Nusantara Apotek Bersama,Jl. Mangga Jenius Komplek 65 Kota/Kabupaten INTAN JAYA Provinsi PAPUA,POINT(136.92586690468443 -3.799003681985181),Alex Martinez Jackson,112977/1047217/5393107,8346787107410,medic-murni-prima-nusantara-apotek-bersama,29
Makmur Tenaga Tubuh Prima Apotik Medika,Jl. Tembok Cermat Daerah 62 Kota/Kabupaten SERUYAN Provinsi KALIMANTAN TENGAH,POINT(112.47168536637628 -2.8397504308302466),John Anderson Garcia,773821/4176102/1096338,871041623278,makmur-tenaga-tubuh-prima-apotik-medika,957
Resep Medical Toko Sentorsa Bersama Medika,Jl. Sirih Besar Daerah 87 Kota/Kabupaten OGAN KOMERING ILIR Provinsi SUMATERA SELATAN,POINT(105.17922676518651 -3.870738072827797),Katie Nelson Garcia,151070/1027442/496395,1081801010108004,resep-medical-toko-sentorsa-bersama-medika,269
Jaya Sehat Bahagia Mutiara Sejahtera Apotik,Jl. Gedung Cermat Blok 35 Kota/Kabupaten MANOKWARI Provinsi PAPUA BARAT,POINT(133.94230874754618 -0.8879852626526645),Katie Taylor Williams,112656/976192/911033,408549806211,jaya-sehat-bahagia-mutiara-sejahtera-apotik,672
Bintang Mawar Surya Surya Apotik Sejahtera,Jl. Gunung Cermat Blok 82 Kota/Kabupaten GAYO LUES Provinsi ACEH,POINT(97.52548198033207 3.7203451823813545),Jason Parker Thomas,1065917/8110205/623115,792831503080,bintang-mawar-surya-surya-apotik-sejahtera,271
Surya Sehat Lestari Bintang Bersama Apotik,Jl. Durian Cerdas Blok 41 Kota/Kabupaten KUTAI TIMUR Provinsi KALIMANTAN TIMUR,POINT(116.4991332348316 0.8716120465733361),Steve Brown Brown,146984/198123/1093472,60481107811048,surya-sehat-lestari-bintang-bersama-apotik,532
Bahagia Makmur Harmoni Mutiara Apotek Jaya,Jl. Rambutan Besar Wilayah 63 Kota/Kabupaten KEEROM Provinsi PAPUA,POINT(140.64038664615114 -3.346294623730662),Lauren Thomas Johnson,599713/723292/10173810,8010221196310,bahagia-makmur-harmoni-mutiara-apotek-jaya,64
Indah Kimia Resep Mutiara Medik Pharma,Jl. Pisang Indah Cluster 30 Kota/Kabupaten MAHAKAM ULU Provinsi KALIMANTAN TIMUR,POINT(115.45198854101292 0.9802430543064488),Mark Hill Smith,146237/975299/300614,6036110064181,indah-kimia-resep-mutiara-medik-pharma,89
Prima Obat Surya Resep Medik Apotek,Jl. Jeruk Cerah Wilayah 30 Kota/Kabupaten KAMPAR Provinsi RIAU,POINT(100.80639399646248 -0.1070418458624455),David Nelson Taylor,208167/630022/893131,8834010158500,prima-obat-surya-resep-medik-apotek,376
Jaya Tenaga Surya Berkah Pharma Apotek,Jl. Anjing Kecil Blok 81 Kota/Kabupaten KAYONG UTARA Provinsi KALIMANTAN BARAT,POINT(110.01067157051688 -1.1521510110922095),David Lewis Anderson,541605/247801/10307101,1773210855101,jaya-tenaga-surya-berkah-pharma-apotek,566
Resep Berkah Terang Prima Medik Apotek,Jl. Sawah Kecil Komplek 35 Kota/Kabupaten LUWU UTARA Provinsi SULAWESI SELATAN,POINT(120.37309201364016 -2.696170430179356),Matt Anderson Thomas,131048/142851/696683,4104461135801,resep-berkah-terang-prima-medik-apotek,449
Tubuh Berkah Makmur Jaya Apotik Sejahtera,Jl. Kucing Cepat Blok 17 Kota/Kabupaten OGAN KOMERING ILIR Provinsi SUMATERA SELATAN,POINT(105.2529363218454 -3.009352896721735),Jessica Parker Harris,243501/141992/2323910,220549808016,tubuh-berkah-makmur-jaya-apotik-sejahtera,203
Sejahtera Sehat Resep Nusantara Pharma Farma,Jl. Sawah Jenius Wilayah 59 Kota/Kabupaten SLEMAN Provinsi DAERAH ISTIMEWA YOGYAKARTA,POINT(110.37438587289684 -7.611800883166573),David Brown Moore,1723103/882622/341363,1053842817036,sejahtera-sehat-resep-nusantara-pharma-farma,84
Tubuh Makmur Berkah Bumi Sehat Pharm,Jl. Durian Pintar Cluster 89 Kota/Kabupaten SEKADAU Provinsi KALIMANTAN BARAT,POINT(110.82734760596938 -0.1352242950754068),John Nelson Moore,11030108/10610260/2003410,1084485369510,tubuh-makmur-berkah-bumi-sehat-pharm,238
Sentorsa Tubuh Mawar Resep Apotik Bersama,Jl. Gunung Cerdas Blok 89 Kota/Kabupaten BOVEN DIGOEL Provinsi PAPUA,POINT(140.32751253296018 -6.096944528346025),Rachel Lewis Jackson,6176101/2491610/903988,809043127943,sentorsa-tubuh-mawar-resep-apotik-bersama,217
Nusantara Medical Cemerlang Amanah Pharma Sejahtera,Jl. Balai Sejahtera Cluster 96 Kota/Kabupaten MALINAU Provinsi KALIMANTAN UTARA,POINT(116.21254815263168 3.122607067487987),John Harris Brown,648281/2310155/81006103,11010608810097,nusantara-medical-cemerlang-amanah-pharma-sejahtera,88
Badan Cemerlang Murni Sejahtera Medika Sejahtera,Jl. Gajah Cermat Cluster 64 Kota/Kabupaten TANJUNG JABUNG TIMUR Provinsi JAMBI,POINT(103.89767744244266 -1.1635581468362606),Emily Thomas Harris,218215/378221/21010382,245708103185,badan-cemerlang-murni-sejahtera-medika-sejahtera,900
Sejahtera Berkah Medic Bahagia Jaya Pharm,Jl. Gajah Cerdas Cluster 72 Kota/Kabupaten PULANG PISAU Provinsi KALIMANTAN TENGAH,POINT(114.07987877909233 -2.72955416906893),David Thomas Robinson,282015/204330/11038103,8241563109806,sejahtera-berkah-medic-bahagia-jaya-pharm,672
Resep Medical Prima Sejahtera Sejahtera Pharm,Jl. Apel Pendek Blok 59 Kota/Kabupaten BERAU Provinsi KALIMANTAN TIMUR,POINT(117.96622543615642 1.3435321533150066),Emily Clark Garcia,9107715/405726/699032,418623101014,resep-medical-prima-sejahtera-sejahtera-pharm,124
Sejahtera Prima Murni Bahagia Apotik Sejahtera,Jl. Duku Indah Komplek 21 Kota/Kabupaten DOGIYAI Provinsi PAPUA,POINT(137.04492240596323 -3.050340294254104),Rachel Adams Taylor,427710/227963/287236,9384440108001,sejahtera-prima-murni-bahagia-apotik-sejahtera,362
Amanah Surya Murni Indah Sehat Medika,Jl. Kebun Tinggi Daerah 56 Kota/Kabupaten TOBA SAMOSIR Provinsi SUMATERA UTARA,POINT(99.41787376410224 2.4727559253156297),Rachel Parker Williams,853197/795062/7031074,847001401124,amanah-surya-murni-indah-sehat-medika,724
Sentorsa Farmasi Berkah Bakti Apotek Farma,Jl. Duku Indah Wilayah 84 Kota/Kabupaten SAROLANGUN Provinsi JAMBI,POINT(103.14299998433484 -2.208017932980523),Alex Lewis Thompson,171955/10213510/7303710,18513510210701,sentorsa-farmasi-berkah-bakti-apotek-farma,6
Tenaga Bakti Toko Apotik Bersama Jaya,Jl. Ikan Tinggi Cluster 41 Kota/Kabupaten OGAN KOMERING ILIR Provinsi SUMATERA SELATAN,POINT(104.75858508550655 -3.616303893390103),Megan Harris Taylor,421219/3321036/335482,55710838101100,tenaga-bakti-toko-apotik-bersama-jaya,27
Surya Jaya Apotik Surya Jaya Pharma,Jl. Ikan Cermat Cluster 33 Kota/Kabupaten SARMI Provinsi PAPUA,POINT(138.39927831670843 -1.802254957360612),Matt White Martin,581692/1092337/637937,2410017468391,surya-jaya-apotik-surya-jaya-pharma,549
Toko Medical Mutiara Prima Pharm Jaya,Jl. Sawah Kecil Daerah 93 Kota/Kabupaten JAYAPURA Provinsi PAPUA,POINT(140.62560524877486 -2.490751274855251),Mark Jackson White,157946/132980/1074134,161286180045,toko-medical-mutiara-prima-pharm-jaya,99
Tubuh Mutiara Mawar Amanah Bersama Apotek,Jl. Kucing Cepat Blok 65 Kota/Kabupaten NDUGA Provinsi PAPUA,POINT(138.27475261340408 -4.538938632841219),Ashley Jackson Smith,179080/22103101/836936,577771055817,tubuh-mutiara-mawar-amanah-bersama-apotek,178
Sentorsa Berkah Kimia Bumi Jaya Medika,Jl. Balai Pendek Blok 7 Kota/Kabupaten PESISIR SELATAN Provinsi SUMATERA BARAT,POINT(101.154004778902 -1.943786056681704),Michael Brown Thompson,29101031/1106124/4310567,9278951081090,sentorsa-berkah-kimia-bumi-jaya-medika,171
Resep Kimia Terang Jaya Medika Sejahtera,Jl. Kota Pendek Komplek 62 Kota/Kabupaten BULELENG Provinsi BALI,POINT(114.5649057787852 -8.149987232149291),David Adams Thompson,10011016/327153/7106302,61012510643890,resep-kimia-terang-jaya-medika-sejahtera,462
Surya Jaya Bahagia Kimia Apotek Medika,Jl. Balai Cermat Daerah 88 Kota/Kabupaten MURUNG RAYA Provinsi KALIMANTAN TENGAH,POINT(114.25656773305052 -0.7307249372558964),Emily White Garcia,1636810/210157/528336,3010842146828,surya-jaya-bahagia-kimia-apotek-medika,127
Murni Tubuh Tenaga Sehat Apotek Farma,Jl. Ikan Cerdas Komplek 22 Kota/Kabupaten KUTAI KARTANEGARA Provinsi KALIMANTAN TIMUR,POINT(117.2183441198521 -0.7960156192238408),Rachel Martinez Jones,1901014/322255/3921073,573350140186,murni-tubuh-tenaga-sehat-apotek-farma,192
Berkah Cemerlang Prima Badan Sejahtera Apotik,Jl. Tembok Sejahtera Daerah 45 Kota/Kabupaten KEPULAUAN ARU Provinsi MALUKU,POINT(134.53604968511172 -5.540974099056434),Ashley Clark Johnson,212146/222731/133420,487556750413,berkah-cemerlang-prima-badan-sejahtera-apotik,763
Tenaga Terang Bumi Murni Sejahtera Medik,Jl. Kota Jenius Wilayah 45 Kota/Kabupaten KOLAKA Provinsi SULAWESI TENGGARA,POINT(121.75685439816608 -4.460157557307194),Katie Hill Johnson,741242/711294/435676,401110415845,tenaga-terang-bumi-murni-sejahtera-medik,362
Surya Sehat Toko Tenaga Apotik Sejahtera,Jl. Kuda Kecil Daerah 25 Kota/Kabupaten LUWU TIMUR Provinsi SULAWESI SELATAN,POINT(121.35388127979364 -2.914660826325885),David Johnson Jones,186109/120236/403020,690998061107,surya-sehat-toko-tenaga-apotik-sejahtera,571
Mutiara Murni Surya Obat Farma Sejahtera,Jl. Sawah Tinggi Blok 1 Kota/Kabupaten GARUT Provinsi JAWA BARAT,POINT(107.48764321626088 -7.270165809312701),Brittany Johnson Johnson,1725610/720046/532736,101508859046,mutiara-murni-surya-obat-farma-sejahtera,312
Bumi Prima Jaya Surya Bersama Pharm,Jl. Sirih Cepat Wilayah 84 Kota/Kabupaten MAJENE Provinsi SULAWESI BARAT,POINT(118.86480821143198 -3.1350537889361068),Jessica Adams Harris,351775/756272/832464,4581003801078,bumi-prima-jaya-surya-bersama-pharm,549
Sentorsa Nusantara Obat Bumi Pharm Medika,Jl. Kota Cerdas Daerah 81 Kota/Kabupaten KUTAI BARAT Provinsi KALIMANTAN TIMUR,POINT(115.80505580392791 -0.2698306238592796),Lauren Adams Brown,2103010/9810291/339318,664510896100,sentorsa-nusantara-obat-bumi-pharm-medika,48
Surya Bumi Terang Jaya Apotik Sejahtera,Jl. Rambutan Besar Blok 8 Kota/Kabupaten WAROPEN Provinsi PAPUA,POINT(136.74211947168226 -3.190041741775804),Michael Clark Anderson,365516/9242105/233337,809681718280,surya-bumi-terang-jaya-apotik-sejahtera,738
Bintang Bumi Farmasi Sejahtera Pharma Bersama,Jl. Kuda Pendek Daerah 1 Kota/Kabupaten ASAHAN Provinsi SUMATERA UTARA,POINT(99.89602691615907 2.856398684753275),Emily Parker Miller,3824110/5106212/328498,291326480055,bintang-bumi-farmasi-sejahtera-pharma-bersama,68
Indah Toko Surya Terang Pharma Sejahtera,Jl. Tembok Pendek Cluster 54 Kota/Kabupaten MALANG Provinsi JAWA TIMUR,POINT(112.56772992443015 -8.02169394710407),David Thomas Taylor,167074/154225/358967,176001123078,indah-toko-surya-terang-pharma-sejahtera,222
Prima Terang Sentorsa Mutiara Medik Pharma,Jl. Anjing Cerdas Komplek 90 Kota/Kabupaten DELI SERDANG Provinsi SUMATERA UTARA,POINT(98.7270453317462 3.66377441241656),Katie Smith Wilson,3109911/7229107/530040,806361850185,prima-terang-sentorsa-mutiara-medik-pharma,212
Bakti Tubuh Terang Harmoni Apotik Sejahtera,Jl. Gajah Cepat Wilayah 59 Kota/Kabupaten BOGOR Provinsi JAWA BARAT,POINT(106.93243342583104 -6.3935773654784205),Megan Parker Smith,3321014/10410322/773779,8260510123084,bakti-tubuh-terang-harmoni-apotik-sejahtera,519
Surya Indah Mutiara Murni Jaya Pharma,Jl. Balai Cepat Cluster 40 Kota/Kabupaten KUTAI KARTANEGARA Provinsi KALIMANTAN TIMUR,POINT(115.78755930340937 0.6967157068334622),Matt Johnson Harris,8121010/615023/333774,5408201401107,surya-indah-mutiara-murni-jaya-pharma,52
Toko Medic Amanah Berkah Sejahtera Bersama,Jl. Gunung Sari Wilayah 98 Kota/Kabupaten TELUK WONDAMA Provinsi PAPUA BARAT,POINT(134.0811532294661 -2.4557744201952936),Tom Smith Jones,405164/279698/160343,449109178098,toko-medic-amanah-berkah-sejahtera-bersama,46
Tubuh Bakti Badan Farmasi Medika Bersama,Jl. Apel Pintar Daerah 30 Kota/Kabupaten KERINCI Provinsi JAMBI,POINT(101.60116598280648 -2.031322656097668),Brittany Jones Martin,719585/8733102/903149,41877108037210,tubuh-bakti-badan-farmasi-medika-bersama,22
Prima Resep Tubuh Badan Sehat Sejahtera,Jl. Tembok Sejahtera Blok 69 Kota/Kabupaten MANOKWARI Provinsi PAPUA BARAT,POINT(133.53823979284527 -0.7559239543740084),Sarah Harris Jones,7101089/347205/596356,4132710802946,prima-resep-tubuh-badan-sehat-sejahtera,637
Lestari Makmur Obat Terang Farma Bersama,Jl. Kota Sejahtera Daerah 37 Kota/Kabupaten BUOL Provinsi SULAWESI TENGAH,POINT(121.3933382074858 0.9858472655098094),Michael Jones White,802194/926352/647583,910681748422,lestari-makmur-obat-terang-farma-bersama,179
Medic Indah Amanah Obat Bersama Medika,Jl. Kota Kecil Daerah 68 Kota/Kabupaten ROKAN HILIR Provinsi RIAU,POINT(100.89354683601982 1.5864564122102962),Jessica Jones Wilson,430115/481512/8312102,280784833186,medic-indah-amanah-obat-bersama-medika,49
Makmur Bintang Jaya Badan Sehat Farma,Jl. Kuda Besar Komplek 81 Kota/Kabupaten KAMPAR Provinsi RIAU,POINT(101.19842225188545 0.5854561295682128),Matt Thomas Thompson,240061/6821070/1038375,81831106600103,makmur-bintang-jaya-badan-sehat-farma,576
Amanah Terang Tubuh Mawar Apotek Sejahtera,Jl. Rambutan Pendek Komplek 94 Kota/Kabupaten SERUYAN Provinsi KALIMANTAN TENGAH,POINT(112.3211754879416 -2.5894083685835323),Steve Jones Jones,159664/202623/143101,15901810881061,amanah-terang-tubuh-mawar-apotek-sejahtera,546
Medic Indah Makmur Jaya Pharma Medik,Jl. Gedung Cepat Wilayah 90 Kota/Kabupaten PUNCAK JAYA Provinsi PAPUA,POINT(137.86288048054763 -3.467017263749499),Matt Thomas Martinez,2910901/2901510/768314,1001815003808,medic-indah-makmur-jaya-pharma-medik,19
Farmasi Cemerlang Apotik Surya Sehat Sejahtera,Jl. Rambutan Sejahtera Komplek 11 Kota/Kabupaten SERUYAN Provinsi KALIMANTAN TENGAH,POINT(112.15967804189891 -2.067520504876565),Steve Adams Martinez,441691/542626/16109310,3324700801091,farmasi-cemerlang-apotik-surya-sehat-sejahtera,84
Indah Obat Resep Prima Apotik Medik,Jl. Ikan Cepat Daerah 78 Kota/Kabupaten MUSI BANYUASIN Provinsi SUMATERA SELATAN,POINT(104.18530258776562 -1.851843069598184),Rachel Taylor Smith,851511/292343/535691,150260175980,indah-obat-resep-prima-apotik-medik,652
Mawar Bakti Tenaga Jaya Bersama Apotik,Jl. Jeruk Cerdas Daerah 93 Kota/Kabupaten BANGKA BARAT Provinsi KEPULAUAN BANGKA BELITUNG,POINT(105.26518814349647 -2.0618172893378777),Alex Parker Thomas,871001/3101262/3010573,430085041720,mawar-bakti-tenaga-jaya-bersama-apotik,443
Amanah Indah Nusantara Surya Sehat Medik,Jl. Gajah Besar Wilayah 81 Kota/Kabupaten MAPPI Provinsi PAPUA,POINT(139.30875708999577 -5.690534541965088),Chris Parker Miller,5671910/2901028/183303,1481806081100,amanah-indah-nusantara-surya-sehat-medik,721
Resep Farmasi Tubuh Apotik Sejahtera Sehat,Jl. Duku Cerdas Cluster 9 Kota/Kabupaten MERANGIN Provinsi JAMBI,POINT(101.8517470030127 -2.611535504728648),Sarah Smith Jones,6391410/509278/235848,781302980267,resep-farmasi-tubuh-apotik-sejahtera-sehat,767
Apotik Medic Indah Badan Bersama Medik,Jl. Ikan Sejahtera Blok 6 Kota/Kabupaten NDUGA Provinsi PAPUA,POINT(138.15543667943865 -4.183330943199506),Matt Adams Thompson,411517/247152/325710,178124025989,apotik-medic-indah-badan-bersama-medik,385
Tenaga Apotik Medical Prima Apotek Sehat,Jl. Ikan Sari Komplek 99 Kota/Kabupaten ENREKANG Provinsi SULAWESI SELATAN,POINT(119.97728830293768 -3.58587953895785),Matt White White,7141071/1022116/793733,899327081583,tenaga-apotik-medical-prima-apotek-sehat,415
Medical Mawar Kimia Apotik Sejahtera Medika,Jl. Anjing Sejahtera Daerah 97 Kota/Kabupaten MUSI BANYUASIN Provinsi SUMATERA SELATAN,POINT(104.04046531868497 -2.4219048717988496),Mark Lewis Robinson,226571/128349/3910435,150128108571010,medical-mawar-kimia-apotik-sejahtera-medika,67
Bintang Makmur Mutiara Sejahtera Sehat Apotek,Jl. Anjing Tinggi Blok 38 Kota/Kabupaten ASMAT Provinsi PAPUA,POINT(138.2178351391654 -4.681230301206251),Steve Thomas Smith,9341105/7726910/450359,10106810888606,bintang-makmur-mutiara-sejahtera-sehat-apotek,105
Bintang Prima Jaya Bakti Medik Bersama,Jl. Gajah Cerah Wilayah 71 Kota/Kabupaten KAPUAS Provinsi KALIMANTAN TENGAH,POINT(114.24428044108043 -3.216435539653812),Steve Smith Jones,411415/9142105/3510870,693814015904,bintang-prima-jaya-bakti-medik-bersama,260
Sentorsa Farmasi Lestari Obat Apotik Medika,Jl. Pisang Besar Cluster 2 Kota/Kabupaten KETAPANG Provinsi KALIMANTAN BARAT,POINT(110.26626817559182 -2.5597213518901167),Megan Brown Miller,178289/8601210/329701,1039102423389,sentorsa-farmasi-lestari-obat-apotik-medika,640
Sehat Medic Sejahtera Badan Sejahtera Jaya,Jl. Gunung Tinggi Komplek 28 Kota/Kabupaten NABIRE Provinsi PAPUA,POINT(135.82374565381133 -3.559193179164581),Katie Parker Davis,1100719/351295/1004703,1043138512031,sehat-medic-sejahtera-badan-sejahtera-jaya,317
Kimia Bahagia Berkah Jaya Medika Farma,Jl. Apel Pendek Komplek 28 Kota/Kabupaten SANGGAU Provinsi KALIMANTAN BARAT,POINT(110.61308439048447 0.2495270811215384),Lauren Smith Wilson,991121/909260/394010,812803068515,kimia-bahagia-berkah-jaya-medika-farma,233
Nusantara Murni Sentorsa Surya Farma Sehat,Jl. Duku Jenius Cluster 88 Kota/Kabupaten KUTAI KARTANEGARA Provinsi KALIMANTAN TIMUR,POINT(117.06925864046066 -0.1341035454718149),Allison Anderson White,113696/832164/7010310,55368211801010,nusantara-murni-sentorsa-surya-farma-sehat,168
Mawar Bahagia Obat Resep Pharma Apotek,Jl. Anjing Besar Komplek 15 Kota/Kabupaten YALIMO Provinsi PAPUA,POINT(139.38796411395862 -3.827881917586339),Katie Lewis Davis,157070/4941012/129083,8090093564101,mawar-bahagia-obat-resep-pharma-apotek,642
Apotik Sehat Prima Berkah Farma Apotik,Jl. Gedung Sari Cluster 64 Kota/Kabupaten RAJA AMPAT Provinsi PAPUA BARAT,POINT(130.9946271189411 -0.1991199026841741),Katie Clark Taylor,3107110/520183/323870,1001828226753,apotik-sehat-prima-berkah-farma-apotik,282
Cemerlang Toko Surya Jaya Bersama Pharma,Jl. Sirih Sejahtera Cluster 65 Kota/Kabupaten NABIRE Provinsi PAPUA,POINT(136.07212092553925 -3.114187219653972),Matt Johnson Thompson,1070010/635025/233522,5010810035933,cemerlang-toko-surya-jaya-bersama-pharma,338
Lestari Amanah Makmur Surya Medik Bersama,Jl. Kota Besar Wilayah 82 Kota/Kabupaten NUNUKAN Provinsi KALIMANTAN UTARA,POINT(116.0749994105175 4.125316894342818),Mark Taylor Smith,61019110/412404/743603,8810719220052,lestari-amanah-makmur-surya-medik-bersama,686
Jaya Makmur Murni Resep Apotik Sejahtera,Jl. Pisang Besar Komplek 41 Kota/Kabupaten SIMALUNGUN Provinsi SUMATERA UTARA,POINT(99.41393910413824 3.0172709189623337),Megan Williams Thompson,931161/2771210/930368,710319414128,jaya-makmur-murni-resep-apotik-sejahtera,696
Toko Tenaga Bintang Prima Jaya Sehat,Jl. Pisang Cerah Wilayah 60 Kota/Kabupaten KUTAI KARTANEGARA Provinsi KALIMANTAN TIMUR,POINT(116.40887276663028 -0.2079276517915165),Brittany Johnson Smith,635615/286875/1310021,201068709117,toko-tenaga-bintang-prima-jaya-sehat,74
Murni Apotik Jaya Medical Sejahtera Sejahtera,Jl. Anjing Kecil Daerah 13 Kota/Kabupaten KEDIRI Provinsi JAWA TIMUR,POINT(112.13283636003143 -7.898443870162414),Mark Martinez Garcia,5812104/257400/637228,100301005698,murni-apotik-jaya-medical-sejahtera-sejahtera,227
Makmur Bintang Jaya Toko Medika Sejahtera,Jl. Durian Besar Komplek 48 Kota/Kabupaten TULANG BAWANG Provinsi LAMPUNG,POINT(105.46889490278112 -4.1919616780722775),Tom Jackson Anderson,566101/278175/9854310,3112810006185,makmur-bintang-jaya-toko-medika-sejahtera,621
Berkah Tenaga Farmasi Murni Pharm Farma,Jl. Pisang Cepat Daerah 24 Kota/Kabupaten TRENGGALEK Provinsi JAWA TIMUR,POINT(111.71073174466429 -8.171821185618331),Mark White Harris,218628/600201/236286,88119102810012,berkah-tenaga-farmasi-murni-pharm-farma,424
Terang Bintang Mutiara Medic Sejahtera Medika,Jl. Balai Cerdas Blok 43 Kota/Kabupaten TANJUNG JABUNG TIMUR Provinsi JAMBI,POINT(104.07621554193751 -1.1641729650970571),David Harris Martinez,361103/297214/1030675,5551105988703,terang-bintang-mutiara-medic-sejahtera-medika,154
Murni Tubuh Mutiara Berkah Pharma Apotik,Jl. Kuda Kecil Wilayah 94 Kota/Kabupaten ASMAT Provinsi PAPUA,POINT(138.39183912793982 -5.058851712059811),Tom Taylor Davis,7911011/3109126/5074103,91308100191067,murni-tubuh-mutiara-berkah-pharma-apotik,858
Mutiara Bintang Sehat Medical Sejahtera Apotik,Jl. Kuda Cermat Cluster 57 Kota/Kabupaten NIAS SELATAN Provinsi SUMATERA UTARA,POINT(97.67879923772608 0.9382362390018422),Megan Lewis Jones,164863/6291310/1083172,301124700867,mutiara-bintang-sehat-medical-sejahtera-apotik,311
Badan Prima Cemerlang Bumi Jaya Pharm,Jl. Gajah Cerdas Blok 76 Kota/Kabupaten KAPUAS Provinsi KALIMANTAN TENGAH,POINT(114.21488653964305 -1.300438844598359),Chris Anderson Thomas,718722/772662/950593,470008512350,badan-prima-cemerlang-bumi-jaya-pharm,471
Obat Bakti Kimia Toko Jaya Medika,Jl. Anjing Kecil Blok 87 Kota/Kabupaten LANNY JAYA Provinsi PAPUA,POINT(138.49592446970624 -4.082771324287737),Steve Roberts Garcia,7880101/9810682/102953,112680108170,obat-bakti-kimia-toko-jaya-medika,830
Bumi Toko Resep Terang Pharma Medika,Jl. Kucing Kecil Wilayah 68 Kota/Kabupaten PEGUNUNGAN BINTANG Provinsi PAPUA,POINT(140.91420330856562 -4.692562887302649),Tom Nelson Williams,142608/501852/543123,10006108064147,bumi-toko-resep-terang-pharma-medika,175
Medic Resep Surya Prima Sejahtera Sejahtera,Jl. Gedung Cerah Cluster 62 Kota/Kabupaten KAPUAS Provinsi KALIMANTAN TENGAH,POINT(114.50132198872002 -1.765519168786641),Sarah Thomas Robinson,9245101/821131/308831,186718509007,medic-resep-surya-prima-sejahtera-sejahtera,220
Mawar Sentorsa Medic Indah Sehat Sejahtera,Jl. Duku Sejahtera Komplek 71 Kota/Kabupaten KETAPANG Provinsi KALIMANTAN BARAT,POINT(110.64586188162215 -2.964458182950998),Megan Taylor Thompson,331581/268417/386664,849181083101080,mawar-sentorsa-medic-indah-sehat-sejahtera,968
Bahagia Tenaga Apotik Toko Pharma Medik,Jl. Gunung Cerdas Komplek 52 Kota/Kabupaten WAROPEN Provinsi PAPUA,POINT(136.76758208906756 -3.0596071627933004),Megan Taylor Williams,1001256/3381092/784503,820281888002,bahagia-tenaga-apotik-toko-pharma-medik,394
Nusantara Bahagia Surya Apotik Pharm Medika,Jl. Gunung Cepat Komplek 28 Kota/Kabupaten MURUNG RAYA Provinsi KALIMANTAN TENGAH,POINT(114.85671224640222 -0.1907498299678138),Tom Carter Jackson,117301/620562/3610523,1721009050282,nusantara-bahagia-surya-apotik-pharm-medika,640
Berkah Medical Bumi Bakti Apotek Sejahtera,Jl. Rambutan Besar Wilayah 100 Kota/Kabupaten MAGELANG Provinsi JAWA TENGAH,POINT(110.2048060382579 -7.391716441900808),Lauren Brown Thompson,371765/2108914/3910486,410321710100083,berkah-medical-bumi-bakti-apotek-sejahtera,548
Apotik Resep Amanah Farmasi Bersama Farma,Jl. Kuda Jenius Wilayah 35 Kota/Kabupaten KUTAI BARAT Provinsi KALIMANTAN TIMUR,POINT(115.94720608921652 0.0900887782744774),Michael Harris Miller,7281081/3105025/739721,110110044101683,apotik-resep-amanah-farmasi-bersama-farma,388
Sejahtera Berkah Murni Toko Sehat Medika,Jl. Kota Cermat Blok 37 Kota/Kabupaten BELITUNG TIMUR Provinsi KEPULAUAN BANGKA BELITUNG,POINT(108.0943623610637 -2.8703067463683336),David Hill Martin,3116102/655721/816333,320588492091,sejahtera-berkah-murni-toko-sehat-medika,43
Bahagia Sehat Lestari Mutiara Apotik Pharm,Jl. Kebun Cermat Wilayah 47 Kota/Kabupaten POSO Provinsi SULAWESI TENGAH,POINT(120.23601020896324 -1.7924164839248888),Jason Adams Johnson,2310136/2588010/434934,811937801924,bahagia-sehat-lestari-mutiara-apotik-pharm,225
Nusantara Badan Berkah Kimia Medik Pharm,Jl. Ikan Pintar Komplek 42 Kota/Kabupaten POSO Provinsi SULAWESI TENGAH,POINT(120.24410668274945 -1.5270046338184056),Allison Parker Smith,717138/244898/892395,615100808555,nusantara-badan-berkah-kimia-medik-pharm,648
Resep Bakti Farmasi Medical Sejahtera Medik,Jl. Pisang Sari Daerah 59 Kota/Kabupaten OGAN KOMERING ILIR Provinsi SUMATERA SELATAN,POINT(104.90510734185516 -3.450985841978179),Mark Adams Wilson,718980/1646210/619913,240891617774,resep-bakti-farmasi-medical-sejahtera-medik,340
Jaya Medic Sentorsa Jaya Bersama Sehat,Jl. Durian Kecil Blok 46 Kota/Kabupaten BARITO KUALA Provinsi KALIMANTAN SELATAN,POINT(114.8132820697614 -3.1399636293632387),Megan Taylor Thomas,881241/722111/340133,1077238138016,jaya-medic-sentorsa-jaya-bersama-sehat,215
Amanah Jaya Farmasi Nusantara Farma Apotik,Jl. Sirih Pintar Komplek 80 Kota/Kabupaten DOGIYAI Provinsi PAPUA,POINT(135.47513178748878 -3.927953612392933),Sarah Jones Anderson,126254/259376/734317,1109052105758,amanah-jaya-farmasi-nusantara-farma-apotik,110
Sejahtera Medic Kimia Prima Jaya Sehat,Jl. Kucing Cermat Wilayah 73 Kota/Kabupaten SERUYAN Provinsi KALIMANTAN TENGAH,POINT(112.26336710525312 -2.8810234809409963),Megan Martinez Williams,556116/256627/400343,5694110626608,sejahtera-medic-kimia-prima-jaya-sehat,934
Berkah Sentorsa Resep Prima Medika Jaya,Jl. Mangga Cerah Komplek 14 Kota/Kabupaten SUKAMARA Provinsi KALIMANTAN TENGAH,POINT(111.31099476894948 -2.1579647319349498),Lauren Jackson Jones,1016901/268006/392427,880985157192,berkah-sentorsa-resep-prima-medika-jaya,691
Mawar Bumi Tenaga Murni Sehat Bersama,Jl. Ikan Indah Daerah 22 Kota/Kabupaten KONAWE Provinsi SULAWESI TENGGARA,POINT(122.10103573735545 -3.900203673108125),Megan Johnson Anderson,871816/727204/261643,163190821482,mawar-bumi-tenaga-murni-sehat-bersama,992
Cemerlang Bahagia Obat Tenaga Medika Sejahtera,Jl. Sawah Sejahtera Wilayah 94 Kota/Kabupaten KETAPANG Provinsi KALIMANTAN BARAT,POINT(110.3444374372593 -1.9531257984524988),Matt Carter Jones,571916/10891025/81010013,315785809439,cemerlang-bahagia-obat-tenaga-medika-sejahtera,343
Bahagia Medic Apotik Medical Jaya Medika,Jl. Kota Indah Wilayah 44 Kota/Kabupaten SUMBA TENGAH Provinsi NUSA TENGGARA TIMUR,POINT(119.58763886117946 -9.73373184818583),Chris Carter Jones,235167/924721/431713,781298891026,bahagia-medic-apotik-medical-jaya-medika,241
Badan Surya Bakti Toko Medika Sejahtera,Jl. Mangga Tinggi Daerah 99 Kota/Kabupaten KAIMANA Provinsi PAPUA BARAT,POINT(134.4208761330887 -3.681296925152946),Chris Parker Anderson,87410101/322617/7210333,180997048051,badan-surya-bakti-toko-medika-sejahtera,128
Bintang Sehat Cemerlang Tubuh Apotek Sejahtera,Jl. Apel Kecil Wilayah 23 Kota/Kabupaten PACITAN Provinsi JAWA TIMUR,POINT(111.24678836630532 -8.17465421363033),Katie Martinez Taylor,179682/862114/118331,8110006943033,bintang-sehat-cemerlang-tubuh-apotek-sejahtera,902
Prima Indah Mutiara Obat Farma Pharm,Jl. Tembok Besar Komplek 41 Kota/Kabupaten MIMIKA Provinsi PAPUA,POINT(135.8941285050248 -4.260359292884485),Chris Williams Davis,1110778/3108241/3181005,768040434113,prima-indah-mutiara-obat-farma-pharm,510
Cemerlang Berkah Amanah Medic Medika Pharm,Jl. Kucing Tinggi Blok 81 Kota/Kabupaten BELITUNG Provinsi KEPULAUAN BANGKA BELITUNG,POINT(107.63409608843476 -3.196316846380605),Chris Jones Robinson,670091/2102325/4838910,380340008180,cemerlang-berkah-amanah-medic-medika-pharm,236
Kimia Jaya Harmoni Mutiara Jaya Pharm,Jl. Tembok Cerah Wilayah 69 Kota/Kabupaten PARIGI MOUTONG Provinsi SULAWESI TENGAH,POINT(119.94571536238136 -0.4446056182751832),Jason Williams Johnson,8178510/528363/7403310,1068150102832,kimia-jaya-harmoni-mutiara-jaya-pharm,287
Sentorsa Indah Medical Nusantara Medik Sejahtera,Jl. Durian Cepat Wilayah 28 Kota/Kabupaten MALINAU Provinsi KALIMANTAN UTARA,POINT(116.48173265191224 3.1299010834834693),Sarah Brown Davis,4105651/2100050/572093,6110362107588,sentorsa-indah-medical-nusantara-medik-sejahtera,218
Bintang Farmasi Bahagia Obat Sejahtera Medik,Jl. Kuda Jenius Daerah 75 Kota/Kabupaten LAMPUNG TENGAH Provinsi LAMPUNG,POINT(105.17705287853516 -4.953473420113625),Matt Parker Brown,951944/113820/3210583,6799101501087,bintang-farmasi-bahagia-obat-sejahtera-medik,417
Amanah Lestari Indah Obat Farma Medik,Jl. Rambutan Sari Blok 13 Kota/Kabupaten MALINAU Provinsi KALIMANTAN UTARA,POINT(115.86446605741232 2.158825015597426),Ashley Harris Martinez,855157/6521007/366352,895816201783,amanah-lestari-indah-obat-farma-medik,164
Indah Medical Jaya Tubuh Sehat Sejahtera,Jl. Gunung Kecil Daerah 5 Kota/Kabupaten PUNCAK Provinsi PAPUA,POINT(137.3231172748215 -3.288392651099713),Michael Clark Robinson,5186107/282541/865383,370148951388,indah-medical-jaya-tubuh-sehat-sejahtera,487
Prima Murni Terang Toko Sehat Bersama,Jl. Mangga Tinggi Daerah 78 Kota/Kabupaten KETAPANG Provinsi KALIMANTAN BARAT,POINT(111.05259353037992 -0.5502028083019326),Jason Martinez Jones,611120/794425/952223,584106051081010,prima-murni-terang-toko-sehat-bersama,519
Tenaga Bahagia Lestari Resep Farma Apotek,Jl. Kucing Kecil Komplek 5 Kota/Kabupaten KAMPAR Provinsi RIAU,POINT(101.10388656475628 -0.0111175103707807),Emily Williams Johnson,400861/325983/5610320,1388508608010,tenaga-bahagia-lestari-resep-farma-apotek,90
Bakti Medic Bumi Resep Jaya Medik,Jl. Apel Pintar Daerah 46 Kota/Kabupaten KAPUAS HULU Provinsi KALIMANTAN BARAT,POINT(112.12744868149969 0.8152028998130199),Steve White Moore,12104110/522959/3923105,41080711038948,bakti-medic-bumi-resep-jaya-medik,436
Resep Badan Kimia Jaya Medik Medika,Jl. Rambutan Kecil Blok 85 Kota/Kabupaten MERAUKE Provinsi PAPUA,POINT(139.76351923029168 -7.465459487642805),Sarah Harris Brown,217151/1210734/361343,1000724810501,resep-badan-kimia-jaya-medik-medika,809
Resep Sehat Prima Tenaga Farma Bersama,Jl. Ikan Cerah Wilayah 33 Kota/Kabupaten KEPULAUAN ARU Provinsi MALUKU,POINT(134.67915355707945 -6.6768349736582735),Ashley Jones Brown,301728/802629/305474,5582185010050,resep-sehat-prima-tenaga-farma-bersama,131
Terang Obat Bahagia Bintang Apotek Pharm,Jl. Kuda Pendek Komplek 68 Kota/Kabupaten KEDIRI Provinsi JAWA TIMUR,POINT(111.99422090133348 -7.968903396517161),Katie Martinez Brown,117176/6551027/392302,464318201100,terang-obat-bahagia-bintang-apotek-pharm,769
Kimia Bintang Resep Murni Pharm Sehat,Jl. Kucing Pendek Wilayah 34 Kota/Kabupaten BATANGHARI Provinsi JAMBI,POINT(103.00143478708809 -1.677892199826081),Chris Parker Martinez,507819/5101215/402392,4890145901067,kimia-bintang-resep-murni-pharm-sehat,13
Prima Tubuh Terang Tenaga Sehat Farma,Jl. Mangga Sejahtera Blok 82 Kota/Kabupaten PEGUNUNGAN BINTANG Provinsi PAPUA,POINT(140.0489966468228 -4.407570301407422),Emily Jackson Thomas,167911/559427/3976010,178821278870,prima-tubuh-terang-tenaga-sehat-farma,382
Medic Sentorsa Tubuh Harmoni Farma Pharm,Jl. Kota Kecil Daerah 41 Kota/Kabupaten PULAU MOROTAI Provinsi MALUKU UTARA,POINT(128.61438520956327 2.4397597662778967),Ashley White Davis,424112/2648110/517135,839891210670,medic-sentorsa-tubuh-harmoni-farma-pharm,152
Lestari Toko Medical Sehat Pharma Apotek,Jl. Gunung Kecil Blok 85 Kota/Kabupaten MAHAKAM ULU Provinsi KALIMANTAN TIMUR,POINT(113.96454503785684 0.7707418345109875),Jason Nelson Johnson,513840/260602/1036486,9041095367178,lestari-toko-medical-sehat-pharma-apotek,159
Mutiara Tubuh Surya Terang Farma Bersama,Jl. Pisang Cerdas Komplek 27 Kota/Kabupaten KEPULAUAN SULA Provinsi MALUKU UTARA,POINT(125.8692409523265 -2.090026983838781),Lauren Anderson Davis,1012178/678312/535819,10180510016310,mutiara-tubuh-surya-terang-farma-bersama,99
Jaya Lestari Prima Bintang Medika Apotik,Jl. Rambutan Besar Komplek 75 Kota/Kabupaten MOROWALI UTARA Provinsi SULAWESI TENGAH,POINT(121.68420947092912 -1.5801694222333822),Tom Adams Brown,2451110/1004200/344762,1368461091108,jaya-lestari-prima-bintang-medika-apotik,92
Prima Sentorsa Apotik Harmoni Apotik Sejahtera,Jl. Anjing Tinggi Cluster 1 Kota/Kabupaten MANGGARAI TIMUR Provinsi NUSA TENGGARA TIMUR,POINT(120.58430890268934 -8.671772426467431),Lauren White Wilson,4110696/8201047/583450,825007872910,prima-sentorsa-apotik-harmoni-apotik-sejahtera,236
Cemerlang Tenaga Mawar Mutiara Farma Apotik,Jl. Gedung Sejahtera Wilayah 65 Kota/Kabupaten KOTA LANGSA Provinsi ACEH,POINT(97.96629657428991 4.459199649598633),Rachel Thomas Miller,1719510/402674/3810707,508803400188,cemerlang-tenaga-mawar-mutiara-farma-apotik,65
Toko Bakti Medical Amanah Sejahtera Sejahtera,Jl. Durian Kecil Cluster 67 Kota/Kabupaten GUNUNG MAS Provinsi KALIMANTAN TENGAH,POINT(113.96058271582868 -1.4607269869546045),Matt White Miller,120671/930582/9803510,948514061194,toko-bakti-medical-amanah-sejahtera-sejahtera,206
Berkah Indah Amanah Terang Farma Sehat,Jl. Kota Tinggi Cluster 38 Kota/Kabupaten BERAU Provinsi KALIMANTAN TIMUR,POINT(116.65517490531278 1.951254759721687),David Parker Robinson,821536/802622/1062309,81110106890476,berkah-indah-amanah-terang-farma-sehat,348
Sehat Bahagia Prima Jaya Sehat Pharm,Jl. Ikan Jenius Wilayah 19 Kota/Kabupaten MANOKWARI Provinsi PAPUA BARAT,POINT(133.87281369401515 -1.0504689506774447),Alex Parker Brown,118188/391220/135640,6305101666804,sehat-bahagia-prima-jaya-sehat-pharm,192
Makmur Cemerlang Resep Obat Bersama Medika,Jl. Gajah Sejahtera Daerah 49 Kota/Kabupaten KUTAI BARAT Provinsi KALIMANTAN TIMUR,POINT(115.89830073263867 -0.6680602999761351),Megan Taylor Anderson,100185/692153/123964,794110090894,makmur-cemerlang-resep-obat-bersama-medika,960
Cemerlang Surya Medical Surya Sejahtera Pharm,Jl. Gajah Sejahtera Blok 24 Kota/Kabupaten KAPUAS HULU Provinsi KALIMANTAN BARAT,POINT(112.63868452277124 0.6888227907845987),Ashley Jackson Martinez,175440/1082925/3035410,560812669889,cemerlang-surya-medical-surya-sejahtera-pharm,124
Murni Bumi Nusantara Obat Apotik Jaya,Jl. Jeruk Besar Blok 72 Kota/Kabupaten MURUNG RAYA Provinsi KALIMANTAN TENGAH,POINT(113.6823816246102 -0.238228851835089),Jason Taylor Thompson,501013/597628/6750103,810624882096,murni-bumi-nusantara-obat-apotik-jaya,141
Tubuh Harmoni Surya Cemerlang Pharma Pharm,Jl. Kebun Kecil Daerah 76 Kota/Kabupaten MEMPAWAH Provinsi KALIMANTAN BARAT,POINT(109.33675785664208 0.0704129886779423),Alex Nelson Moore,1024162/272845/138440,605110310881010,tubuh-harmoni-surya-cemerlang-pharma-pharm,125
Bintang Murni Jaya Surya Jaya Medik,Jl. Anjing Jenius Cluster 3 Kota/Kabupaten YAHUKIMO Provinsi PAPUA,POINT(139.97084950573077 -3.77186470717044),Steve Jackson Harris,556124/219106/113868,1038210265382,bintang-murni-jaya-surya-jaya-medik,367
Tenaga Toko Obat Cemerlang Apotik Sehat,Jl. Ikan Indah Wilayah 38 Kota/Kabupaten NIAS SELATAN Provinsi SUMATERA UTARA,POINT(98.28004770294324 -0.0745145768453507),Jason Martinez Johnson,674105/8598102/1041593,48110389022810,tenaga-toko-obat-cemerlang-apotik-sehat,434
Sehat Lestari Bahagia Harmoni Farma Sejahtera,Jl. Gedung Cermat Cluster 59 Kota/Kabupaten KUTAI KARTANEGARA Provinsi KALIMANTAN TIMUR,POINT(115.8918418165533 0.9733798241417322),Tom Martinez Wilson,178050/2651045/803228,208375797361,sehat-lestari-bahagia-harmoni-farma-sejahtera,166
Sejahtera Bintang Tubuh Bumi Jaya Apotik,Jl. Gedung Kecil Blok 70 Kota/Kabupaten LUWU UTARA Provinsi SULAWESI SELATAN,POINT(120.36620389336478 -2.606900024372397),Rachel Anderson Jackson,716113/783528/354672,1272242801106,sejahtera-bintang-tubuh-bumi-jaya-apotik,89
Jaya Apotik Bakti Badan Jaya Sehat,Jl. Duku Cerah Komplek 18 Kota/Kabupaten MAHAKAM ULU Provinsi KALIMANTAN TIMUR,POINT(114.19383526008136 1.2818185781755569),Matt Taylor Martin,486815/4002103/7133210,9330803821051,jaya-apotik-bakti-badan-jaya-sehat,845
Lestari Tenaga Medic Farmasi Sejahtera Medik,Jl. Balai Cerah Blok 39 Kota/Kabupaten MERAUKE Provinsi PAPUA,POINT(138.3380419074793 -7.44628937039269),David Clark Williams,791292/2110510/810863,845328130680,lestari-tenaga-medic-farmasi-sejahtera-medik,269
Bumi Medical Prima Tubuh Apotik Jaya,Jl. Sawah Kecil Blok 87 Kota/Kabupaten JAYAWIJAYA Provinsi PAPUA,POINT(138.7784709066535 -4.02652792949671),Jessica Parker Garcia,1771034/2540101/753533,8123109424307,bumi-medical-prima-tubuh-apotik-jaya,261
Surya Bakti Amanah Badan Medika Pharm,Jl. Mangga Sejahtera Komplek 89 Kota/Kabupaten KAMPAR Provinsi RIAU,POINT(101.15852086589618 -0.218054131204175),Steve Johnson Anderson,228681/913222/23951010,192186758400,surya-bakti-amanah-badan-medika-pharm,130
Tenaga Sehat Surya Farmasi Medika Sejahtera,Jl. Mangga Sari Blok 42 Kota/Kabupaten BOLAANG MONGONDOW TIMUR Provinsi SULAWESI UTARA,POINT(124.35332750995696 0.6198353491693958),Rachel Carter Garcia,249810/959237/5687103,91100103804692,tenaga-sehat-surya-farmasi-medika-sejahtera,856
Toko Sejahtera Badan Kimia Sehat Medik,Jl. Kucing Cermat Komplek 59 Kota/Kabupaten WAROPEN Provinsi PAPUA,POINT(136.498549764852 -2.787573578135176),Jessica Smith Martinez,915806/656262/5101531,5108100504288,toko-sejahtera-badan-kimia-sehat-medik,31
Jaya Terang Kimia Apotik Medik Bersama,Jl. Kucing Sejahtera Blok 9 Kota/Kabupaten BOMBANA Provinsi SULAWESI TENGGARA,POINT(121.97044357421136 -4.5629632902139),Jessica Adams Moore,661160/10061092/22103710,817319518071,jaya-terang-kimia-apotik-medik-bersama,910
Sejahtera Toko Resep Bumi Jaya Medika,Jl. Anjing Cerdas Blok 13 Kota/Kabupaten KUBU RAYA Provinsi KALIMANTAN BARAT,POINT(109.8218991959676 -0.4049750472330231),Lauren Anderson Martin,785190/8623109/3814310,422501187864,sejahtera-toko-resep-bumi-jaya-medika,125
Prima Resep Bakti Medical Pharm Farma,Jl. Sawah Sejahtera Daerah 94 Kota/Kabupaten REMBANG Provinsi JAWA TENGAH,POINT(111.33574947536134 -6.773362541330157),Brittany Martinez Thompson,1031009/286352/259318,5228101911030,prima-resep-bakti-medical-pharm-farma,343
Bahagia Harmoni Sejahtera Medical Sehat Pharma,Jl. Apel Tinggi Cluster 84 Kota/Kabupaten MURUNG RAYA Provinsi KALIMANTAN TENGAH,POINT(114.45641569581186 -0.2799878484021594),Michael Smith Martin,5188010/2901210/352303,808506101780,bahagia-harmoni-sejahtera-medical-sehat-pharma,388
Mawar Amanah Prima Murni Sejahtera Apotek,Jl. Mangga Pintar Komplek 51 Kota/Kabupaten SIDENRENG RAPPANG Provinsi SULAWESI SELATAN,POINT(120.18567825858314 -3.652306307312471),Emily Hill Martinez,158063/224970/446380,8607810802717,mawar-amanah-prima-murni-sejahtera-apotek,718
Bahagia Jaya Apotik Bakti Pharma Apotek,Jl. Gunung Cerdas Blok 68 Kota/Kabupaten LAMPUNG TENGAH Provinsi LAMPUNG,POINT(105.58753376259853 -4.607816433912595),Mark Nelson Jones,9610197/770028/283339,309091467830,bahagia-jaya-apotik-bakti-pharma-apotek,295
Farmasi Medic Bahagia Prima Bersama Sehat,Jl. Tembok Tinggi Wilayah 33 Kota/Kabupaten KEPULAUAN MENTAWAI Provinsi SUMATERA BARAT,POINT(99.27211151527244 -1.6282587590446855),John Anderson Davis,114760/442917/8211039,8107103955113,farmasi-medic-bahagia-prima-bersama-sehat,192
Murni Farmasi Bahagia Surya Bersama Sejahtera,Jl. Kota Kecil Blok 96 Kota/Kabupaten OGAN ILIR Provinsi SUMATERA SELATAN,POINT(104.50288778984128 -3.4083959702221085),Allison Hill Miller,492177/935326/387753,5810003108150,murni-farmasi-bahagia-surya-bersama-sejahtera,6
Resep Kimia Cemerlang Makmur Bersama Medik,Jl. Gajah Jenius Blok 27 Kota/Kabupaten MALUKU TENGAH Provinsi MALUKU,POINT(129.4812513349546 -3.231387355869323),Lauren Anderson Davis,420149/239287/109351,476813087047,resep-kimia-cemerlang-makmur-bersama-medik,249
Amanah Sejahtera Prima Obat Apotik Farma,Jl. Mangga Jenius Wilayah 93 Kota/Kabupaten MALINAU Provinsi KALIMANTAN UTARA,POINT(115.81104903905045 2.330998817382916),Mark Jackson Wilson,4103158/2522101/631627,9931108045001,amanah-sejahtera-prima-obat-apotik-farma,383
Jaya Medic Indah Bumi Sehat Sejahtera,Jl. Jeruk Pintar Cluster 77 Kota/Kabupaten MAHAKAM ULU Provinsi KALIMANTAN TIMUR,POINT(113.9631910021424 1.032506814385412),Allison Clark Wilson,4811109/266472/34100100,285211098244,jaya-medic-indah-bumi-sehat-sejahtera,235
Jaya Harmoni Berkah Prima Sehat Medik,Jl. Gajah Cepat Blok 48 Kota/Kabupaten SOLOK SELATAN Provinsi SUMATERA BARAT,POINT(101.14901995453724 -1.5800842350520234),Katie Hill Thomas,101739/101192/976335,913604180525,jaya-harmoni-berkah-prima-sehat-medik,301
Bahagia Terang Tubuh Bakti Jaya Medik,Jl. Mangga Cerah Wilayah 99 Kota/Kabupaten KETAPANG Provinsi KALIMANTAN BARAT,POINT(111.1489430118706 -0.6274704569500837),Emily Clark Thomas,1045121/227140/882153,1506136051810,bahagia-terang-tubuh-bakti-jaya-medik,775
Surya Amanah Indah Tubuh Sejahtera Apotek,Jl. Kota Cerdas Komplek 91 Kota/Kabupaten KARANGASEM Provinsi BALI,POINT(115.53528432772106 -8.261805835770993),Allison Clark Wilson,391111/2105108/893800,738081574964,surya-amanah-indah-tubuh-sejahtera-apotek,64
Medical Indah Sejahtera Lestari Sejahtera Jaya,Jl. Duku Cepat Blok 77 Kota/Kabupaten INTAN JAYA Provinsi PAPUA,POINT(136.96996541023515 -3.6679066129803513),Rachel Lewis Harris,1086913/172308/243207,14471010109182,medical-indah-sejahtera-lestari-sejahtera-jaya,640
Cemerlang Prima Jaya Kimia Apotik Bersama,Jl. Gajah Jenius Blok 53 Kota/Kabupaten PULANG PISAU Provinsi KALIMANTAN TENGAH,POINT(113.89879010881518 -1.7517541904835223),John Taylor Smith,898401/973229/3541035,1005710812880,cemerlang-prima-jaya-kimia-apotik-bersama,341
Jaya Lestari Sehat Tenaga Medika Farma,Jl. Kuda Tinggi Blok 4 Kota/Kabupaten BERAU Provinsi KALIMANTAN TIMUR,POINT(118.04379818271582 1.6513426601161427),Chris Nelson Martin,120662/228660/340830,51076867701091,jaya-lestari-sehat-tenaga-medika-farma,141
Bakti Tubuh Sehat Toko Medika Farma,Jl. Gunung Pendek Daerah 7 Kota/Kabupaten MALUKU TENGAH Provinsi MALUKU,POINT(129.4479660914324 -3.023871549947548),Matt Adams Brown,881303/9861082/232224,416088429050,bakti-tubuh-sehat-toko-medika-farma,249
Prima Terang Badan Surya Pharm Apotik,Jl. Sawah Kecil Daerah 18 Kota/Kabupaten MURUNG RAYA Provinsi KALIMANTAN TENGAH,POINT(113.84705337959592 -0.3639976041890271),Tom Nelson Harris,900311/236220/6587310,13009103305810,prima-terang-badan-surya-pharm-apotik,233
Prima Farmasi Toko Bakti Medika Sejahtera,Jl. Sawah Sejahtera Komplek 17 Kota/Kabupaten YAHUKIMO Provinsi PAPUA,POINT(139.09038434956747 -4.233174076372036),Lauren Taylor Brown,5541010/6381032/364948,568081180468,prima-farmasi-toko-bakti-medika-sejahtera,832
Prima Berkah Medic Amanah Jaya Bersama,Jl. Tembok Indah Blok 16 Kota/Kabupaten BONE Provinsi SULAWESI SELATAN,POINT(120.15835875831117 -4.574183682447028),Steve Hill Taylor,198582/9106102/193901,411946087851,prima-berkah-medic-amanah-jaya-bersama,974
Jaya Medical Sejahtera Berkah Apotek Sehat,Jl. Balai Cerdas Wilayah 10 Kota/Kabupaten LUWU Provinsi SULAWESI SELATAN,POINT(120.030436420139 -3.2962435149712173),Michael Roberts Moore,107370/222408/1033115,20091001008104,jaya-medical-sejahtera-berkah-apotek-sehat,907
Terang Murni Jaya Medical Medik Sejahtera,Jl. Pisang Cerah Wilayah 79 Kota/Kabupaten LAMANDAU Provinsi KALIMANTAN TENGAH,POINT(111.68824102372054 -2.081240246155732),Chris Parker Miller,143677/274214/192338,143042833041,terang-murni-jaya-medical-medik-sejahtera,163
Makmur Jaya Jaya Toko Farma Pharm,Jl. Jeruk Cerah Cluster 87 Kota/Kabupaten SAROLANGUN Provinsi JAMBI,POINT(102.73875162772688 -2.114683257628702),Steve Brown Miller,1001861/127492/8003010,2221871010004,makmur-jaya-jaya-toko-farma-pharm,691
Badan Terang Bintang Bumi Pharm Apotek,Jl. Kota Pintar Blok 45 Kota/Kabupaten JOMBANG Provinsi JAWA TIMUR,POINT(112.31501540134455 -7.512923703377441),Lauren Brown Anderson,1016271/799621/473377,10089681321002,badan-terang-bintang-bumi-pharm-apotek,482
Bumi Indah Jaya Mawar Medik Apotik,Jl. Pisang Cerah Komplek 53 Kota/Kabupaten BARITO KUALA Provinsi KALIMANTAN SELATAN,POINT(114.56609702271308 -2.917366972499849),Allison Anderson White,674051/531028/109101053,318801869490,bumi-indah-jaya-mawar-medik-apotik,388
Medic Surya Mawar Badan Apotik Sejahtera,Jl. Balai Cerdas Blok 71 Kota/Kabupaten SOLOK SELATAN Provinsi SUMATERA BARAT,POINT(101.20575168115572 -1.4615018237829975),Allison Nelson Anderson,362317/1009827/680383,1061008801307,medic-surya-mawar-badan-apotik-sejahtera,376
Sehat Surya Bakti Surya Apotik Jaya,Jl. Sawah Kecil Daerah 85 Kota/Kabupaten MUSI BANYUASIN Provinsi SUMATERA SELATAN,POINT(103.94816215316702 -2.494197213671397),Matt Johnson Moore,168878/1022794/613833,9099810145405,sehat-surya-bakti-surya-apotik-jaya,496
Indah Bahagia Harmoni Bumi Pharm Bersama,Jl. Balai Jenius Wilayah 48 Kota/Kabupaten GUNUNG MAS Provinsi KALIMANTAN TENGAH,POINT(113.9145280682482 -1.203987610539718),Jessica Carter Williams,1104995/131062/539401,5180155104039,indah-bahagia-harmoni-bumi-pharm-bersama,266
Murni Harmoni Badan Nusantara Sejahtera Bersama,Jl. Kuda Cepat Blok 93 Kota/Kabupaten KAPUAS Provinsi KALIMANTAN TENGAH,POINT(114.38852656173782 -1.5708339053225853),Chris Anderson Robinson,804519/724332/546306,895821803604,murni-harmoni-badan-nusantara-sejahtera-bersama,691
Indah Tubuh Cemerlang Kimia Apotek Sejahtera,Jl. Jeruk Cermat Wilayah 39 Kota/Kabupaten NUNUKAN Provinsi KALIMANTAN UTARA,POINT(116.36313827826076 4.114020130582295),Lauren Harris Thomas,614989/903324/839108,442447901908,indah-tubuh-cemerlang-kimia-apotek-sejahtera,630
Badan Sehat Nusantara Murni Apotek Pharma,Jl. Tembok Jenius Cluster 38 Kota/Kabupaten BARITO UTARA Provinsi KALIMANTAN TENGAH,POINT(115.23127748453952 -1.234362268179698),Allison Clark Taylor,1767810/526471/34310310,312407980802,badan-sehat-nusantara-murni-apotek-pharma,74
Kimia Bakti Sejahtera Berkah Sejahtera Apotek,Jl. Kuda Sari Komplek 100 Kota/Kabupaten BUNGO Provinsi JAMBI,POINT(101.7074220186302 -1.6712854738596583),Matt Parker Martinez,515199/2445610/327397,4014103100182,kimia-bakti-sejahtera-berkah-sejahtera-apotek,417
Berkah Harmoni Medical Prima Apotik Sejahtera,Jl. Balai Sari Komplek 9 Kota/Kabupaten MALINAU Provinsi KALIMANTAN UTARA,POINT(116.565706833065 3.623588151900359),Emily Lewis Williams,5168104/272215/3810309,849072231321,berkah-harmoni-medical-prima-apotik-sejahtera,584
Sehat Surya Jaya Bakti Pharma Sehat,Jl. Sirih Cerah Wilayah 89 Kota/Kabupaten TAPANULI UTARA Provinsi SUMATERA UTARA,POINT(98.8834637982556 1.9158496296347192),Chris Roberts Miller,1209102/3102622/354726,6011110988528,sehat-surya-jaya-bakti-pharma-sehat,341
Makmur Cemerlang Jaya Nusantara Jaya Medik,Jl. Gajah Pintar Blok 91 Kota/Kabupaten KAPUAS Provinsi KALIMANTAN TENGAH,POINT(114.27540468951972 -1.4122854072748083),Brittany Taylor Thompson,771377/723403/514283,958138494040,makmur-cemerlang-jaya-nusantara-jaya-medik,5
Indah Bakti Mawar Bahagia Medik Bersama,Jl. Rambutan Cerah Cluster 13 Kota/Kabupaten MAMBERAMO RAYA Provinsi PAPUA,POINT(138.41379501885208 -2.7513686717297805),Allison White Taylor,944791/266652/261337,89102110490082,indah-bakti-mawar-bahagia-medik-bersama,338
Sentorsa Obat Murni Indah Jaya Sejahtera,Jl. Kuda Cerah Daerah 72 Kota/Kabupaten INDRAGIRI HULU Provinsi RIAU,POINT(102.54442999212364 -0.2194825596000562),David Martinez Smith,11019110/727937/2339103,778106848576,sentorsa-obat-murni-indah-jaya-sejahtera,940
Kimia Jaya Tubuh Mutiara Pharma Bersama,Jl. Kucing Cerdas Blok 31 Kota/Kabupaten TANAH BUMBU Provinsi KALIMANTAN SELATAN,POINT(115.70263275474043 -3.674144358909437),Emily Adams Wilson,158171/250669/310095,312962868017,kimia-jaya-tubuh-mutiara-pharma-bersama,185
Jaya Sejahtera Amanah Obat Medika Sejahtera,Jl. Gajah Cerah Komplek 33 Kota/Kabupaten SERAM BAGIAN TIMUR Provinsi MALUKU,POINT(130.52375291383652 -3.3153044395131666),Steve Thomas Garcia,511719/1020564/934320,19108672157100,jaya-sejahtera-amanah-obat-medika-sejahtera,81
Obat Farmasi Bahagia Bakti Apotek Jaya,Jl. Apel Cerdas Daerah 57 Kota/Kabupaten PELALAWAN Provinsi RIAU,POINT(103.01477599001204 0.4831248382934632),Lauren Martinez Thomas,513613/4108293/24103710,81010507511012,obat-farmasi-bahagia-bakti-apotek-jaya,11
Bintang Jaya Medic Mutiara Apotik Jaya,Jl. Pisang Kecil Cluster 8 Kota/Kabupaten KUTAI TIMUR Provinsi KALIMANTAN TIMUR,POINT(118.38700710501162 1.221344668037558),Steve Lewis Thompson,928491/1046729/333220,9419993841060,bintang-jaya-medic-mutiara-apotik-jaya,449
Medical Prima Jaya Obat Sehat Apotik,Jl. Kebun Cepat Cluster 97 Kota/Kabupaten KOTAWARINGIN BARAT Provinsi KALIMANTAN TENGAH,POINT(111.92795218135907 -2.86895837043841),Rachel Martinez Davis,581601/46291010/1378104,82089104110221,medical-prima-jaya-obat-sehat-apotik,22
Prima Bakti Jaya Medical Bersama Medika,Jl. Rambutan Cerah Cluster 79 Kota/Kabupaten BUNGO Provinsi JAMBI,POINT(102.22299604640432 -1.702871828595267),Megan Nelson Johnson,401747/259543/7710358,146107723780,prima-bakti-jaya-medical-bersama-medika,566
Berkah Sentorsa Nusantara Jaya Medika Sejahtera,Jl. Apel Cerah Daerah 9 Kota/Kabupaten TANA TIDUNG Provinsi KALIMANTAN UTARA,POINT(116.93182627197626 3.5618385888418214),Lauren Nelson Harris,650419/287354/340591,401368909813,berkah-sentorsa-nusantara-jaya-medika-sejahtera,250
Prima Berkah Farmasi Surya Farma Pharm,Jl. Gedung Indah Blok 6 Kota/Kabupaten MAPPI Provinsi PAPUA,POINT(139.75989615675735 -5.893602399556271),David Jones Smith,4214103/1872108/8262103,914470397849,prima-berkah-farmasi-surya-farma-pharm,532
Surya Kimia Terang Obat Pharma Bersama,Jl. Gunung Cerah Wilayah 81 Kota/Kabupaten BLORA Provinsi JAWA TENGAH,POINT(111.48399438492996 -6.987914418511435),Jessica Nelson White,3718100/4102121/81031022,3186851008165,surya-kimia-terang-obat-pharma-bersama,644
Bahagia Sejahtera Tenaga Bumi Apotek Pharm,Jl. Kota Cerdas Daerah 16 Kota/Kabupaten SERDANG BEDAGAI Provinsi SUMATERA UTARA,POINT(99.0792682300768 3.235890140739075),Brittany White Miller,4982101/980112/367542,886667864018,bahagia-sejahtera-tenaga-bumi-apotek-pharm,59
Amanah Makmur Bumi Toko Farma Pharma,Jl. Anjing Tinggi Komplek 64 Kota/Kabupaten LEBONG Provinsi BENGKULU,POINT(102.4297326808552 -3.254340466806604),Mark Harris Williams,4010192/289837/392179,1905804410014,amanah-makmur-bumi-toko-farma-pharma,214
Lestari Jaya Jaya Toko Farma Jaya,Jl. Jeruk Indah Komplek 19 Kota/Kabupaten MAMBERAMO RAYA Provinsi PAPUA,POINT(138.0986097360206 -2.258105516874803),John Martinez Miller,201274/492216/284738,286759881808,lestari-jaya-jaya-toko-farma-jaya,103
Farmasi Jaya Lestari Sejahtera Apotik Medika,Jl. Pisang Indah Komplek 25 Kota/Kabupaten TELUK BINTUNI Provinsi PAPUA BARAT,POINT(132.82583073693414 -1.8087239429104915),Allison Hill Davis,151601/24103102/7511034,4810737407108,farmasi-jaya-lestari-sejahtera-apotik-medika,588
Sentorsa Amanah Medic Bumi Apotik Apotek,Jl. Apel Cepat Daerah 1 Kota/Kabupaten MALINAU Provinsi KALIMANTAN UTARA,POINT(115.30144284726282 1.9024131165593463),Tom Adams Thompson,709091/9177210/563273,9107210818161,sentorsa-amanah-medic-bumi-apotik-apotek,62
Prima Jaya Surya Tubuh Medika Jaya,Jl. Mangga Sejahtera Daerah 50 Kota/Kabupaten CIREBON Provinsi JAWA BARAT,POINT(108.3868812439261 -6.756477643189388),Rachel Jackson Williams,1103810/830329/236703,3068488710817,prima-jaya-surya-tubuh-medika-jaya,729
Resep Bahagia Surya Mawar Medik Apotek,Jl. Balai Cermat Cluster 49 Kota/Kabupaten MERANGIN Provinsi JAMBI,POINT(102.44868448029057 -1.851151369314108),Allison Carter Harris,28101019/202613/230291,317581985580,resep-bahagia-surya-mawar-medik-apotek,576
Terang Berkah Medic Prima Sejahtera Apotik,Jl. Balai Indah Cluster 85 Kota/Kabupaten BENGKALIS Provinsi RIAU,POINT(101.32597693863347 1.1399947783751705),Steve Martinez Martinez,7911610/884128/9319510,4168344058410,terang-berkah-medic-prima-sejahtera-apotik,207
Apotik Surya Bahagia Cemerlang Medik Apotek,Jl. Gedung Pendek Blok 11 Kota/Kabupaten KEPULAUAN MENTAWAI Provinsi SUMATERA BARAT,POINT(99.05427966652492 -1.4861050820858352),Allison Adams Jackson,1111048/5102834/3922108,800070081000,apotik-surya-bahagia-cemerlang-medik-apotek,932
Surya Nusantara Prima Obat Sejahtera Farma,Jl. Kucing Cermat Cluster 88 Kota/Kabupaten KOTA BOGOR Provinsi JAWA BARAT,POINT(106.78489614519724 -6.617635618692082),John Taylor Anderson,504164/221252/735049,1463318815100,surya-nusantara-prima-obat-sejahtera-farma,420
Indah Nusantara Tubuh Sehat Medika Sejahtera,Jl. Apel Kecil Blok 23 Kota/Kabupaten TOJO UNA-UNA Provinsi SULAWESI TENGAH,POINT(122.18188314185832 -0.2661588430291175),Emily Smith Thompson,840159/2511083/126432,870010768804,indah-nusantara-tubuh-sehat-medika-sejahtera,312
Nusantara Murni Surya Kimia Medik Apotik,Jl. Sirih Sejahtera Komplek 78 Kota/Kabupaten MALINAU Provinsi KALIMANTAN UTARA,POINT(115.9164953828014 2.3747349712824377),Jason Thomas Harris,162860/927250/437143,19021082010096,nusantara-murni-surya-kimia-medik-apotik,151
Cemerlang Amanah Prima Bintang Apotik Sehat,Jl. Durian Cermat Cluster 46 Kota/Kabupaten KOTAWARINGIN TIMUR Provinsi KALIMANTAN TENGAH,POINT(112.86891407180308 -2.0788010694016954),Matt Taylor Smith,345111/832370/2631004,8910302104818,cemerlang-amanah-prima-bintang-apotik-sehat,420
Toko Bumi Farmasi Indah Apotik Jaya,Jl. Kebun Tinggi Komplek 23 Kota/Kabupaten BOVEN DIGOEL Provinsi PAPUA,POINT(139.8979873351508 -6.185492016212266),Chris Williams Garcia,318481/9026108/1056263,319038310100103,toko-bumi-farmasi-indah-apotik-jaya,427
Mutiara Jaya Indah Bahagia Sehat Medik,Jl. Mangga Cerdas Wilayah 52 Kota/Kabupaten ENREKANG Provinsi SULAWESI SELATAN,POINT(119.90655886985658 -3.2856390006928304),Lauren Taylor Moore,218200/43810210/341486,760913008080,mutiara-jaya-indah-bahagia-sehat-medik,357
Berkah Mawar Murni Mutiara Farma Medika,Jl. Anjing Pintar Cluster 78 Kota/Kabupaten KOTA BENGKULU Provinsi BENGKULU,POINT(102.32177639125364 -3.8606920556963935),Brittany Clark Thompson,620501/6218104/454032,582211590006,berkah-mawar-murni-mutiara-farma-medika,630
Tubuh Mutiara Badan Nusantara Medik Farma,Jl. Gedung Kecil Wilayah 35 Kota/Kabupaten BERAU Provinsi KALIMANTAN TIMUR,POINT(118.05134813573336 2.312629480998231),Lauren Nelson Smith,1055159/923838/1310398,8041070761867,tubuh-mutiara-badan-nusantara-medik-farma,741
Medical Makmur Mutiara Bahagia Sejahtera Medika,Jl. Sawah Cerdas Wilayah 61 Kota/Kabupaten KUBU RAYA Provinsi KALIMANTAN BARAT,POINT(109.3658465516794 -0.0815074054183089),Ashley Adams Anderson,1015131/246807/350944,734185701198,medical-makmur-mutiara-bahagia-sejahtera-medika,294
Prima Bakti Sehat Prima Sejahtera Apotek,Jl. Duku Pintar Wilayah 59 Kota/Kabupaten PELALAWAN Provinsi RIAU,POINT(101.98700948124144 0.1541391847933209),Chris Clark White,610191010/207529/2031047,143338641608,prima-bakti-sehat-prima-sejahtera-apotek,630
Amanah Lestari Jaya Jaya Pharma Apotik,Jl. Apel Tinggi Blok 84 Kota/Kabupaten BULUNGAN Provinsi KALIMANTAN UTARA,POINT(117.3902935355973 3.120435392731471),Ashley Carter Martin,5634101/227561/362328,485050901919,amanah-lestari-jaya-jaya-pharma-apotik,529
Sentorsa Bumi Indah Harmoni Apotek Pharma,Jl. Kucing Tinggi Daerah 98 Kota/Kabupaten MAYBRAT Provinsi PAPUA BARAT,POINT(132.415726003521 -1.3921803863668458),Megan Lewis Moore,513411/222502/176392,251082693045,sentorsa-bumi-indah-harmoni-apotek-pharma,127
Resep Mawar Bakti Terang Sehat Bersama,Jl. Sirih Tinggi Cluster 68 Kota/Kabupaten KAIMANA Provinsi PAPUA BARAT,POINT(133.29427737035456 -4.007086536107661),Alex Johnson Miller,215143/212028/513734,810107510483120,resep-mawar-bakti-terang-sehat-bersama,402
Jaya Medical Tubuh Harmoni Pharma Jaya,Jl. Durian Pintar Blok 54 Kota/Kabupaten LANDAK Provinsi KALIMANTAN BARAT,POINT(109.79436460741 0.6261971214095556),Michael Williams Davis,742194/41104102/1079834,870199751593,jaya-medical-tubuh-harmoni-pharma-jaya,133
Amanah Mutiara Mawar Sejahtera Sejahtera Jaya,Jl. Tembok Cerah Cluster 8 Kota/Kabupaten DEIYAI Provinsi PAPUA,POINT(136.25015170247917 -4.172343177283728),Jason Hill White,5141009/240041/636254,10478114101083,amanah-mutiara-mawar-sejahtera-sejahtera-jaya,97
Surya Lestari Sehat Bakti Medik Pharm,Jl. Kucing Tinggi Komplek 73 Kota/Kabupaten BOVEN DIGOEL Provinsi PAPUA,POINT(140.559469509741 -6.713251104797735),Rachel White Jackson,2143102/542274/155423,3201081876702,surya-lestari-sehat-bakti-medik-pharm,98
Bahagia Farmasi Surya Harmoni Sejahtera Apotek,Jl. Pisang Pendek Blok 51 Kota/Kabupaten INDRAGIRI HULU Provinsi RIAU,POINT(102.36458576184842 -0.7120072332639644),Tom Harris Thomas,156550/802843/3963106,8358210630841,bahagia-farmasi-surya-harmoni-sejahtera-apotek,690
Farmasi Indah Nusantara Tenaga Pharma Sehat,Jl. Jeruk Cermat Cluster 76 Kota/Kabupaten SUMBA BARAT DAYA Provinsi NUSA TENGGARA TIMUR,POINT(119.12401500191416 -9.70552926531698),Lauren Lewis Davis,1021415/1610532/761530,7810758071259,farmasi-indah-nusantara-tenaga-pharma-sehat,261
Bahagia Sehat Terang Harmoni Apotik Apotek,Jl. Apel Cepat Wilayah 12 Kota/Kabupaten MURUNG RAYA Provinsi KALIMANTAN TENGAH,POINT(113.71593814230756 0.258075082744412),Matt Adams Garcia,1710008/847422/500330,10098110817029,bahagia-sehat-terang-harmoni-apotik-apotek,225
Mutiara Mawar Obat Makmur Apotek Pharm,Jl. Jeruk Cerdas Daerah 18 Kota/Kabupaten KAUR Provinsi BENGKULU,POINT(103.4731469311745 -4.81769153004943),Rachel Anderson Miller,1110172/862832/329817,10260310828146,mutiara-mawar-obat-makmur-apotek-pharm,902
Resep Bahagia Harmoni Bumi Pharma Sejahtera,Jl. Gunung Pintar Komplek 62 Kota/Kabupaten LUWU TIMUR Provinsi SULAWESI SELATAN,POINT(121.28458457175029 -2.707333053251789),David Brown Garcia,1056162/273753/345170,2310847201433,resep-bahagia-harmoni-bumi-pharma-sejahtera,22
Tenaga Medical Jaya Cemerlang Jaya Farma,Jl. Kota Cerdas Komplek 26 Kota/Kabupaten BULUNGAN Provinsi KALIMANTAN UTARA,POINT(116.35496877816308 2.656127426227213),John Clark Harris,12910810/4021043/91031039,935856446510,tenaga-medical-jaya-cemerlang-jaya-farma,171
Bakti Surya Indah Medical Apotik Sejahtera,Jl. Anjing Kecil Blok 22 Kota/Kabupaten LOMBOK TIMUR Provinsi NUSA TENGGARA BARAT,POINT(116.5427681826503 -8.46529768293464),Lauren Nelson Taylor,2110119/220288/963967,110031081079016,bakti-surya-indah-medical-apotik-sejahtera,260
Cemerlang Sejahtera Murni Medic Medika Sejahtera,Jl. Gajah Cermat Cluster 64 Kota/Kabupaten CIANJUR Provinsi JAWA BARAT,POINT(107.11962787685589 -7.203436045566596),Lauren Harris Brown,127250/8102409/459530,820409184033,cemerlang-sejahtera-murni-medic-medika-sejahtera,532
Bumi Prima Bintang Amanah Pharma Sehat,Jl. Kebun Tinggi Cluster 26 Kota/Kabupaten GUNUNG MAS Provinsi KALIMANTAN TENGAH,POINT(113.7450991077201 -0.5727512681820741),David Jackson Taylor,1465101/535297/331453,5109001849308,bumi-prima-bintang-amanah-pharma-sehat,180
Farmasi Sehat Bintang Jaya Pharm Farma,Jl. Sawah Cerdas Komplek 73 Kota/Kabupaten SELUMA Provinsi BENGKULU,POINT(102.54599953662957 -3.946963951352181),Chris Roberts Harris,355471/122418/31031002,918091756828,farmasi-sehat-bintang-jaya-pharm-farma,228
Cemerlang Mutiara Sejahtera Tubuh Medika Bersama,Jl. Kucing Kecil Daerah 31 Kota/Kabupaten MERAUKE Provinsi PAPUA,POINT(140.2267037055231 -7.6360673685901315),Sarah Clark Smith,101879/2301002/939728,9917810801480,cemerlang-mutiara-sejahtera-tubuh-medika-bersama,195
Makmur Bahagia Mutiara Jaya Medik Pharma,Jl. Apel Sejahtera Komplek 38 Kota/Kabupaten LAHAT Provinsi SUMATERA SELATAN,POINT(103.39251819640415 -3.5611046996747038),Emily Clark Williams,20108101/1072635/3137103,598606162068,makmur-bahagia-mutiara-jaya-medik-pharma,166
Bakti Amanah Harmoni Resep Pharma Farma,Jl. Apel Sejahtera Cluster 41 Kota/Kabupaten SINTANG Provinsi KALIMANTAN BARAT,POINT(113.1943218228044 -0.2396786115268909),Chris Brown Miller,145841/288390/543383,582320080501,bakti-amanah-harmoni-resep-pharma-farma,286
Lestari Harmoni Tubuh Mutiara Farma Pharma,Jl. Balai Cepat Blok 50 Kota/Kabupaten KEPULAUAN ARU Provinsi MALUKU,POINT(134.29181945851457 -5.749767359357644),Katie Nelson Jackson,11108110/780521/35108107,4138191660310,lestari-harmoni-tubuh-mutiara-farma-pharma,114
Indah Jaya Kimia Cemerlang Sejahtera Sejahtera,Jl. Kebun Indah Blok 24 Kota/Kabupaten SUMEDANG Provinsi JAWA BARAT,POINT(107.95286666534568 -6.911035051995297),Megan Lewis Williams,1026411/291010210/10533210,9896108919099,indah-jaya-kimia-cemerlang-sejahtera-sejahtera,322
Badan Cemerlang Tubuh Bumi Apotek Farma,Jl. Sirih Besar Wilayah 13 Kota/Kabupaten PUNCAK JAYA Provinsi PAPUA,POINT(137.84970922551912 -3.373917987243189),Jessica Thomas Thompson,113227/243736/453339,701991688197,badan-cemerlang-tubuh-bumi-apotek-farma,64
Mutiara Terang Resep Farmasi Apotek Apotik,Jl. Kucing Pintar Daerah 20 Kota/Kabupaten WONOGIRI Provinsi JAWA TENGAH,POINT(111.09489114522258 -7.914902901872852),Brittany Hill Moore,1410596/724620/637331,9964100085168,mutiara-terang-resep-farmasi-apotek-apotik,68
Surya Terang Tenaga Cemerlang Apotik Sejahtera,Jl. Kuda Indah Komplek 89 Kota/Kabupaten MAPPI Provinsi PAPUA,POINT(139.4290248445146 -7.344191647233583),John Hill Johnson,5104313/1000206/936336,1061060356385,surya-terang-tenaga-cemerlang-apotik-sejahtera,376
Mawar Makmur Kimia Harmoni Medika Sehat,Jl. Kuda Besar Komplek 79 Kota/Kabupaten SAROLANGUN Provinsi JAMBI,POINT(103.18056551135696 -2.3202443210558936),Lauren Clark Martin,921059/297290/10375610,835778931106,mawar-makmur-kimia-harmoni-medika-sehat,62
Mawar Kimia Cemerlang Toko Apotik Jaya,Jl. Anjing Sari Komplek 62 Kota/Kabupaten DHARMASRAYA Provinsi SUMATERA BARAT,POINT(101.23725942608765 -1.1415257507729135),Steve Martinez Thompson,1010012/257194/283117,817037171028,mawar-kimia-cemerlang-toko-apotik-jaya,260
Medical Tubuh Surya Resep Farma Pharma,Jl. Gajah Pintar Komplek 67 Kota/Kabupaten LEBAK Provinsi BANTEN,POINT(106.0800714418496 -6.810332594058809),Megan Hill Williams,1106059/5071042/4368310,1890698110730,medical-tubuh-surya-resep-farma-pharma,810
Kimia Makmur Nusantara Amanah Sehat Pharm,Jl. Rambutan Cerdas Daerah 9 Kota/Kabupaten ALOR Provinsi NUSA TENGGARA TIMUR,POINT(124.590357815259 -8.167100488391672),Emily Clark Smith,3036101/923820/763384,10049858101923,kimia-makmur-nusantara-amanah-sehat-pharm,414
Indah Berkah Medical Jaya Farma Apotik,Jl. Sirih Jenius Cluster 82 Kota/Kabupaten BENGKALIS Provinsi RIAU,POINT(101.65367984832751 1.7198390874155276),Rachel Harris Davis,1210147/764972/358501,176072895331,indah-berkah-medical-jaya-farma-apotik,25
Jaya Tenaga Tubuh Sehat Pharma Medik,Jl. Gajah Kecil Komplek 46 Kota/Kabupaten KOTA BATAM Provinsi KEPULAUAN RIAU,POINT(103.84085966306677 0.9887975562042896),Steve Parker Davis,619260/174277/303793,1810749670933,jaya-tenaga-tubuh-sehat-pharma-medik,77
Medic Makmur Jaya Lestari Sejahtera Farma,Jl. Kebun Sejahtera Cluster 100 Kota/Kabupaten KUBU RAYA Provinsi KALIMANTAN BARAT,POINT(109.20813066250751 -0.1712383205658305),Katie Clark White,11010111/8272510/1047433,1034782181041,medic-makmur-jaya-lestari-sejahtera-farma,18
Murni Resep Bintang Indah Apotik Medik,Jl. Kucing Kecil Daerah 71 Kota/Kabupaten PULANG PISAU Provinsi KALIMANTAN TENGAH,POINT(113.89372310289356 -1.8290550834341448),Lauren Harris Brown,666019/137562/330568,53033107881019,murni-resep-bintang-indah-apotik-medik,744
Surya Indah Tenaga Berkah Medik Bersama,Jl. Pisang Cepat Cluster 100 Kota/Kabupaten BOJONEGORO Provinsi JAWA TIMUR,POINT(111.7556289182649 -7.117758608057491),Jason Clark Jackson,11005810/964672/317832,621901587268,surya-indah-tenaga-berkah-medik-bersama,14
Harmoni Prima Jaya Badan Bersama Pharm,Jl. Gajah Kecil Wilayah 83 Kota/Kabupaten MAHAKAM ULU Provinsi KALIMANTAN TIMUR,POINT(114.29631227306504 0.6422571536463444),John Hill Moore,413351/481552/183177,4307610821841,harmoni-prima-jaya-badan-bersama-pharm,230
Prima Surya Lestari Nusantara Pharm Bersama,Jl. Balai Jenius Cluster 24 Kota/Kabupaten MALINAU Provinsi KALIMANTAN UTARA,POINT(115.59332122953408 1.9724678905205888),Jessica Jones Thomas,618580/290242/603775,1628833630510,prima-surya-lestari-nusantara-pharm-bersama,285
Berkah Nusantara Sentorsa Makmur Pharm Sejahtera,Jl. Sirih Besar Cluster 72 Kota/Kabupaten BARITO UTARA Provinsi KALIMANTAN TENGAH,POINT(115.27369971745966 -1.2764202914634577),Brittany Carter Jones,712270/249567/103410109,5810146031861,berkah-nusantara-sentorsa-makmur-pharm-sejahtera,548
Medical Tubuh Jaya Makmur Sejahtera Apotek,Jl. Gedung Sejahtera Blok 49 Kota/Kabupaten KOTA TANGERANG Provinsi BANTEN,POINT(106.6921861745334 -6.190579831788671),Alex Thomas Thomas,764017/927342/353975,830804971606,medical-tubuh-jaya-makmur-sejahtera-apotek,381
Medic Toko Bumi Murni Sehat Apotek,Jl. Sirih Cermat Cluster 22 Kota/Kabupaten MAHAKAM ULU Provinsi KALIMANTAN TIMUR,POINT(114.98591448798138 0.819461154994082),Emily Anderson Davis,1245100/654295/193603,321008385171,medic-toko-bumi-murni-sehat-apotek,117
Murni Indah Farmasi Obat Apotik Pharm,Jl. Sirih Tinggi Cluster 71 Kota/Kabupaten FAKFAK Provinsi PAPUA BARAT,POINT(132.26039806062894 -2.7996441759733117),Michael Clark Anderson,147529/1106012/470863,807944400617,murni-indah-farmasi-obat-apotik-pharm,496
Prima Prima Lestari Mutiara Medika Sejahtera,Jl. Balai Pendek Daerah 29 Kota/Kabupaten PARIGI MOUTONG Provinsi SULAWESI TENGAH,POINT(120.03722525409248 -0.7117252282803221),Tom Harris Garcia,281983/127279/844635,9106027910867,prima-prima-lestari-mutiara-medika-sejahtera,808
Sentorsa Prima Jaya Sehat Sehat Apotik,Jl. Gedung Pintar Komplek 26 Kota/Kabupaten BEKASI Provinsi JAWA BARAT,POINT(107.078654571538 -5.97950431843475),Allison Hill Johnson,817812/4109321/396033,71021010590886,sentorsa-prima-jaya-sehat-sehat-apotik,248
Toko Jaya Sehat Mutiara Medika Sejahtera,Jl. Sirih Kecil Wilayah 41 Kota/Kabupaten MALINAU Provinsi KALIMANTAN UTARA,POINT(116.69646483330848 3.182510182101316),Rachel Williams White,1074179/294324/363106,218060108536,toko-jaya-sehat-mutiara-medika-sejahtera,576
Bumi Cemerlang Berkah Mawar Pharma Jaya,Jl. Gajah Kecil Daerah 65 Kota/Kabupaten MAPPI Provinsi PAPUA,POINT(139.58884207922563 -5.53378707318871),Katie Jones Johnson,890164/572326/735243,85099149210510,bumi-cemerlang-berkah-mawar-pharma-jaya,945
Prima Farmasi Bumi Medical Pharma Sejahtera,Jl. Gunung Sari Cluster 26 Kota/Kabupaten BENGKAYANG Provinsi KALIMANTAN BARAT,POINT(109.18116044261176 0.8078948862839717),Alex Brown Wilson,8510461/232050/30410100,401390680846,prima-farmasi-bumi-medical-pharma-sejahtera,168
Harmoni Bahagia Mutiara Terang Pharm Jaya,Jl. Tembok Cerah Cluster 43 Kota/Kabupaten NATUNA Provinsi KEPULAUAN RIAU,POINT(108.35571715058708 3.93120102755992),David Martinez Thompson,610128/260163/319477,713150005908,harmoni-bahagia-mutiara-terang-pharm-jaya,119
Sejahtera Terang Mutiara Kimia Farma Apotik,Jl. Jeruk Tinggi Wilayah 11 Kota/Kabupaten PAHUWATO Provinsi GORONTALO,POINT(121.7423113167826 0.7200764828024102),Allison Clark Jones,946012/124202/403915,632580815033,sejahtera-terang-mutiara-kimia-farma-apotik,959
Indah Surya Farmasi Prima Sehat Medika,Jl. Apel Sejahtera Cluster 67 Kota/Kabupaten MALINAU Provinsi KALIMANTAN UTARA,POINT(115.24323367564295 2.290792280922661),Emily Harris Jones,1411021/622165/63710106,7871610800026,indah-surya-farmasi-prima-sehat-medika,62
Makmur Bumi Medic Surya Pharma Sejahtera,Jl. Gunung Jenius Blok 31 Kota/Kabupaten KUBU RAYA Provinsi KALIMANTAN BARAT,POINT(109.39553080536376 -0.8101496854890406),Steve Smith Thompson,453138/456620/830422,4223408501210,makmur-bumi-medic-surya-pharma-sejahtera,515
Tenaga Obat Kimia Bumi Bersama Pharma,Jl. Gajah Jenius Cluster 73 Kota/Kabupaten LAMONGAN Provinsi JAWA TIMUR,POINT(112.33648091804916 -7.165441568480729),Tom White Martinez,2065110/1023962/672303,1183376318100,tenaga-obat-kimia-bumi-bersama-pharma,175
Badan Obat Tubuh Indah Bersama Pharma,Jl. Sirih Cermat Cluster 59 Kota/Kabupaten BANGKA BARAT Provinsi KEPULAUAN BANGKA BELITUNG,POINT(105.66550018585107 -1.8328037136479691),John Nelson Garcia,108650/25109810/314342,301163976848,badan-obat-tubuh-indah-bersama-pharma,549
Jaya Sejahtera Surya Sehat Medik Farma,Jl. Sawah Pintar Komplek 20 Kota/Kabupaten MERAUKE Provinsi PAPUA,POINT(140.1999611623717 -7.89681655375762),Matt Anderson Wilson,186478/622248/640133,42150810021068,jaya-sejahtera-surya-sehat-medik-farma,726
Cemerlang Resep Kimia Medic Pharm Sejahtera,Jl. Mangga Sari Komplek 82 Kota/Kabupaten TANAH LAUT Provinsi KALIMANTAN SELATAN,POINT(114.98735673195496 -3.797556308405732),Brittany Smith Martinez,6101740/234497/375903,7210816694107,cemerlang-resep-kimia-medic-pharm-sejahtera,277
Farmasi Bintang Berkah Obat Sejahtera Jaya,Jl. Gunung Cepat Daerah 94 Kota/Kabupaten SANGGAU Provinsi KALIMANTAN BARAT,POINT(110.81307023308926 0.133867115776006),Ashley Adams Thompson,724117/213392/131901,81022241500110,farmasi-bintang-berkah-obat-sejahtera-jaya,259
Kimia Apotik Nusantara Jaya Sehat Apotek,Jl. Apel Besar Komplek 65 Kota/Kabupaten BONDOWOSO Provinsi JAWA TIMUR,POINT(113.86665851607503 -7.874047827652602),Megan Carter Harris,1109625/120046/343093,811428358120,kimia-apotik-nusantara-jaya-sehat-apotek,264
Toko Medical Bintang Obat Pharm Sejahtera,Jl. Kuda Sari Daerah 47 Kota/Kabupaten TAPANULI SELATAN Provinsi SUMATERA UTARA,POINT(99.335201228436 1.1277140614028998),Allison Hill Anderson,21410310/729099/369344,180460872905,toko-medical-bintang-obat-pharm-sejahtera,169
Prima Bintang Bahagia Cemerlang Farma Pharm,Jl. Kuda Cepat Daerah 37 Kota/Kabupaten LANDAK Provinsi KALIMANTAN BARAT,POINT(109.6759640921453 0.6802245725960034),David Nelson Moore,262148/222947/330519,891703526810,prima-bintang-bahagia-cemerlang-farma-pharm,77
Medic Kimia Amanah Sehat Pharma Apotik,Jl. Anjing Cermat Komplek 2 Kota/Kabupaten BURU Provinsi MALUKU,POINT(126.14864822121018 -3.243984082365528),Jessica Carter Robinson,2618101/2702100/335545,681302111834,medic-kimia-amanah-sehat-pharma-apotik,124
Prima Murni Terang Makmur Bersama Sejahtera,Jl. Gunung Cermat Komplek 23 Kota/Kabupaten TANJUNG JABUNG BARAT Provinsi JAMBI,POINT(103.47753760230366 -0.9169077648712208),Brittany Parker Garcia,601361/4108261/723538,6881100011428,prima-murni-terang-makmur-bersama-sejahtera,421
Cemerlang Badan Sehat Tenaga Sejahtera Jaya,Jl. Balai Cermat Blok 48 Kota/Kabupaten BANYUASIN Provinsi SUMATERA SELATAN,POINT(105.35015851456146 -2.424487839589357),Lauren Lewis Davis,107904/1019672/653734,197581278006,cemerlang-badan-sehat-tenaga-sejahtera-jaya,182
Medical Amanah Bahagia Murni Sejahtera Bersama,Jl. Mangga Kecil Blok 58 Kota/Kabupaten KAPUAS Provinsi KALIMANTAN TENGAH,POINT(114.31874205123655 -2.130270501153751),Rachel Taylor Williams,1073718/287561/333063,804662713841,medical-amanah-bahagia-murni-sejahtera-bersama,531
Surya Obat Tenaga Nusantara Pharm Pharma,Jl. Gedung Kecil Blok 65 Kota/Kabupaten ROKAN HILIR Provinsi RIAU,POINT(100.47303359995776 1.4024022027429002),Mark Roberts Taylor,2810471/2109729/309575,10812347350108,surya-obat-tenaga-nusantara-pharm-pharma,511
Medical Cemerlang Farmasi Jaya Apotek Pharm,Jl. Kota Cermat Cluster 23 Kota/Kabupaten MAPPI Provinsi PAPUA,POINT(139.58092452622083 -6.561042524902885),Alex Nelson Thomas,189623/823723/3310032,863889191099,medical-cemerlang-farmasi-jaya-apotek-pharm,254
Bahagia Prima Tubuh Harmoni Pharma Bersama,Jl. Anjing Cerah Wilayah 30 Kota/Kabupaten PACITAN Provinsi JAWA TIMUR,POINT(111.16740749611829 -8.124108269666412),Chris White Thompson,543210/5109220/764346,715601184853,bahagia-prima-tubuh-harmoni-pharma-bersama,435
Prima Nusantara Murni Obat Apotek Farma,Jl. Anjing Indah Blok 53 Kota/Kabupaten KAIMANA Provinsi PAPUA BARAT,POINT(134.6842247846792 -4.113985997391645),Jessica Lewis Miller,4841071/1821037/173542,160531473208,prima-nusantara-murni-obat-apotek-farma,81
Berkah Jaya Cemerlang Prima Sehat Medika,Jl. Kucing Cepat Wilayah 84 Kota/Kabupaten BOVEN DIGOEL Provinsi PAPUA,POINT(140.41198760976147 -6.853698748681224),Tom Smith Taylor,918002/127627/857739,820884833018,berkah-jaya-cemerlang-prima-sehat-medika,106
Medic Toko Obat Apotik Sehat Sejahtera,Jl. Tembok Tinggi Daerah 100 Kota/Kabupaten MAMBERAMO TENGAH Provinsi PAPUA,POINT(139.01244207301585 -3.650200410095936),Megan Harris Johnson,287145/424897/8103220,168180481120,medic-toko-obat-apotik-sehat-sejahtera,970
Bahagia Prima Resep Jaya Apotik Pharma,Jl. Tembok Indah Cluster 34 Kota/Kabupaten KUTAI KARTANEGARA Provinsi KALIMANTAN TIMUR,POINT(116.81811533953726 -0.611174208063451),Megan Martinez Davis,750051/342857/8301001,1241138103087,bahagia-prima-resep-jaya-apotik-pharma,520
Mawar Kimia Harmoni Murni Apotek Pharma,Jl. Anjing Cermat Blok 95 Kota/Kabupaten KAPUAS HULU Provinsi KALIMANTAN BARAT,POINT(112.66973395312836 1.303897454931196),Mark Parker Thompson,269081/309632/312475,184950256949,mawar-kimia-harmoni-murni-apotek-pharma,129
Sejahtera Bahagia Nusantara Apotik Medik Bersama,Jl. Jeruk Pintar Blok 97 Kota/Kabupaten SAMOSIR Provinsi SUMATERA UTARA,POINT(98.51590006801295 2.5214461257297174),Alex Anderson Johnson,210178/2509102/3931049,259270901684,sejahtera-bahagia-nusantara-apotik-medik-bersama,149
Badan Tenaga Sentorsa Tubuh Pharma Jaya,Jl. Jeruk Sejahtera Komplek 32 Kota/Kabupaten JAYAPURA Provinsi PAPUA,POINT(139.68756966701758 -2.610255894654104),Jessica Adams Williams,913493/2869100/5471038,80555108088110,badan-tenaga-sentorsa-tubuh-pharma-jaya,324
Kimia Tubuh Murni Medical Jaya Sejahtera,Jl. Tembok Cepat Daerah 62 Kota/Kabupaten KETAPANG Provinsi KALIMANTAN BARAT,POINT(110.40313810655245 -0.5992205500173178),Ashley Parker White,7211078/832900/307213,9521019043958,kimia-tubuh-murni-medical-jaya-sejahtera,627
Surya Bahagia Obat Makmur Medik Sehat,Jl. Mangga Cepat Daerah 80 Kota/Kabupaten TELUK BINTUNI Provinsi PAPUA BARAT,POINT(133.77960846582343 -1.7229448467370538),Jason Martinez Davis,3110312/222472/304029,808396192011,surya-bahagia-obat-makmur-medik-sehat,604
Prima Jaya Tenaga Bakti Jaya Apotik,Jl. Jeruk Sejahtera Cluster 68 Kota/Kabupaten MAJENE Provinsi SULAWESI BARAT,POINT(118.96892235699433 -3.05990402116992),Allison Williams Anderson,7103140/772821/364129,9681511074800,prima-jaya-tenaga-bakti-jaya-apotik,876
Tenaga Kimia Lestari Cemerlang Sejahtera Pharma,Jl. Anjing Pendek Cluster 15 Kota/Kabupaten KETAPANG Provinsi KALIMANTAN BARAT,POINT(110.57228023251614 -0.8832801679984126),John Nelson Jones,30101410/7021016/233896,358539881030,tenaga-kimia-lestari-cemerlang-sejahtera-pharma,39
Toko Prima Resep Prima Jaya Apotek,Jl. Kuda Cerdas Cluster 70 Kota/Kabupaten MAPPI Provinsi PAPUA,POINT(139.32804386741643 -7.323319083807325),Emily Carter Martin,711688/124294/521903,10308105510560,toko-prima-resep-prima-jaya-apotek,670
Sejahtera Makmur Bahagia Obat Apotek Apotik,Jl. Duku Kecil Wilayah 80 Kota/Kabupaten MOROWALI UTARA Provinsi SULAWESI TENGAH,POINT(120.995073261915 -1.6262400056938962),Jason Nelson Smith,10961410/821142/374449,5870831971069,sejahtera-makmur-bahagia-obat-apotek-apotik,469
Bahagia Tenaga Nusantara Sejahtera Farma Medik,Jl. Ikan Kecil Blok 73 Kota/Kabupaten KATINGAN Provinsi KALIMANTAN TENGAH,POINT(113.3996226917485 -2.673345118924214),John Harris Smith,4610416/10147102/313976,1071083578133,bahagia-tenaga-nusantara-sejahtera-farma-medik,993
Medic Bakti Bintang Cemerlang Pharm Apotik,Jl. Gunung Cepat Blok 94 Kota/Kabupaten KARO Provinsi SUMATERA UTARA,POINT(98.03472425867484 3.211149826457115),Sarah Hill Martinez,121532/237077/383315,414580839058,medic-bakti-bintang-cemerlang-pharm-apotik,694
Cemerlang Tenaga Mawar Resep Apotek Sejahtera,Jl. Mangga Kecil Komplek 37 Kota/Kabupaten SERDANG BEDAGAI Provinsi SUMATERA UTARA,POINT(99.21450818941896 3.5050292118170194),Katie Anderson Jones,877122/21061059/897539,191807128307,cemerlang-tenaga-mawar-resep-apotek-sejahtera,75
Murni Amanah Cemerlang Bahagia Jaya Pharma,Jl. Gajah Indah Daerah 86 Kota/Kabupaten NUNUKAN Provinsi KALIMANTAN UTARA,POINT(116.7204156391327 3.8209742312155672),Matt Williams Martin,108646/818123/3241069,435156078741,murni-amanah-cemerlang-bahagia-jaya-pharma,348
Prima Indah Lestari Toko Apotik Sehat,Jl. Kucing Cerdas Cluster 62 Kota/Kabupaten KAIMANA Provinsi PAPUA BARAT,POINT(134.2072694745339 -3.219719597240968),Ashley Adams Martinez,745713/293501/9871036,796101938229,prima-indah-lestari-toko-apotik-sehat,90
Surya Toko Makmur Medic Sehat Sejahtera,Jl. Balai Cermat Komplek 46 Kota/Kabupaten INDRAGIRI HULU Provinsi RIAU,POINT(102.60789791938848 -0.34529982883355),Emily Brown Robinson,1010762/126702/559838,48100100084018,surya-toko-makmur-medic-sehat-sejahtera,660
Cemerlang Bakti Resep Mawar Apotek Medika,Jl. Gunung Cerah Wilayah 25 Kota/Kabupaten KAUR Provinsi BENGKULU,POINT(103.48331487579574 -4.777241697217593),Jason Martinez Garcia,716192/290242/3010351,1006146787188,cemerlang-bakti-resep-mawar-apotek-medika,719
Bahagia Tenaga Surya Medical Pharm Jaya,Jl. Jeruk Sejahtera Blok 35 Kota/Kabupaten BERAU Provinsi KALIMANTAN TIMUR,POINT(118.49157314997 1.3346492686197866),Chris Lewis White,21091017/811342/324200,206302188608,bahagia-tenaga-surya-medical-pharm-jaya,610
Lestari Sentorsa Medical Jaya Medika Sejahtera,Jl. Gajah Kecil Blok 70 Kota/Kabupaten MUSI RAWAS UTARA Provinsi SUMATERA SELATAN,POINT(102.6734683650451 -2.9942100950764363),Megan Williams Wilson,664187/937128/430417,80606101018813,lestari-sentorsa-medical-jaya-medika-sejahtera,588
Resep Indah Terang Sehat Medik Bersama,Jl. Ikan Tinggi Blok 47 Kota/Kabupaten MAMASA Provinsi SULAWESI BARAT,POINT(119.30424491550929 -2.93546292420411),Katie Williams Moore,10008110/1822101/354365,1081412030283,resep-indah-terang-sehat-medik-bersama,494
Berkah Nusantara Harmoni Medical Pharma Jaya,Jl. Jeruk Kecil Daerah 84 Kota/Kabupaten KOTA DUMAI Provinsi RIAU,POINT(101.21493746995829 1.773174862403133),Michael Jackson Smith,261991/519265/350393,847813709091,berkah-nusantara-harmoni-medical-pharma-jaya,73
Amanah Lestari Surya Kimia Medik Pharma,Jl. Balai Kecil Wilayah 71 Kota/Kabupaten HULU SUNGAI TENGAH Provinsi KALIMANTAN SELATAN,POINT(115.18424393529048 -2.5582398692547432),Emily Smith Harris,145214/1058266/883901,8913061107016,amanah-lestari-surya-kimia-medik-pharma,334
Medic Prima Resep Sehat Medik Apotek,Jl. Kuda Pendek Cluster 42 Kota/Kabupaten MINAHASA Provinsi SULAWESI UTARA,POINT(125.02646675614616 1.2446685396183224),Steve Adams Martin,164868/219126/192380,901152856511,medic-prima-resep-sehat-medik-apotek,574
Resep Jaya Surya Bakti Pharm Jaya,Jl. Anjing Cerah Komplek 47 Kota/Kabupaten KOTA SUNGAI PENUH Provinsi JAMBI,POINT(101.2629910967651 -2.0503431745835563),Jason Thomas Thompson,419001/493266/833992,400708515217,resep-jaya-surya-bakti-pharm-jaya,812
Medical Terang Bahagia Sejahtera Pharm Sejahtera,Jl. Mangga Sejahtera Wilayah 34 Kota/Kabupaten SABU RAIJUA Provinsi NUSA TENGGARA TIMUR,POINT(121.7631323467078 -10.59648127773736),Emily Lewis White,151556/778720/5673100,880968003018,medical-terang-bahagia-sejahtera-pharm-sejahtera,295
Bumi Harmoni Cemerlang Obat Sejahtera Pharm,Jl. Balai Pintar Cluster 8 Kota/Kabupaten PULANG PISAU Provinsi KALIMANTAN TENGAH,POINT(114.0372271240567 -2.809906839254994),Jessica Anderson Thomas,51018810/2103719/139698,1510310604918,bumi-harmoni-cemerlang-obat-sejahtera-pharm,357
Surya Amanah Resep Sehat Sejahtera Jaya,Jl. Jeruk Pintar Daerah 92 Kota/Kabupaten BOVEN DIGOEL Provinsi PAPUA,POINT(140.06402715882246 -5.745892849024656),Chris Roberts Thomas,122709/2410705/134744,762843208714,surya-amanah-resep-sehat-sejahtera-jaya,719
Murni Farmasi Prima Medic Pharm Apotek,Jl. Kuda Cermat Daerah 39 Kota/Kabupaten NABIRE Provinsi PAPUA,POINT(134.81088411850317 -3.432902628122629),Emily Harris Taylor,10273110/973820/364822,888710453457,murni-farmasi-prima-medic-pharm-apotek,9
Toko Medic Cemerlang Bakti Medik Farma,Jl. Gajah Tinggi Komplek 68 Kota/Kabupaten MINAHASA Provinsi SULAWESI UTARA,POINT(124.8786860782723 1.3968821879117377),Sarah Williams Robinson,11011038/620128/4783107,6518310303108,toko-medic-cemerlang-bakti-medik-farma,207
Sentorsa Apotik Lestari Murni Farma Pharma,Jl. Kucing Pendek Daerah 95 Kota/Kabupaten BANJAR Provinsi KALIMANTAN SELATAN,POINT(114.95546122150378 -3.7235919180839545),Ashley Anderson Moore,8100151/380028/248873,98032123101087,sentorsa-apotik-lestari-murni-farma-pharma,157
Apotik Medical Resep Jaya Medika Pharma,Jl. Pisang Tinggi Cluster 99 Kota/Kabupaten KUTAI TIMUR Provinsi KALIMANTAN TIMUR,POINT(116.70700768138974 0.6216881280891009),Ashley Jackson Thompson,723211/251070/4351006,100819048737,apotik-medical-resep-jaya-medika-pharma,282
Terang Harmoni Berkah Obat Pharm Apotek,Jl. Kucing Indah Komplek 67 Kota/Kabupaten KAPUAS HULU Provinsi KALIMANTAN BARAT,POINT(112.19966295252212 1.142347164148818),Lauren Nelson Williams,8101897/344021/7488103,86102321041051,terang-harmoni-berkah-obat-pharm-apotek,235
Tubuh Surya Kimia Lestari Medik Sejahtera,Jl. Anjing Sari Daerah 45 Kota/Kabupaten KUTAI BARAT Provinsi KALIMANTAN TIMUR,POINT(115.68841656629893 -0.4549265503247834),Rachel Anderson Johnson,545180/2616310/646573,10108338020511,tubuh-surya-kimia-lestari-medik-sejahtera,706
Tenaga Resep Mawar Indah Farma Pharma,Jl. Kebun Pendek Komplek 45 Kota/Kabupaten SAROLANGUN Provinsi JAMBI,POINT(103.1551832368192 -2.265849330842327),Chris Thomas Moore,747173/271226/93510810,189709246517,tenaga-resep-mawar-indah-farma-pharma,235
Tenaga Terang Berkah Bakti Pharm Farma,Jl. Sawah Pendek Cluster 93 Kota/Kabupaten TASIKMALAYA Provinsi JAWA BARAT,POINT(108.30077386247528 -7.664106572990621),Katie Hill Martin,10611104/1090925/7101532,501307888170,tenaga-terang-berkah-bakti-pharm-farma,110
Lestari Bahagia Makmur Sejahtera Bersama Sejahtera,Jl. Kebun Besar Cluster 15 Kota/Kabupaten BURU SELATAN Provinsi MALUKU,POINT(126.77268592320318 -3.740135004775503),Chris White Taylor,1410610/724652/2561031,5151060108947,lestari-bahagia-makmur-sejahtera-bersama-sejahtera,62
Tenaga Toko Lestari Jaya Bersama Medika,Jl. Tembok Tinggi Blok 18 Kota/Kabupaten MUSI BANYUASIN Provinsi SUMATERA SELATAN,POINT(104.07364579552537 -2.631186441094414),John White Davis,21710105/220194/309064,408127451075,tenaga-toko-lestari-jaya-bersama-medika,338
Indah Surya Kimia Mutiara Sejahtera Medik,Jl. Tembok Jenius Cluster 60 Kota/Kabupaten KOTABARU Provinsi KALIMANTAN SELATAN,POINT(116.15765719629908 -3.190390785605273),Rachel Smith Anderson,471045/8002106/9100953,5960989110041,indah-surya-kimia-mutiara-sejahtera-medik,960
Cemerlang Tenaga Apotik Nusantara Medik Sehat,Jl. Kucing Cermat Daerah 62 Kota/Kabupaten PARIGI MOUTONG Provinsi SULAWESI TENGAH,POINT(120.04762371985515 0.1036466917876914),Emily Nelson Johnson,188762/2676107/573302,3168520381010,cemerlang-tenaga-apotik-nusantara-medik-sehat,125
Toko Sehat Tenaga Farmasi Farma Apotik,Jl. Gunung Pendek Wilayah 34 Kota/Kabupaten KEPULAUAN SULA Provinsi MALUKU UTARA,POINT(125.80058081634012 -1.8508138425822889),Tom Roberts Jackson,296182/436682/537506,582549495201,toko-sehat-tenaga-farmasi-farma-apotik,460
Murni Surya Jaya Bakti Sehat Sejahtera,Jl. Gedung Kecil Cluster 87 Kota/Kabupaten KAIMANA Provinsi PAPUA BARAT,POINT(134.75480451335926 -4.205008799593896),Jason Smith Miller,518057/2735910/3910196,1204627121086,murni-surya-jaya-bakti-sehat-sejahtera,499
Farmasi Tenaga Medical Prima Pharma Sejahtera,Jl. Rambutan Cerdas Cluster 31 Kota/Kabupaten GAYO LUES Provinsi ACEH,POINT(97.19690531016953 4.213057244660131),Megan Martinez Martinez,991731/1244107/170383,706855677891,farmasi-tenaga-medical-prima-pharma-sejahtera,395
Nusantara Medic Badan Sentorsa Apotik Jaya,Jl. Kucing Tinggi Wilayah 56 Kota/Kabupaten MANDAILING NATAL Provinsi SUMATERA UTARA,POINT(98.91002710072232 1.2203985714326624),Emily Williams Garcia,816377/872968/6310655,9881597088106,nusantara-medic-badan-sentorsa-apotik-jaya,20
Nusantara Farmasi Tenaga Prima Sejahtera Jaya,Jl. Sawah Besar Blok 76 Kota/Kabupaten TEBO Provinsi JAMBI,POINT(102.7725658102962 -1.6189065193186265),John Clark Anderson,51015110/1055312/363974,1012091830986,nusantara-farmasi-tenaga-prima-sejahtera-jaya,462
Harmoni Surya Badan Apotik Sejahtera Apotek,Jl. Sawah Kecil Daerah 98 Kota/Kabupaten BERAU Provinsi KALIMANTAN TIMUR,POINT(116.50100861320738 2.308304136811868),Brittany Taylor Thompson,518519/530412/728943,583020181131,harmoni-surya-badan-apotik-sejahtera-apotek,553
Tubuh Medic Jaya Mutiara Medika Sejahtera,Jl. Kebun Sari Komplek 54 Kota/Kabupaten PASAMAN Provinsi SUMATERA BARAT,POINT(99.94263967450507 0.418106721337768),Ashley Brown Jackson,841570/283585/300919,108181051100330,tubuh-medic-jaya-mutiara-medika-sejahtera,129
Sehat Makmur Tubuh Amanah Sejahtera Apotek,Jl. Sirih Kecil Blok 96 Kota/Kabupaten FAKFAK Provinsi PAPUA BARAT,POINT(133.22413823076212 -2.800824676803707),Michael Jones Jones,711088/9521051/732320,511802903480,sehat-makmur-tubuh-amanah-sejahtera-apotek,610
Bintang Sehat Jaya Sentorsa Jaya Medik,Jl. Sawah Besar Cluster 19 Kota/Kabupaten LANGKAT Provinsi SUMATERA UTARA,POINT(98.3454237968536 3.430094955910457),Rachel Jackson Miller,453911/673326/8953107,279331870138,bintang-sehat-jaya-sentorsa-jaya-medik,483
Mawar Farmasi Berkah Medical Sejahtera Bersama,Jl. Mangga Pintar Cluster 29 Kota/Kabupaten KUTAI TIMUR Provinsi KALIMANTAN TIMUR,POINT(116.717060004118 1.046303018984018),Megan Taylor Smith,7661014/2109109/63108107,1700028610171,mawar-farmasi-berkah-medical-sejahtera-bersama,611
Medic Resep Prima Tenaga Medik Pharm,Jl. Kucing Tinggi Cluster 80 Kota/Kabupaten OGAN KOMERING ULU SELATAN Provinsi SUMATERA SELATAN,POINT(103.75810550258916 -4.643430101119445),Brittany Johnson Martinez,910017/153402/113339,101910378017,medic-resep-prima-tenaga-medik-pharm,334
Bakti Bintang Medic Obat Sejahtera Sehat,Jl. Kuda Sejahtera Blok 28 Kota/Kabupaten BATANGHARI Provinsi JAMBI,POINT(102.7657221097806 -1.6859314953839224),Jessica Thomas Smith,717455/420867/380329,809695941949,bakti-bintang-medic-obat-sejahtera-sehat,198
Farmasi Amanah Kimia Makmur Medika Apotik,Jl. Gajah Besar Cluster 83 Kota/Kabupaten PULANG PISAU Provinsi KALIMANTAN TENGAH,POINT(113.64666563697506 -2.893239719381187),Jessica Carter Jackson,272175/12101084/1082139,852786578081,farmasi-amanah-kimia-makmur-medika-apotik,262
Medic Cemerlang Badan Prima Bersama Jaya,Jl. Kota Besar Komplek 19 Kota/Kabupaten MAHAKAM ULU Provinsi KALIMANTAN TIMUR,POINT(114.7318402037254 0.990995209494141),Rachel Anderson Anderson,806371/395260/1610319,484108870500,medic-cemerlang-badan-prima-bersama-jaya,262
Bakti Obat Sehat Indah Farma Sejahtera,Jl. Pisang Besar Cluster 78 Kota/Kabupaten BERAU Provinsi KALIMANTAN TIMUR,POINT(116.86387657431888 2.3540288212623217),Jason Harris Jackson,1018331/1921092/1034634,5596800712101,bakti-obat-sehat-indah-farma-sejahtera,225
Badan Makmur Surya Nusantara Farma Apotek,Jl. Apel Pendek Blok 16 Kota/Kabupaten NAGEKEO Provinsi NUSA TENGGARA TIMUR,POINT(121.15647274820113 -8.63743404528558),Tom Martinez Martin,918453/795222/293428,471140131819,badan-makmur-surya-nusantara-farma-apotek,647
Medical Kimia Sehat Tenaga Sehat Sejahtera,Jl. Apel Kecil Blok 20 Kota/Kabupaten MESUJI Provinsi LAMPUNG,POINT(105.37753948440924 -3.8514452451998578),Tom Hill Brown,1006519/729432/536800,580781537053,medical-kimia-sehat-tenaga-sehat-sejahtera,365
Jaya Toko Amanah Bintang Medik Sejahtera,Jl. Gedung Sari Blok 56 Kota/Kabupaten MAHAKAM ULU Provinsi KALIMANTAN TIMUR,POINT(115.26069464612311 0.9059285103836086),Brittany Parker Garcia,6921041/285205/10638210,8010130806581,jaya-toko-amanah-bintang-medik-sejahtera,365
Jaya Prima Surya Sejahtera Medika Sejahtera,Jl. Apel Indah Daerah 96 Kota/Kabupaten BOVEN DIGOEL Provinsi PAPUA,POINT(139.9502532286752 -6.082842426425461),Mark Anderson Jones,414086/112180/2500310,9602880229110,jaya-prima-surya-sejahtera-medika-sejahtera,483
Surya Berkah Terang Lestari Medik Farma,Jl. Ikan Pintar Blok 82 Kota/Kabupaten MALINAU Provinsi KALIMANTAN UTARA,POINT(115.5960487951032 2.291091813301483),Sarah Thomas Smith,1028105/276006/565933,658190930891,surya-berkah-terang-lestari-medik-farma,912
Mutiara Farmasi Amanah Resep Sejahtera Medik,Jl. Jeruk Cerah Daerah 52 Kota/Kabupaten SUMBA BARAT DAYA Provinsi NUSA TENGGARA TIMUR,POINT(119.1099570482274 -9.584531915946831),Steve Taylor Martin,115520/10659102/123503,1680010113167,mutiara-farmasi-amanah-resep-sejahtera-medik,54
Badan Terang Tenaga Bumi Farma Apotik,Jl. Durian Cerdas Cluster 39 Kota/Kabupaten MELAWI Provinsi KALIMANTAN BARAT,POINT(111.7230475577826 -0.7868865818656801),Jason Martinez Martin,1108151/229464/738092,893318917600,badan-terang-tenaga-bumi-farma-apotik,729
Resep Indah Makmur Sejahtera Medika Pharm,Jl. Rambutan Besar Cluster 20 Kota/Kabupaten KATINGAN Provinsi KALIMANTAN TENGAH,POINT(112.46426882286806 -0.8043627635498574),Jessica Adams Williams,412916/4210370/10571053,8318407410601,resep-indah-makmur-sejahtera-medika-pharm,446
Indah Lestari Farmasi Prima Farma Jaya,Jl. Sirih Cerdas Wilayah 97 Kota/Kabupaten SARMI Provinsi PAPUA,POINT(138.14985479045413 -1.9078948339187587),Rachel Parker Thompson,460163/5109427/139521,315082588073,indah-lestari-farmasi-prima-farma-jaya,281
Toko Sejahtera Surya Makmur Medika Bersama,Jl. Gunung Tinggi Daerah 34 Kota/Kabupaten KAMPAR Provinsi RIAU,POINT(101.00416198533902 0.007148153522424),Steve White Jones,927116/537020/93710510,248907596281,toko-sejahtera-surya-makmur-medika-bersama,26
Toko Sehat Lestari Murni Sejahtera Apotik,Jl. Kota Cerah Komplek 31 Kota/Kabupaten KOTAWARINGIN TIMUR Provinsi KALIMANTAN TENGAH,POINT(112.50189553680016 -1.7138549357605657),Allison White Jones,616053/61010272/193882,6957329110008,toko-sehat-lestari-murni-sejahtera-apotik,77
Harmoni Tenaga Mawar Sejahtera Apotik Sejahtera,Jl. Ikan Kecil Daerah 83 Kota/Kabupaten BOVEN DIGOEL Provinsi PAPUA,POINT(140.3240582228657 -6.241115916468161),Rachel Adams Jones,913936/2617103/6710358,108761105507,harmoni-tenaga-mawar-sejahtera-apotik-sejahtera,365
Obat Medic Resep Prima Medika Sehat,Jl. Gunung Pendek Daerah 44 Kota/Kabupaten KOTAWARINGIN BARAT Provinsi KALIMANTAN TENGAH,POINT(111.36472568220547 -2.414995404424941),Jason Roberts Jackson,815300/5621310/978039,358729037691,obat-medic-resep-prima-medika-sehat,91
Bahagia Sehat Jaya Prima Sehat Medik,Jl. Anjing Indah Komplek 84 Kota/Kabupaten BURU SELATAN Provinsi MALUKU,POINT(126.6512613556118 -3.6037654283430935),Jessica Thomas Martinez,5519103/5106942/3332100,6464108680139,bahagia-sehat-jaya-prima-sehat-medik,353
Amanah Makmur Sentorsa Mawar Pharm Pharma,Jl. Duku Pintar Daerah 33 Kota/Kabupaten PUNCAK Provinsi PAPUA,POINT(137.6483856011102 -3.732554610651299),Megan Parker Harris,4193107/1073029/8104103,9486398101190,amanah-makmur-sentorsa-mawar-pharm-pharma,113
Sentorsa Obat Mutiara Amanah Apotek Medik,Jl. Sawah Pendek Cluster 26 Kota/Kabupaten LINGGA Provinsi KEPULAUAN RIAU,POINT(104.56755478519176 -0.1619410981964204),Alex Thomas Jackson,311975/6205107/300139,58910311106057,sentorsa-obat-mutiara-amanah-apotek-medik,446
Tenaga Mutiara Medical Tubuh Sejahtera Sejahtera,Jl. Anjing Cerdas Wilayah 4 Kota/Kabupaten BULUNGAN Provinsi KALIMANTAN UTARA,POINT(117.44170303192963 2.8918269306944087),Jason Lewis Miller,1017716/1027115/9711033,9531907048110,tenaga-mutiara-medical-tubuh-sejahtera-sejahtera,21
Prima Lestari Medic Sentorsa Sejahtera Jaya,Jl. Sawah Jenius Cluster 33 Kota/Kabupaten BOLAANG MONGONDOW Provinsi SULAWESI UTARA,POINT(123.95373523673184 0.5230093167452861),Chris Johnson Garcia,715423/235841/127337,8034298105113,prima-lestari-medic-sentorsa-sejahtera-jaya,117
Prima Mutiara Cemerlang Tenaga Apotik Jaya,Jl. Balai Cerah Blok 59 Kota/Kabupaten PANIAI Provinsi PAPUA,POINT(136.5996934410431 -3.890390876571206),Steve Jones Taylor,172028/2910983/873819,511080440288,prima-mutiara-cemerlang-tenaga-apotik-jaya,840
Berkah Mawar Resep Cemerlang Apotik Sejahtera,Jl. Kuda Cepat Komplek 84 Kota/Kabupaten DELI SERDANG Provinsi SUMATERA UTARA,POINT(98.91548450490598 3.6479859173754967),Allison Adams Thompson,17610610/8025910/1095315,10812054810200,berkah-mawar-resep-cemerlang-apotik-sejahtera,344
Medical Lestari Cemerlang Medic Sejahtera Apotik,Jl. Kota Sari Cluster 65 Kota/Kabupaten MUSI BANYUASIN Provinsi SUMATERA SELATAN,POINT(104.0642737371687 -2.2601119974881634),Megan Nelson Brown,128638/248972/873369,8103058090071,medical-lestari-cemerlang-medic-sejahtera-apotik,239
Berkah Cemerlang Tubuh Prima Pharma Sejahtera,Jl. Mangga Cerah Cluster 77 Kota/Kabupaten BULUNGAN Provinsi KALIMANTAN UTARA,POINT(117.43598895312498 2.602361301430319),Ashley Brown Miller,714395/249730/937753,3931808891004,berkah-cemerlang-tubuh-prima-pharma-sejahtera,496
Indah Mutiara Prima Sentorsa Pharm Medika,Jl. Jeruk Tinggi Wilayah 55 Kota/Kabupaten KUTAI KARTANEGARA Provinsi KALIMANTAN TIMUR,POINT(116.50438823774208 -0.0436397683455176),Jessica Smith Thompson,100813/638422/1049039,6158570310414,indah-mutiara-prima-sentorsa-pharm-medika,113
Toko Bakti Bumi Sentorsa Medik Sehat,Jl. Apel Sejahtera Cluster 10 Kota/Kabupaten SUMBAWA BARAT Provinsi NUSA TENGGARA BARAT,POINT(116.9595390300243 -8.858776616927935),David Adams Anderson,100551/882708/783620,3084910011124,toko-bakti-bumi-sentorsa-medik-sehat,875
Sentorsa Sejahtera Mawar Cemerlang Medika Farma,Jl. Apel Cermat Wilayah 95 Kota/Kabupaten SUBANG Provinsi JAWA BARAT,POINT(107.7589490140023 -6.703789765372234),Alex Lewis Williams,217701/622524/343947,882060108107110,sentorsa-sejahtera-mawar-cemerlang-medika-farma,224
Sehat Terang Surya Makmur Medika Pharm,Jl. Jeruk Jenius Komplek 54 Kota/Kabupaten KAMPAR Provinsi RIAU,POINT(101.08205956358738 0.932327101574682),Emily Smith Brown,1086221/621898/34911010,78988164106100,sehat-terang-surya-makmur-medika-pharm,537
Obat Toko Badan Bahagia Apotik Jaya,Jl. Sirih Kecil Wilayah 30 Kota/Kabupaten KUBU RAYA Provinsi KALIMANTAN BARAT,POINT(109.9499723426542 -0.4844784129891337),Tom Johnson Wilson,69101011/2100901/230844,2057588441110,obat-toko-badan-bahagia-apotik-jaya,421
Toko Bumi Mawar Prima Sejahtera Apotik,Jl. Kuda Kecil Daerah 63 Kota/Kabupaten KEPULAUAN ARU Provinsi MALUKU,POINT(134.56843058086758 -5.737590966174906),David Nelson Brown,395216/3510425/322727,659820137801,toko-bumi-mawar-prima-sejahtera-apotik,584
Surya Tenaga Bakti Sentorsa Farma Pharm,Jl. Rambutan Tinggi Cluster 86 Kota/Kabupaten SINTANG Provinsi KALIMANTAN BARAT,POINT(112.62761621560054 -0.3076801541817353),Lauren Lewis Thomas,213831/760725/10980103,7145103204804,surya-tenaga-bakti-sentorsa-farma-pharm,91
Bintang Surya Berkah Jaya Bersama Pharma,Jl. Durian Kecil Wilayah 94 Kota/Kabupaten KARIMUN Provinsi KEPULAUAN RIAU,POINT(103.724164396023 0.8493140826250034),Mark Brown Anderson,2166510/221722/3492106,413003688660,bintang-surya-berkah-jaya-bersama-pharma,260
Prima Prima Tubuh Badan Sejahtera Medika,Jl. Ikan Cepat Blok 56 Kota/Kabupaten MALINAU Provinsi KALIMANTAN UTARA,POINT(115.26432912907228 1.3719441834334098),Michael Johnson Johnson,689218/604522/9410013,617811000118,prima-prima-tubuh-badan-sejahtera-medika,202
Cemerlang Sehat Bahagia Toko Sejahtera Apotik,Jl. Mangga Sejahtera Blok 42 Kota/Kabupaten ALOR Provinsi NUSA TENGGARA TIMUR,POINT(124.63633242431416 -8.259134682572618),Tom White Davis,34107110/8038102/1531083,264758810714,cemerlang-sehat-bahagia-toko-sejahtera-apotik,49
Cemerlang Kimia Nusantara Jaya Sejahtera Pharm,Jl. Sirih Pendek Wilayah 53 Kota/Kabupaten HALMAHERA TENGAH Provinsi MALUKU UTARA,POINT(127.83966210397986 0.1890970535133682),Steve Smith Robinson,890591/718012/339867,145138823170,cemerlang-kimia-nusantara-jaya-sejahtera-pharm,84
Amanah Surya Resep Mutiara Apotik Medika,Jl. Rambutan Tinggi Blok 87 Kota/Kabupaten BUOL Provinsi SULAWESI TENGAH,POINT(121.7477063693246 0.948578451989329),David Taylor Harris,215300/2102061/417936,655038316239,amanah-surya-resep-mutiara-apotik-medika,168
Lestari Resep Toko Harmoni Sejahtera Jaya,Jl. Sawah Pendek Wilayah 95 Kota/Kabupaten BARITO SELATAN Provinsi KALIMANTAN TENGAH,POINT(114.97615175375664 -1.5419547261688855),Matt Thomas Williams,715983/7581020/1088392,1041800616710,lestari-resep-toko-harmoni-sejahtera-jaya,532
Sejahtera Kimia Murni Surya Sehat Farma,Jl. Sawah Cerdas Cluster 15 Kota/Kabupaten KATINGAN Provinsi KALIMANTAN TENGAH,POINT(113.68595419608684 -2.307033291483769),Chris Thomas Johnson,131005/229029/1073625,1908110143854,sejahtera-kimia-murni-surya-sehat-farma,33
Sejahtera Obat Murni Amanah Jaya Sejahtera,Jl. Kota Pintar Blok 31 Kota/Kabupaten SIDENRENG RAPPANG Provinsi SULAWESI SELATAN,POINT(119.81154894969808 -3.8462394586591184),Jessica Carter Taylor,215186/752103/33310110,498154599004,sejahtera-obat-murni-amanah-jaya-sejahtera,492
Bahagia Prima Prima Resep Sejahtera Jaya,Jl. Balai Sari Cluster 2 Kota/Kabupaten KUTAI KARTANEGARA Provinsi KALIMANTAN TIMUR,POINT(117.01020857968552 0.067601246375176),Matt Jackson Jones,1101472/11028104/534372,1028812864021,bahagia-prima-prima-resep-sejahtera-jaya,101
Terang Resep Bakti Bahagia Medik Sehat,Jl. Kebun Indah Blok 60 Kota/Kabupaten TUBAN Provinsi JAWA TIMUR,POINT(111.75518450601216 -7.042000129353159),Ashley White Taylor,4535101/9100732/183522,386585631059,terang-resep-bakti-bahagia-medik-sehat,261
Apotik Bumi Sejahtera Bintang Pharm Apotek,Jl. Gunung Besar Daerah 26 Kota/Kabupaten KUPANG Provinsi NUSA TENGGARA TIMUR,POINT(124.00145540215922 -9.896580209486096),Megan Anderson Davis,130100/6610299/767358,4101135508532,apotik-bumi-sejahtera-bintang-pharm-apotek,735
Mawar Makmur Kimia Toko Pharm Apotik,Jl. Kebun Pendek Daerah 56 Kota/Kabupaten SARMI Provinsi PAPUA,POINT(138.52019442770506 -2.1225749592888388),Rachel Adams Thomas,874191/254140/389466,90848411701010,mawar-makmur-kimia-toko-pharm-apotik,424
Jaya Sejahtera Tubuh Prima Farma Bersama,Jl. Mangga Kecil Komplek 53 Kota/Kabupaten LUWU TIMUR Provinsi SULAWESI SELATAN,POINT(121.6251579451463 -2.8929320758651915),Tom Roberts Johnson,211191/2503410/6432310,8521141047001,jaya-sejahtera-tubuh-prima-farma-bersama,603
Makmur Mutiara Jaya Tenaga Pharm Bersama,Jl. Durian Jenius Cluster 86 Kota/Kabupaten KEPULAUAN MERANTI Provinsi RIAU,POINT(102.9143089015042 0.8677742318853596),Tom Adams White,377941/277507/103543,864321975408,makmur-mutiara-jaya-tenaga-pharm-bersama,13
Cemerlang Mutiara Toko Tenaga Sejahtera Pharm,Jl. Sirih Tinggi Cluster 37 Kota/Kabupaten MALUKU TENGGARA BARAT Provinsi MALUKU,POINT(131.35391358844595 -7.719691122586304),Chris Smith Williams,1105810/4231103/281366,91018101842805,cemerlang-mutiara-toko-tenaga-sejahtera-pharm,324
Jaya Lestari Sehat Amanah Jaya Pharma,Jl. Jeruk Cepat Blok 54 Kota/Kabupaten MAMBERAMO RAYA Provinsi PAPUA,POINT(138.076538183928 -2.162024032124851),Katie Williams Thomas,1510580/823924/8103476,810822801822,jaya-lestari-sehat-amanah-jaya-pharma,179
Bumi Medic Surya Tenaga Pharm Apotek,Jl. Tembok Pintar Wilayah 94 Kota/Kabupaten TOJO UNA-UNA Provinsi SULAWESI TENGAH,POINT(121.27161694209548 -1.4223515153038662),Chris Jones Williams,197344/477272/132860,400470880751,bumi-medic-surya-tenaga-pharm-apotek,121
Obat Berkah Tubuh Nusantara Pharm Sejahtera,Jl. Tembok Kecil Cluster 7 Kota/Kabupaten KETAPANG Provinsi KALIMANTAN BARAT,POINT(110.5907840385583 -2.105808521689857),Lauren Carter Harris,861708/723925/530425,28010310100442,obat-berkah-tubuh-nusantara-pharm-sejahtera,738
Mutiara Sehat Prima Makmur Pharm Medika,Jl. Kota Cermat Komplek 22 Kota/Kabupaten SORONG Provinsi PAPUA BARAT,POINT(131.7135520256682 -0.8741757598734914),Jason Jackson White,3151021/797288/3106672,860017611126,mutiara-sehat-prima-makmur-pharm-medika,755
Kimia Tenaga Nusantara Cemerlang Sejahtera Jaya,Jl. Gedung Cerah Cluster 90 Kota/Kabupaten SINTANG Provinsi KALIMANTAN BARAT,POINT(111.49267548348092 0.1926327168609312),John Jackson Moore,135751/321502/1329710,823180517730,kimia-tenaga-nusantara-cemerlang-sejahtera-jaya,982
Makmur Apotik Sejahtera Resep Pharma Sehat,Jl. Mangga Cerdas Cluster 85 Kota/Kabupaten PEGUNUNGAN BINTANG Provinsi PAPUA,POINT(140.80750965187468 -5.092812903641963),Jason Smith Thompson,1466210/1020332/3444105,175704798982,makmur-apotik-sejahtera-resep-pharma-sehat,175
Jaya Prima Obat Terang Pharm Medika,Jl. Balai Cerah Daerah 73 Kota/Kabupaten ACEH JAYA Provinsi ACEH,POINT(95.83763575555405 4.683290893657096),Sarah Harris Harris,142825/927043/6803103,7012180100532,jaya-prima-obat-terang-pharm-medika,526
Tubuh Bumi Farmasi Jaya Medika Apotik,Jl. Balai Cerdas Daerah 41 Kota/Kabupaten KAIMANA Provinsi PAPUA BARAT,POINT(134.9816247653862 -4.063314440683996),Emily Carter Johnson,1101081/878523/193942,2292284120100,tubuh-bumi-farmasi-jaya-medika-apotik,598
Farmasi Medic Surya Bakti Apotik Pharma,Jl. Jeruk Cermat Wilayah 58 Kota/Kabupaten KOTA PALANGKARAYA Provinsi KALIMANTAN TENGAH,POINT(113.96893599451953 -2.3307186872454317),Ashley Jones Williams,1048081/1042228/243347,4107355615082,farmasi-medic-surya-bakti-apotik-pharma,46
Sejahtera Medical Bakti Surya Medika Apotik,Jl. Tembok Jenius Wilayah 70 Kota/Kabupaten KUBU RAYA Provinsi KALIMANTAN BARAT,POINT(109.5836316689024 -0.8291969113200341),Steve Parker Robinson,1008130/319326/327010,1002531781670,sejahtera-medical-bakti-surya-medika-apotik,795
Kimia Bakti Terang Sehat Medika Sehat,Jl. Sawah Tinggi Komplek 80 Kota/Kabupaten LUWU Provinsi SULAWESI SELATAN,POINT(120.05915569207276 -3.332890437413642),Jason Johnson Brown,570651/244755/829213,708493316896,kimia-bakti-terang-sehat-medika-sehat,567
Apotik Prima Toko Prima Farma Sejahtera,Jl. Ikan Kecil Wilayah 73 Kota/Kabupaten KUBU RAYA Provinsi KALIMANTAN BARAT,POINT(109.7990842367502 -0.8294745932367213),Emily Martinez Robinson,721097/323002/337252,1010460068522,apotik-prima-toko-prima-farma-sejahtera,348
Sejahtera Badan Terang Sehat Sejahtera Sejahtera,Jl. Sawah Cerah Komplek 1 Kota/Kabupaten FLORES TIMUR Provinsi NUSA TENGGARA TIMUR,POINT(123.04659078354472 -8.476577757331736),Jessica Hill Jackson,2108140/927393/1083857,1062838213810,sejahtera-badan-terang-sehat-sejahtera-sejahtera,622
Prima Bumi Kimia Badan Farma Sejahtera,Jl. Kuda Sejahtera Daerah 32 Kota/Kabupaten MERAUKE Provinsi PAPUA,POINT(140.31782693953477 -7.287540943883396),Mark Johnson Martinez,628154/299126/775033,121583229003,prima-bumi-kimia-badan-farma-sejahtera,312
Kimia Nusantara Farmasi Sehat Medik Medika,Jl. Rambutan Indah Komplek 30 Kota/Kabupaten SARMI Provinsi PAPUA,POINT(138.9567983786732 -2.283871577130606),Jason Williams White,474014/2108284/6243310,61010698510356,kimia-nusantara-farmasi-sehat-medik-medika,375
Obat Berkah Sehat Sejahtera Medik Sehat,Jl. Mangga Kecil Komplek 67 Kota/Kabupaten SERAM BAGIAN TIMUR Provinsi MALUKU,POINT(130.55422020531967 -3.180139048177498),Allison Thomas Robinson,123635/2531100/630831,7591058510011,obat-berkah-sehat-sejahtera-medik-sehat,611
Amanah Tubuh Indah Surya Sejahtera Sehat,Jl. Tembok Tinggi Cluster 74 Kota/Kabupaten PURWOREJO Provinsi JAWA TENGAH,POINT(110.07972523859998 -7.778656437466656),Rachel Parker Jackson,196466/832143/1080037,806146596838,amanah-tubuh-indah-surya-sejahtera-sehat,743
Terang Bakti Badan Murni Apotik Bersama,Jl. Ikan Tinggi Cluster 13 Kota/Kabupaten KAPUAS Provinsi KALIMANTAN TENGAH,POINT(114.26627501683106 -3.1040630279602617),Rachel Lewis Thompson,4110695/3268410/3177107,7018210031470,terang-bakti-badan-murni-apotik-bersama,43
Harmoni Prima Sehat Bumi Apotik Farma,Jl. Gedung Sejahtera Cluster 76 Kota/Kabupaten MERAUKE Provinsi PAPUA,POINT(140.69739638081762 -8.465231346589412),John Parker Williams,114917/2108820/764323,5183912410001,harmoni-prima-sehat-bumi-apotik-farma,530
Murni Sehat Surya Tubuh Jaya Pharm,Jl. Sirih Cermat Cluster 78 Kota/Kabupaten PASER Provinsi KALIMANTAN TIMUR,POINT(116.3382073079718 -1.622379703706363),Mark Hill Taylor,793161/3101525/9010433,6807903101951,murni-sehat-surya-tubuh-jaya-pharm,738
Jaya Amanah Toko Medic Sejahtera Pharm,Jl. Balai Jenius Wilayah 54 Kota/Kabupaten TAPANULI TENGAH Provinsi SUMATERA UTARA,POINT(98.56283245819434 2.063690553603026),Ashley Harris Johnson,2761001/315821/4310037,2201006100687,jaya-amanah-toko-medic-sejahtera-pharm,508
Cemerlang Sejahtera Medical Berkah Apotik Jaya,Jl. Sawah Pintar Blok 82 Kota/Kabupaten PACITAN Provinsi JAWA TIMUR,POINT(111.06763268294957 -8.129217630970246),Allison Smith Harris,236917/9572810/584863,245181091204,cemerlang-sejahtera-medical-berkah-apotik-jaya,961
Mawar Resep Indah Surya Apotek Medik,Jl. Kota Cerdas Blok 98 Kota/Kabupaten KETAPANG Provinsi KALIMANTAN BARAT,POINT(110.6882151153633 -2.9619663480563787),Lauren Carter Taylor,21051017/793529/7329110,102386519268,mawar-resep-indah-surya-apotek-medik,430
Farmasi Berkah Surya Sejahtera Apotek Farma,Jl. Gunung Cepat Daerah 36 Kota/Kabupaten KAMPAR Provinsi RIAU,POINT(101.10159460300066 0.2249013219143236),David White Moore,147952/111222/841010310,3109810054101001,farmasi-berkah-surya-sejahtera-apotek-farma,192
Farmasi Amanah Sentorsa Bahagia Medika Bersama,Jl. Gedung Cermat Daerah 76 Kota/Kabupaten PULAU TALIABU Provinsi MALUKU UTARA,POINT(124.39695478946456 -1.8294351705026308),Ashley Martinez Thompson,164063/10210020/397633,8108045845108,farmasi-amanah-sentorsa-bahagia-medika-bersama,654
Surya Obat Tenaga Berkah Jaya Medika,Jl. Anjing Pendek Cluster 84 Kota/Kabupaten MELAWI Provinsi KALIMANTAN BARAT,POINT(111.21416693360716 -0.9693368899672664),Alex Nelson Miller,1012493/951821/130617,1701811128101,surya-obat-tenaga-berkah-jaya-medika,130
Terang Indah Surya Farmasi Sejahtera Sehat,Jl. Duku Pintar Cluster 80 Kota/Kabupaten SUMBAWA Provinsi NUSA TENGGARA BARAT,POINT(117.76685307897289 -8.656406759181356),Mark Jones Jones,2147710/312536/10531035,457681680193,terang-indah-surya-farmasi-sejahtera-sehat,280
Toko Bintang Cemerlang Sehat Medika Medik,Jl. Kucing Jenius Komplek 71 Kota/Kabupaten KAIMANA Provinsi PAPUA BARAT,POINT(134.10174844032997 -3.4033615219871427),Michael Jones Jones,362521/35102100/210834,8048110221162,toko-bintang-cemerlang-sehat-medika-medik,421
Bakti Tubuh Sehat Prima Sehat Jaya,Jl. Gunung Kecil Cluster 80 Kota/Kabupaten MUSI RAWAS Provinsi SUMATERA SELATAN,POINT(102.8225479795738 -3.0966076753129945),Alex Martinez Taylor,1107540/6792104/302661,21910001048062,bakti-tubuh-sehat-prima-sehat-jaya,547
Lestari Nusantara Makmur Jaya Bersama Jaya,Jl. Sirih Jenius Komplek 78 Kota/Kabupaten KEPULAUAN MERANTI Provinsi RIAU,POINT(102.45086934393127 1.26632650807203),Michael Williams Miller,8410551/235325/310893,840565881924,lestari-nusantara-makmur-jaya-bersama-jaya,995
Nusantara Lestari Bahagia Kimia Medika Apotik,Jl. Anjing Pintar Cluster 41 Kota/Kabupaten SIMALUNGUN Provinsi SUMATERA UTARA,POINT(98.90560816743069 2.736322504395323),Brittany Thomas White,877141/302321/948331,7931110340708,nusantara-lestari-bahagia-kimia-medika-apotik,107
Murni Makmur Medic Prima Sejahtera Farma,Jl. Kuda Cermat Cluster 91 Kota/Kabupaten LANGKAT Provinsi SUMATERA UTARA,POINT(98.26867041868312 3.82840991484413),Michael White Johnson,10175410/598251/322744,481757095081,murni-makmur-medic-prima-sejahtera-farma,259
Apotik Berkah Tenaga Farmasi Medik Pharm,Jl. Kebun Cermat Blok 11 Kota/Kabupaten KETAPANG Provinsi KALIMANTAN BARAT,POINT(110.962822950268 -1.3465353639539916),Mark Hill Garcia,4916101/642390/132492,808009159177,apotik-berkah-tenaga-farmasi-medik-pharm,684
Prima Tenaga Lestari Farmasi Jaya Pharm,Jl. Rambutan Sejahtera Daerah 100 Kota/Kabupaten DEMAK Provinsi JAWA TENGAH,POINT(110.7638824491622 -7.010419295358609),Jessica Brown White,271317/502233/3351033,211446102718,prima-tenaga-lestari-farmasi-jaya-pharm,41
Cemerlang Harmoni Amanah Medic Farma Sejahtera,Jl. Apel Sejahtera Wilayah 78 Kota/Kabupaten ROKAN HILIR Provinsi RIAU,POINT(100.3017514320445 2.456304543071436),Lauren Hill White,881105/127219/1063373,201706009816,cemerlang-harmoni-amanah-medic-farma-sejahtera,735
Surya Tubuh Sehat Lestari Pharm Jaya,Jl. Kota Kecil Wilayah 97 Kota/Kabupaten INDRAGIRI HULU Provinsi RIAU,POINT(102.08189042374136 -0.6903521950580931),Michael Johnson Moore,5107701/2054109/429473,5847816330109,surya-tubuh-sehat-lestari-pharm-jaya,98
Amanah Mutiara Nusantara Bintang Sejahtera Apotek,Jl. Tembok Jenius Komplek 43 Kota/Kabupaten MALINAU Provinsi KALIMANTAN UTARA,POINT(115.53658911531306 2.7619272660267047),Alex Brown Williams,1014397/1020772/9593110,10810108314080,amanah-mutiara-nusantara-bintang-sejahtera-apotek,59
Lestari Jaya Tenaga Medic Jaya Medika,Jl. Kuda Pendek Daerah 8 Kota/Kabupaten PESAWARAN Provinsi LAMPUNG,POINT(105.20570335792296 -5.445411389679214),Matt Hill Garcia,586812/9299107/372564,713881671460,lestari-jaya-tenaga-medic-jaya-medika,383
Apotik Lestari Murni Bintang Sehat Jaya,Jl. Durian Kecil Daerah 56 Kota/Kabupaten TAMBRAUW Provinsi PAPUA BARAT,POINT(133.95043674549265 -1.1825224193296415),Rachel Lewis Williams,137159/776382/323068,9248766711100,apotik-lestari-murni-bintang-sehat-jaya,842
Medical Harmoni Sehat Bumi Farma Sehat,Jl. Kota Pendek Wilayah 80 Kota/Kabupaten MUSI BANYUASIN Provinsi SUMATERA SELATAN,POINT(103.5753704627372 -2.777688124433672),John Johnson Wilson,1071611/10322610/253959,688573197230,medical-harmoni-sehat-bumi-farma-sehat,427
Mutiara Bahagia Murni Medical Sejahtera Apotik,Jl. Duku Indah Komplek 79 Kota/Kabupaten PENAJAM PASER UTARA Provinsi KALIMANTAN TIMUR,POINT(116.71867650507664 -0.9840131540824526),Michael Harris Smith,160275/3231008/403989,907081389188,mutiara-bahagia-murni-medical-sejahtera-apotik,446
Apotik Makmur Bintang Bumi Sejahtera Bersama,Jl. Duku Kecil Wilayah 100 Kota/Kabupaten POSO Provinsi SULAWESI TENGAH,POINT(120.37427605043416 -1.8139382247372997),Mark Thomas Williams,76110710/1002238/383933,170012988235,apotik-makmur-bintang-bumi-sejahtera-bersama,380
Indah Bintang Obat Apotik Apotek Farma,Jl. Anjing Cepat Blok 35 Kota/Kabupaten KAPUAS HULU Provinsi KALIMANTAN BARAT,POINT(113.26704336685904 0.88699128237438),Mark Nelson Williams,61012102/902405/1067139,18077310892910,indah-bintang-obat-apotik-apotek-farma,227
Surya Jaya Bumi Bahagia Sejahtera Jaya,Jl. Apel Indah Wilayah 20 Kota/Kabupaten KAPUAS Provinsi KALIMANTAN TENGAH,POINT(114.61960507446344 -2.330263139871024),David Nelson Brown,461608/699528/3103255,984102832652,surya-jaya-bumi-bahagia-sejahtera-jaya,617
Mutiara Murni Medical Terang Bersama Medik,Jl. Kota Cermat Wilayah 85 Kota/Kabupaten PANDEGLANG Provinsi BANTEN,POINT(105.4360391439784 -6.824511883904996),Katie Harris Martinez,818038/210101042/3766610,8294815010773,mutiara-murni-medical-terang-bersama-medik,180
Sentorsa Kimia Jaya Sehat Apotik Bersama,Jl. Gedung Jenius Wilayah 76 Kota/Kabupaten WAROPEN Provinsi PAPUA,POINT(137.0394452095018 -2.689176572361585),Allison Anderson Davis,131611/476420/931732,504109856101,sentorsa-kimia-jaya-sehat-apotik-bersama,142
Bintang Surya Berkah Apotik Farma Sejahtera,Jl. Gedung Cermat Komplek 49 Kota/Kabupaten MAHAKAM ULU Provinsi KALIMANTAN TIMUR,POINT(114.535835301467 0.8602356600875396),Katie Adams Moore,150637/291020/6105653,1102960010824,bintang-surya-berkah-apotik-farma-sejahtera,46
Apotik Sejahtera Sentorsa Mutiara Bersama Farma,Jl. Gunung Besar Daerah 47 Kota/Kabupaten MALINAU Provinsi KALIMANTAN UTARA,POINT(115.29084404176012 2.320308419702986),Lauren Adams Brown,1110973/3221101/394861,10296381038107,apotik-sejahtera-sentorsa-mutiara-bersama-farma,229
Jaya Resep Bakti Badan Medik Sejahtera,Jl. Kucing Sari Daerah 5 Kota/Kabupaten TASIKMALAYA Provinsi JAWA BARAT,POINT(108.1894481768773 -7.674737192098467),John Jackson Martin,1770101/590528/9433106,96161095410908,jaya-resep-bakti-badan-medik-sejahtera,583
Resep Medical Harmoni Obat Bersama Medika,Jl. Jeruk Cerah Komplek 32 Kota/Kabupaten SIJUNJUNG Provinsi SUMATERA BARAT,POINT(101.05686113972486 -0.708373919484206),Sarah Lewis White,107157/1042004/853700,6818696011101,resep-medical-harmoni-obat-bersama-medika,150
Surya Bahagia Sehat Kimia Apotek Medika,Jl. Gunung Indah Wilayah 65 Kota/Kabupaten SEMARANG Provinsi JAWA TENGAH,POINT(110.36512244134047 -7.329241109940673),Brittany Anderson Thomas,559001/9210144/263271,5505610817261,surya-bahagia-sehat-kimia-apotek-medika,178
Mutiara Murni Cemerlang Medic Jaya Medika,Jl. Apel Tinggi Cluster 17 Kota/Kabupaten PULANG PISAU Provinsi KALIMANTAN TENGAH,POINT(113.8485044138219 -1.6821837401547306),Rachel Clark Williams,3161074/7102535/946438,944518577608,mutiara-murni-cemerlang-medic-jaya-medika,21
Bintang Prima Nusantara Badan Apotek Bersama,Jl. Sawah Indah Komplek 75 Kota/Kabupaten MELAWI Provinsi KALIMANTAN BARAT,POINT(111.37894319792736 -0.36010666408235),Mark Roberts White,3558110/2901019/1050035,853011647087,bintang-prima-nusantara-badan-apotek-bersama,52
Apotik Medic Harmoni Jaya Medika Jaya,Jl. Ikan Pintar Blok 93 Kota/Kabupaten MAHAKAM ULU Provinsi KALIMANTAN TIMUR,POINT(115.68356432434936 0.293175873151986),Katie Brown White,2113103/372851/680431,590312368793,apotik-medic-harmoni-jaya-medika-jaya,306
Bintang Amanah Farmasi Prima Farma Medika,Jl. Kucing Cerah Cluster 69 Kota/Kabupaten MINAHASA SELATAN Provinsi SULAWESI UTARA,POINT(124.39795213871504 0.878651438485976),Allison Harris Thompson,408178/10109207/380833,1109458014479,bintang-amanah-farmasi-prima-farma-medika,250
Badan Bakti Makmur Jaya Farma Sehat,Jl. Kuda Tinggi Wilayah 28 Kota/Kabupaten PASER Provinsi KALIMANTAN TIMUR,POINT(116.26511394865484 -1.6949003832396752),Brittany Anderson Thomas,566517/271445/338722,81093011013729,badan-bakti-makmur-jaya-farma-sehat,233
Bumi Resep Cemerlang Prima Bersama Sejahtera,Jl. Duku Cerah Daerah 13 Kota/Kabupaten LUWU UTARA Provinsi SULAWESI SELATAN,POINT(119.90597660676366 -2.537627726718558),Katie Anderson Brown,9251106/2285810/320093,369066480718,bumi-resep-cemerlang-prima-bersama-sejahtera,588
Berkah Indah Badan Amanah Jaya Pharm,Jl. Kuda Kecil Wilayah 89 Kota/Kabupaten KAPUAS Provinsi KALIMANTAN TENGAH,POINT(114.25815721407449 -1.3073457202372776),Rachel Johnson Wilson,8710163/296490/350444,371680177023,berkah-indah-badan-amanah-jaya-pharm,380
Harmoni Jaya Apotik Nusantara Sejahtera Bersama,Jl. Kota Sejahtera Cluster 86 Kota/Kabupaten HALMAHERA TENGAH Provinsi MALUKU UTARA,POINT(127.86386294832393 0.1748275486273129),John Carter Smith,919424/262036/399393,3010181386138,harmoni-jaya-apotik-nusantara-sejahtera-bersama,87
Mutiara Tubuh Toko Surya Sejahtera Sehat,Jl. Apel Jenius Daerah 70 Kota/Kabupaten SORONG Provinsi PAPUA BARAT,POINT(131.31274944705368 -1.1895711547139616),Megan Smith Jackson,118031/3210270/374621,8241450104139,mutiara-tubuh-toko-surya-sejahtera-sehat,175
Nusantara Medical Prima Resep Jaya Medik,Jl. Duku Cerah Wilayah 30 Kota/Kabupaten KUTAI KARTANEGARA Provinsi KALIMANTAN TIMUR,POINT(116.85548491779858 0.0182579705332344),Emily Jones Anderson,210766/524954/390813,8749881061020,nusantara-medical-prima-resep-jaya-medik,29
Mawar Kimia Tubuh Terang Bersama Medik,Jl. Balai Cermat Daerah 89 Kota/Kabupaten LUWU TIMUR Provinsi SULAWESI SELATAN,POINT(120.5399142811435 -2.3657044309417525),Tom Williams Moore,319816/239552/466833,10163201021849,mawar-kimia-tubuh-terang-bersama-medik,881
Jaya Medic Tubuh Badan Sehat Sejahtera,Jl. Pisang Pendek Blok 57 Kota/Kabupaten WAY KANAN Provinsi LAMPUNG,POINT(104.3603871796182 -4.441855385009409),Mark Harris Davis,1810850/320637/539384,802814137539,jaya-medic-tubuh-badan-sehat-sejahtera,320
Badan Jaya Indah Terang Pharm Medik,Jl. Kebun Cermat Daerah 19 Kota/Kabupaten KAPUAS HULU Provinsi KALIMANTAN BARAT,POINT(113.3608177699018 0.6119667390985288),Jason Nelson Garcia,64101013/9910523/1031981,929010461685,badan-jaya-indah-terang-pharm-medik,124
Sejahtera Obat Nusantara Berkah Sejahtera Apotik,Jl. Gajah Cerdas Blok 31 Kota/Kabupaten MOROWALI UTARA Provinsi SULAWESI TENGAH,POINT(121.4903018534941 -2.073596445922515),Allison Clark Harris,747519/442012/878340,1071066000758,sejahtera-obat-nusantara-berkah-sejahtera-apotik,251
Resep Surya Bumi Murni Jaya Pharm,Jl. Balai Sari Komplek 92 Kota/Kabupaten TAMBRAUW Provinsi PAPUA BARAT,POINT(132.49348160243164 -0.4865105571775228),Matt Martinez Thomas,9317410/259738/335143,883895571760,resep-surya-bumi-murni-jaya-pharm,670
Jaya Tubuh Bintang Indah Medika Farma,Jl. Gedung Sejahtera Wilayah 98 Kota/Kabupaten KATINGAN Provinsi KALIMANTAN TENGAH,POINT(112.16638080470278 -1.0558046787641544),Ashley Roberts White,619775/191622/653344,91988201001810,jaya-tubuh-bintang-indah-medika-farma,423
Bahagia Surya Jaya Murni Pharm Apotek,Jl. Kuda Kecil Cluster 36 Kota/Kabupaten KAPUAS HULU Provinsi KALIMANTAN BARAT,POINT(112.3855246145452 0.6528333608319716),Jessica Carter Garcia,214916/930072/239122,6510310050282,bahagia-surya-jaya-murni-pharm-apotek,321
Surya Farmasi Berkah Terang Pharm Sejahtera,Jl. Tembok Cerdas Wilayah 83 Kota/Kabupaten KEEROM Provinsi PAPUA,POINT(140.84873032706048 -2.899955772219796),Mark White Jackson,5011057/284177/41101103,904701203859,surya-farmasi-berkah-terang-pharm-sejahtera,640
Amanah Resep Mutiara Sehat Medik Apotik,Jl. Kota Besar Komplek 29 Kota/Kabupaten BATANGHARI Provinsi JAMBI,POINT(103.12065534286374 -1.5692983267709746),Ashley Harris Garcia,392168/1020944/435428,91071041358910,amanah-resep-mutiara-sehat-medik-apotik,526
Surya Farmasi Resep Bumi Pharma Bersama,Jl. Duku Jenius Blok 44 Kota/Kabupaten KATINGAN Provinsi KALIMANTAN TENGAH,POINT(113.47540720003975 -2.532386988004255),Ashley Adams Wilson,712728/512632/353098,949886068710,surya-farmasi-resep-bumi-pharma-bersama,262
Badan Bakti Prima Jaya Pharma Medika,Jl. Apel Kecil Daerah 22 Kota/Kabupaten PADANG LAWAS Provinsi SUMATERA UTARA,POINT(99.53031232861298 1.1604742947505162),Lauren Roberts Harris,574156/102382/344650,1856821008300,badan-bakti-prima-jaya-pharma-medika,215
Berkah Harmoni Medical Farmasi Sehat Jaya,Jl. Pisang Cepat Cluster 25 Kota/Kabupaten KATINGAN Provinsi KALIMANTAN TENGAH,POINT(113.50900270888566 -2.1653540894508847),Michael Taylor Williams,7318106/792255/423715,10101100498901,berkah-harmoni-medical-farmasi-sehat-jaya,613
Bakti Mutiara Resep Bahagia Pharma Bersama,Jl. Anjing Cepat Komplek 57 Kota/Kabupaten KEPULAUAN ARU Provinsi MALUKU,POINT(134.54849465921524 -6.061168307731751),Jason Lewis Thomas,222613/828029/334230,368105353221,bakti-mutiara-resep-bahagia-pharma-bersama,236
Toko Jaya Sehat Medic Pharma Sejahtera,Jl. Kuda Pendek Komplek 80 Kota/Kabupaten TEBO Provinsi JAMBI,POINT(102.06092144531398 -0.9894973865826078),Sarah Smith Martinez,99110101/622283/863393,158070256837,toko-jaya-sehat-medic-pharma-sejahtera,207
Sejahtera Apotik Jaya Amanah Bersama Apotik,Jl. Pisang Kecil Cluster 93 Kota/Kabupaten SIAK Provinsi RIAU,POINT(101.68756402720696 0.7905611077270365),Allison Harris Wilson,914322/945722/331603,208316340517,sejahtera-apotik-jaya-amanah-bersama-apotik,53
Bahagia Prima Mawar Jaya Medika Apotek,Jl. Durian Kecil Daerah 27 Kota/Kabupaten ROKAN HULU Provinsi RIAU,POINT(100.3578612515322 0.4783531498202062),Ashley Anderson Thompson,7100140/749270/7321083,5108814495690,bahagia-prima-mawar-jaya-medika-apotek,295
Apotik Bahagia Indah Obat Apotek Medika,Jl. Kebun Sejahtera Cluster 43 Kota/Kabupaten WAROPEN Provinsi PAPUA,POINT(136.76049885108404 -2.643887920746163),Alex Lewis Thomas,195722/750299/5832010,83103110047211,apotik-bahagia-indah-obat-apotek-medika,45
Bintang Bahagia Surya Sejahtera Pharma Pharm,Jl. Balai Sari Daerah 25 Kota/Kabupaten BALANGAN Provinsi KALIMANTAN SELATAN,POINT(115.64559632411203 -2.4795210904878537),Chris Smith Wilson,7188101/360270/73310109,217228000121,bintang-bahagia-surya-sejahtera-pharma-pharm,150
Prima Berkah Indah Jaya Pharma Sejahtera,Jl. Pisang Sari Daerah 62 Kota/Kabupaten BURU Provinsi MALUKU,POINT(126.3301112695734 -3.2144392441497427),Allison Martinez Harris,539146/288320/493316,8210157888990,prima-berkah-indah-jaya-pharma-sejahtera,322
Terang Murni Medic Kimia Jaya Farma,Jl. Sirih Pendek Daerah 80 Kota/Kabupaten MIMIKA Provinsi PAPUA,POINT(136.89617578261692 -4.581162859782469),Lauren Jones Jones,315084/610910210/1310672,982819080119,terang-murni-medic-kimia-jaya-farma,171
Amanah Nusantara Indah Tubuh Sejahtera Sehat,Jl. Duku Kecil Daerah 47 Kota/Kabupaten SINTANG Provinsi KALIMANTAN BARAT,POINT(111.39963865361938 0.0443470524115774),Emily Adams Robinson,748113/253367/1105393,277881084091,amanah-nusantara-indah-tubuh-sejahtera-sehat,840
Terang Harmoni Sejahtera Cemerlang Pharma Jaya,Jl. Mangga Sari Blok 97 Kota/Kabupaten MAMBERAMO RAYA Provinsi PAPUA,POINT(137.24651773216274 -2.310859240015569),Jason Williams Jackson,1015360/6278910/130533,401315605308,terang-harmoni-sejahtera-cemerlang-pharma-jaya,484
Harmoni Cemerlang Kimia Sehat Jaya Bersama,Jl. Gajah Sejahtera Cluster 59 Kota/Kabupaten LAHAT Provinsi SUMATERA SELATAN,POINT(103.65322799441726 -3.7077613960421454),Michael Williams Anderson,949181/4101204/3151077,4104310708491,harmoni-cemerlang-kimia-sehat-jaya-bersama,54
Medic Jaya Berkah Amanah Pharm Pharma,Jl. Kebun Besar Wilayah 10 Kota/Kabupaten BANGKA TENGAH Provinsi KEPULAUAN BANGKA BELITUNG,POINT(106.6579031564915 -2.566832708226224),Katie Harris Moore,617196/858929/239449,137996049890,medic-jaya-berkah-amanah-pharm-pharma,560
Amanah Medic Mutiara Toko Pharm Medik,Jl. Rambutan Indah Blok 13 Kota/Kabupaten HALMAHERA UTARA Provinsi MALUKU UTARA,POINT(127.77615768005084 1.8608906814545565),Matt Hill Jackson,8101110/907342/6337106,393221809994,amanah-medic-mutiara-toko-pharm-medik,473
Cemerlang Obat Kimia Bahagia Pharm Apotek,Jl. Apel Jenius Blok 86 Kota/Kabupaten GUNUNG MAS Provinsi KALIMANTAN TENGAH,POINT(113.69540841030478 -0.6196214478494433),Michael Roberts Martin,211584/547292/8734104,115742348090,cemerlang-obat-kimia-bahagia-pharm-apotek,346
Kimia Makmur Mutiara Bintang Apotik Bersama,Jl. Balai Jenius Blok 28 Kota/Kabupaten YAHUKIMO Provinsi PAPUA,POINT(139.62278101505277 -4.8576527406992245),Michael Adams Williams,511363/280022/2963103,1901737825107,kimia-makmur-mutiara-bintang-apotik-bersama,880
Bakti Medical Jaya Harmoni Sehat Apotek,Jl. Sirih Kecil Wilayah 32 Kota/Kabupaten TAMBRAUW Provinsi PAPUA BARAT,POINT(132.6605159927094 -0.4260638677488231),Brittany Lewis Davis,501532/2104186/536809,271681570428,bakti-medical-jaya-harmoni-sehat-apotek,371
Jaya Surya Jaya Prima Sehat Apotek,Jl. Tembok Cerah Komplek 98 Kota/Kabupaten LANDAK Provinsi KALIMANTAN BARAT,POINT(109.68676052723409 0.5880826425220871),Michael Williams Williams,10241061/273034/538320,300879163788,jaya-surya-jaya-prima-sehat-apotek,260
Tenaga Harmoni Indah Badan Sehat Pharma,Jl. Ikan Tinggi Wilayah 100 Kota/Kabupaten TANA TIDUNG Provinsi KALIMANTAN UTARA,POINT(117.42968070725004 3.576883249595788),Katie Parker Brown,814902/420919/6351023,461108822402,tenaga-harmoni-indah-badan-sehat-pharma,395
Surya Medic Jaya Bakti Sejahtera Apotik,Jl. Gajah Cepat Daerah 40 Kota/Kabupaten MANGGARAI Provinsi NUSA TENGGARA TIMUR,POINT(120.42226629564132 -8.698251389388997),Steve Thomas Martin,5710418/9452104/1101035,8601098393187,surya-medic-jaya-bakti-sejahtera-apotik,910
Sentorsa Indah Jaya Badan Apotek Sejahtera,Jl. Pisang Pintar Komplek 16 Kota/Kabupaten KOTA PEKANBARU Provinsi RIAU,POINT(101.53299232534025 0.6094133887003945),Matt Carter Smith,196643/381022/780703,6000968721109,sentorsa-indah-jaya-badan-apotek-sejahtera,305
Bahagia Prima Harmoni Badan Medika Sejahtera,Jl. Gunung Kecil Blok 42 Kota/Kabupaten JAYAPURA Provinsi PAPUA,POINT(140.2329872734986 -2.412446079495042),Emily White Harris,10191047/229246/4521030,988480988137,bahagia-prima-harmoni-badan-medika-sejahtera,92
Surya Cemerlang Jaya Bintang Bersama Farma,Jl. Gajah Cerah Wilayah 7 Kota/Kabupaten BREBES Provinsi JAWA TENGAH,POINT(108.94235909011503 -7.014999396979372),Mark Thomas White,173263/2102175/696823,830714918071,surya-cemerlang-jaya-bintang-bersama-farma,23
Nusantara Bumi Apotik Tubuh Farma Pharma,Jl. Rambutan Besar Cluster 99 Kota/Kabupaten MAPPI Provinsi PAPUA,POINT(139.80640118579248 -7.405835337855633),Matt Lewis Moore,159141/1028230/461348,6184652502100,nusantara-bumi-apotik-tubuh-farma-pharma,424
Cemerlang Medical Kimia Prima Jaya Bersama,Jl. Kota Cepat Komplek 72 Kota/Kabupaten SINJAI Provinsi SULAWESI SELATAN,POINT(120.23554952762125 -5.091572793836871),Megan Martinez Davis,906166/566842/306428,810702105108810,cemerlang-medical-kimia-prima-jaya-bersama,368
Amanah Prima Murni Sehat Pharm Jaya,Jl. Durian Kecil Komplek 21 Kota/Kabupaten MAROS Provinsi SULAWESI SELATAN,POINT(119.95101004939129 -4.765780457579414),Lauren Roberts Smith,1598810/394829/435634,890102128262,amanah-prima-murni-sehat-pharm-jaya,642
Tubuh Makmur Sehat Harmoni Pharm Apotek,Jl. Gedung Cepat Komplek 16 Kota/Kabupaten SARMI Provinsi PAPUA,POINT(138.91625169068251 -2.03576950771414),Allison Carter Jones,101579/62101067/113273,8563105101827,tubuh-makmur-sehat-harmoni-pharm-apotek,338
Apotik Prima Berkah Mutiara Medik Apotek,Jl. Sirih Indah Cluster 14 Kota/Kabupaten KUBU RAYA Provinsi KALIMANTAN BARAT,POINT(109.7952010060638 -0.2530742945557875),Matt Johnson Moore,361210/949792/326780,105218487688,apotik-prima-berkah-mutiara-medik-apotek,734
Harmoni Badan Bahagia Lestari Farma Apotek,Jl. Rambutan Cermat Komplek 72 Kota/Kabupaten NABIRE Provinsi PAPUA,POINT(134.77514010693153 -3.018870671351369),David White Anderson,414748/154259/893388,4010197709038,harmoni-badan-bahagia-lestari-farma-apotek,301
Jaya Apotik Jaya Badan Medika Pharma,Jl. Balai Sejahtera Wilayah 56 Kota/Kabupaten BARITO TIMUR Provinsi KALIMANTAN TENGAH,POINT(115.02918088304784 -1.8290049874265597),Lauren Lewis Martin,4216810/792203/3104305,200842415881,jaya-apotik-jaya-badan-medika-pharma,539
Kimia Surya Nusantara Prima Medik Pharm,Jl. Gedung Jenius Daerah 81 Kota/Kabupaten MAPPI Provinsi PAPUA,POINT(139.6337533037066 -7.36329905888379),Megan Anderson Harris,1100784/462264/137333,1183390108563,kimia-surya-nusantara-prima-medik-pharm,375
Medic Mawar Badan Apotik Farma Sejahtera,Jl. Gajah Cerdas Cluster 67 Kota/Kabupaten KAIMANA Provinsi PAPUA BARAT,POINT(134.9789136265067 -3.977929410632962),Alex Roberts Thompson,951326/4921052/630112,126189013039,medic-mawar-badan-apotik-farma-sejahtera,303
Lestari Surya Kimia Bintang Medik Sejahtera,Jl. Balai Sari Blok 80 Kota/Kabupaten MAHAKAM ULU Provinsi KALIMANTAN TIMUR,POINT(115.23071278039404 0.9331222490129036),Steve Roberts Johnson,276741/9105242/3109431,1064037008111,lestari-surya-kimia-bintang-medik-sejahtera,414
Amanah Cemerlang Prima Mutiara Pharm Jaya,Jl. Pisang Tinggi Komplek 44 Kota/Kabupaten ACEH SELATAN Provinsi ACEH,POINT(97.70482850579243 2.855230667781848),Chris Carter Brown,614640/309626/305845,5041078928318,amanah-cemerlang-prima-mutiara-pharm-jaya,168
Cemerlang Bakti Harmoni Mawar Bersama Sejahtera,Jl. Sirih Indah Wilayah 78 Kota/Kabupaten PEGUNUNGAN BINTANG Provinsi PAPUA,POINT(140.60552532233038 -4.707207192947761),Chris Johnson Jackson,1011500/2010092/3256107,740881515990,cemerlang-bakti-harmoni-mawar-bersama-sejahtera,218
Prima Medic Nusantara Sejahtera Bersama Jaya,Jl. Balai Cepat Blok 74 Kota/Kabupaten POSO Provinsi SULAWESI TENGAH,POINT(120.33955751849123 -1.861536400759526),Ashley Jackson Moore,608261/2249105/720023,621731434580,prima-medic-nusantara-sejahtera-bersama-jaya,297
Harmoni Kimia Nusantara Bahagia Farma Jaya,Jl. Sawah Jenius Cluster 34 Kota/Kabupaten BOJONEGORO Provinsi JAWA TIMUR,POINT(111.94428124221058 -7.1839347420703366),Tom Anderson Robinson,920281/2109233/143632,3508677102180,harmoni-kimia-nusantara-bahagia-farma-jaya,648
Sehat Harmoni Terang Bakti Apotik Medik,Jl. Sirih Besar Cluster 73 Kota/Kabupaten PEGUNUNGAN BINTANG Provinsi PAPUA,POINT(140.89213380977122 -5.185249940920238),Chris Jones Wilson,21111010/1058102/396181,265807664210,sehat-harmoni-terang-bakti-apotik-medik,176
Terang Mutiara Bakti Tenaga Apotek Apotik,Jl. Durian Tinggi Cluster 30 Kota/Kabupaten KAPUAS HULU Provinsi KALIMANTAN BARAT,POINT(111.95398219615493 0.9173501304207772),Brittany Clark Johnson,142897/565842/518632,169008704398,terang-mutiara-bakti-tenaga-apotek-apotik,541
Obat Surya Tubuh Bumi Farma Pharma,Jl. Ikan Pintar Blok 48 Kota/Kabupaten MOROWALI UTARA Provinsi SULAWESI TENGAH,POINT(121.09154342074228 -1.7149388955717146),John Brown Moore,312398/299763/6106163,510094284535,obat-surya-tubuh-bumi-farma-pharma,338
Prima Makmur Bintang Amanah Sejahtera Jaya,Jl. Pisang Indah Wilayah 84 Kota/Kabupaten MALINAU Provinsi KALIMANTAN UTARA,POINT(115.58549162083048 3.189698277659682),Sarah Adams Williams,321844/892863/3475610,36048101016650,prima-makmur-bintang-amanah-sejahtera-jaya,151
Resep Jaya Jaya Harmoni Sehat Apotik,Jl. Sirih Cerah Komplek 28 Kota/Kabupaten PEGUNUNGAN ARFAK Provinsi PAPUA BARAT,POINT(133.4928460327654 -1.280652509946446),Chris Jackson Brown,419242/222577/7310496,882641649806,resep-jaya-jaya-harmoni-sehat-apotik,810
Harmoni Kimia Farmasi Sentorsa Apotik Sejahtera,Jl. Jeruk Kecil Blok 23 Kota/Kabupaten KOTABARU Provinsi KALIMANTAN SELATAN,POINT(116.24093516820368 -3.5584391850514896),Steve Williams Davis,7911038/196287/3781026,485748302155,harmoni-kimia-farmasi-sentorsa-apotik-sejahtera,14
Medic Terang Farmasi Mawar Apotek Medika,Jl. Sawah Kecil Wilayah 32 Kota/Kabupaten SARMI Provinsi PAPUA,POINT(138.86217904634054 -2.6139147352738235),Katie Roberts Williams,6110044/805672/8109131,162882083048,medic-terang-farmasi-mawar-apotek-medika,938
Sejahtera Murni Lestari Bumi Jaya Sehat,Jl. Sirih Sejahtera Wilayah 43 Kota/Kabupaten SINTANG Provinsi KALIMANTAN BARAT,POINT(111.82434582553546 0.0478072256177046),Rachel Clark Johnson,526751/723625/396793,434162800881,sejahtera-murni-lestari-bumi-jaya-sehat,959
Prima Bakti Nusantara Toko Bersama Apotek,Jl. Anjing Cerdas Wilayah 39 Kota/Kabupaten MERAUKE Provinsi PAPUA,POINT(138.83957467032872 -8.192451590592281),Ashley Clark Jones,1017024/323199/10208103,578300001660,prima-bakti-nusantara-toko-bersama-apotek,39
Bakti Bahagia Sehat Surya Medika Sejahtera,Jl. Jeruk Indah Wilayah 8 Kota/Kabupaten BARITO SELATAN Provinsi KALIMANTAN TENGAH,POINT(114.71860413910036 -1.9772725653466043),Rachel Clark Martinez,1107941/462060/332083,9481110738800,bakti-bahagia-sehat-surya-medika-sejahtera,215
Bintang Resep Cemerlang Obat Sehat Apotik,Jl. Gajah Kecil Komplek 92 Kota/Kabupaten KAMPAR Provinsi RIAU,POINT(101.116016332909 -0.0953356679481824),Steve Williams Anderson,3133910/724599/31010955,170279388106,bintang-resep-cemerlang-obat-sehat-apotik,2
Prima Berkah Cemerlang Badan Bersama Sehat,Jl. Mangga Jenius Daerah 40 Kota/Kabupaten KAYONG UTARA Provinsi KALIMANTAN BARAT,POINT(109.81014449378162 -1.0277009102623629),Lauren Hill Martinez,299911/10810227/129423,810018204450,prima-berkah-cemerlang-badan-bersama-sehat,133
Indah Mawar Prima Tenaga Pharma Medik,Jl. Jeruk Pendek Daerah 94 Kota/Kabupaten PASAMAN Provinsi SUMATERA BARAT,POINT(100.18129373435892 0.6076235517606374),Matt Roberts Williams,4158103/424774/508753,981202189080,indah-mawar-prima-tenaga-pharma-medik,386
Apotik Obat Sehat Sejahtera Sehat Pharm,Jl. Rambutan Sejahtera Cluster 67 Kota/Kabupaten MUARO JAMBI Provinsi JAMBI,POINT(103.55699667227532 -1.7050371394100845),Rachel Williams Wilson,111185/2410334/31010958,11075100833756,apotik-obat-sehat-sejahtera-sehat-pharm,932
Badan Nusantara Bakti Resep Medika Jaya,Jl. Tembok Kecil Blok 20 Kota/Kabupaten BUOL Provinsi SULAWESI TENGAH,POINT(121.40226654424872 1.0797530688795085),Jason Hill Jackson,1355410/114402/146723,591598780916,badan-nusantara-bakti-resep-medika-jaya,127
Medical Mawar Jaya Obat Apotek Sehat,Jl. Duku Cerah Komplek 7 Kota/Kabupaten MERAUKE Provinsi PAPUA,POINT(140.84626989485398 -7.408181107536879),Ashley Williams Thomas,7957110/912397/8710323,879111594707,medical-mawar-jaya-obat-apotek-sehat,43
Bakti Medical Farmasi Terang Bersama Sejahtera,Jl. Ikan Sari Blok 60 Kota/Kabupaten TAMBRAUW Provinsi PAPUA BARAT,POINT(132.32685572658443 -0.9345644728235084),Emily Thomas Taylor,593195/593012/692743,502671627008,bakti-medical-farmasi-terang-bersama-sejahtera,788
Cemerlang Resep Nusantara Terang Farma Pharm,Jl. Anjing Kecil Blok 30 Kota/Kabupaten HALMAHERA BARAT Provinsi MALUKU UTARA,POINT(127.50033960075402 1.2691358444045235),Tom White Martin,510935/253124/1035772,61151006810106,cemerlang-resep-nusantara-terang-farma-pharm,260
Mawar Berkah Medic Prima Medik Sejahtera,Jl. Ikan Pendek Blok 54 Kota/Kabupaten BARITO UTARA Provinsi KALIMANTAN TENGAH,POINT(115.4402883224118 -0.99321528074141),John Carter Jones,61103710/9520102/222303,5810702573610,mawar-berkah-medic-prima-medik-sejahtera,474
Prima Tenaga Indah Surya Pharm Sehat,Jl. Durian Cermat Daerah 25 Kota/Kabupaten ACEH TENGAH Provinsi ACEH,POINT(96.82405121368215 4.589125092899721),Steve White Anderson,9116610/2410750/830570,280705410177,prima-tenaga-indah-surya-pharm-sehat,198
Makmur Resep Medical Prima Pharma Apotek,Jl. Gajah Sejahtera Wilayah 44 Kota/Kabupaten KEPULAUAN ARU Provinsi MALUKU,POINT(134.38665191511302 -5.722815921153384),Alex Brown Garcia,2410711/728138/728311,84710610801132,makmur-resep-medical-prima-pharma-apotek,140
Bintang Makmur Murni Kimia Farma Medika,Jl. Sawah Kecil Daerah 27 Kota/Kabupaten YAHUKIMO Provinsi PAPUA,POINT(139.90913802412803 -3.648252730419068),Allison Adams Moore,9511065/100520/261763,278702103000,bintang-makmur-murni-kimia-farma-medika,342
Amanah Resep Obat Indah Bersama Apotik,Jl. Kucing Cerah Komplek 74 Kota/Kabupaten NUNUKAN Provinsi KALIMANTAN UTARA,POINT(116.6085912070361 3.7490722945624704),John Anderson Davis,791907/1061462/1063693,1004087192125,amanah-resep-obat-indah-bersama-apotik,670
Sentorsa Prima Makmur Indah Sehat Pharma,Jl. Gajah Indah Cluster 3 Kota/Kabupaten PESISIR SELATAN Provinsi SUMATERA BARAT,POINT(100.83371787840316 -1.7205444863716384),Mark Johnson Martinez,81100810/597032/494313,10891101211580,sentorsa-prima-makmur-indah-sehat-pharma,686
Cemerlang Mutiara Murni Apotik Apotik Bersama,Jl. Anjing Cerdas Komplek 17 Kota/Kabupaten INDRAGIRI HILIR Provinsi RIAU,POINT(103.1423494683796 -0.2697421781953739),Steve Johnson Jones,811590/442122/988693,93180011010807,cemerlang-mutiara-murni-apotik-apotik-bersama,442
Bahagia Tubuh Berkah Mawar Jaya Pharma,Jl. Gedung Indah Wilayah 97 Kota/Kabupaten YALIMO Provinsi PAPUA,POINT(139.07410224013302 -3.944799108906001),Tom Carter Anderson,131546/185682/826352,1090194820432,bahagia-tubuh-berkah-mawar-jaya-pharma,862
Toko Harmoni Lestari Prima Sejahtera Farma,Jl. Gunung Cepat Cluster 76 Kota/Kabupaten KOTAWARINGIN TIMUR Provinsi KALIMANTAN TENGAH,POINT(113.0510927053603 -2.8277850242359666),Sarah Thomas Williams,6101236/21086104/866325,593405140836,toko-harmoni-lestari-prima-sejahtera-farma,23
Jaya Jaya Berkah Sejahtera Pharm Sejahtera,Jl. Gedung Pintar Wilayah 50 Kota/Kabupaten NUNUKAN Provinsi KALIMANTAN UTARA,POINT(117.10998302272324 3.863922650272622),Michael Jackson Moore,1525109/6102916/61034910,1361030910718,jaya-jaya-berkah-sejahtera-pharm-sejahtera,324
Bahagia Cemerlang Prima Surya Farma Apotek,Jl. Apel Kecil Wilayah 53 Kota/Kabupaten TAPANULI TENGAH Provinsi SUMATERA UTARA,POINT(98.29273016325064 2.0482996202422523),Tom Brown Martinez,5100614/979824/1033373,811498960692,bahagia-cemerlang-prima-surya-farma-apotek,70
Medic Indah Terang Bahagia Apotek Bersama,Jl. Pisang Cepat Komplek 30 Kota/Kabupaten HALMAHERA TENGAH Provinsi MALUKU UTARA,POINT(129.48661621651152 -0.1321737959831121),Michael Thomas Smith,181867/415027/301618,1010897386477,medic-indah-terang-bahagia-apotek-bersama,238
Prima Obat Resep Farmasi Apotek Jaya,Jl. Balai Kecil Cluster 18 Kota/Kabupaten KUTAI BARAT Provinsi KALIMANTAN TIMUR,POINT(116.47560922210786 -0.897726215156279),Rachel White Martin,641739/2100890/437378,1008791111646,prima-obat-resep-farmasi-apotek-jaya,12
Harmoni Obat Medical Bintang Farma Sejahtera,Jl. Sirih Jenius Komplek 41 Kota/Kabupaten CIAMIS Provinsi JAWA BARAT,POINT(108.53079457865066 -7.485450652845415),Alex White Robinson,7101172/6201031/8683910,921991801278,harmoni-obat-medical-bintang-farma-sejahtera,696
Sehat Terang Jaya Bintang Apotek Pharm,Jl. Kucing Kecil Wilayah 6 Kota/Kabupaten MOROWALI Provinsi SULAWESI TENGAH,POINT(121.92996776505686 -2.5379094367855046),John Roberts Martin,2182110/191822/1050453,1588083106087,sehat-terang-jaya-bintang-apotek-pharm,322
Nusantara Bahagia Mawar Surya Apotek Sehat,Jl. Duku Indah Cluster 44 Kota/Kabupaten KUTAI TIMUR Provinsi KALIMANTAN TIMUR,POINT(117.04970229602176 0.530962445394298),Allison Thomas Martinez,310640/597823/3922110,999513885890,nusantara-bahagia-mawar-surya-apotek-sehat,220
Prima Bumi Kimia Toko Apotik Medika,Jl. Balai Sejahtera Cluster 48 Kota/Kabupaten MURUNG RAYA Provinsi KALIMANTAN TENGAH,POINT(114.68604349492342 0.2393771325376334),Lauren Adams Garcia,319510/2620810/334763,6101949761380,prima-bumi-kimia-toko-apotik-medika,414
Jaya Prima Prima Surya Apotik Apotek,Jl. Gedung Kecil Cluster 67 Kota/Kabupaten BERAU Provinsi KALIMANTAN TIMUR,POINT(117.51234948186936 2.2324133166380697),John Harris Anderson,511954/1044222/493732,5010995860513,jaya-prima-prima-surya-apotik-apotek,192
Harmoni Bakti Bintang Toko Apotek Apotik,Jl. Durian Sari Daerah 96 Kota/Kabupaten LABUHANBATU Provinsi SUMATERA UTARA,POINT(100.27171476936464 2.4537073038423145),John White Thomas,5264110/1103922/538427,6021197358110,harmoni-bakti-bintang-toko-apotek-apotik,501
Jaya Surya Resep Amanah Bersama Pharma,Jl. Gunung Jenius Wilayah 94 Kota/Kabupaten SINTANG Provinsi KALIMANTAN BARAT,POINT(111.3636767566696 -0.0494816489483422),Emily White Moore,412307/1046712/4110431,713590149098,jaya-surya-resep-amanah-bersama-pharma,553
Tenaga Berkah Prima Cemerlang Medik Pharma,Jl. Durian Cerdas Cluster 95 Kota/Kabupaten MANDAILING NATAL Provinsi SUMATERA UTARA,POINT(99.20404722821222 0.7023846337805555),Matt Parker Moore,1016030/200661/233184,621211400682,tenaga-berkah-prima-cemerlang-medik-pharma,338
Bakti Mawar Cemerlang Obat Medik Jaya,Jl. Gajah Besar Komplek 4 Kota/Kabupaten TELUK BINTUNI Provinsi PAPUA BARAT,POINT(132.50064666862818 -2.068379463843294),David Smith White,112391/4102403/5103298,2702410841049,bakti-mawar-cemerlang-obat-medik-jaya,51
Bumi Nusantara Farmasi Apotik Medik Medika,Jl. Apel Pendek Blok 76 Kota/Kabupaten PANGKAJENE DAN KEPULAUAN Provinsi SULAWESI SELATAN,POINT(119.59079049181776 -4.664842993970318),Chris Martinez Jones,411444/4106422/233604,78478102108100,bumi-nusantara-farmasi-apotik-medik-medika,560
Bumi Nusantara Surya Mutiara Apotik Farma,Jl. Kota Besar Daerah 94 Kota/Kabupaten PANDEGLANG Provinsi BANTEN,POINT(105.72105668897927 -6.780033441835796),Matt Harris Thompson,149635/457265/101061093,8818091020780,bumi-nusantara-surya-mutiara-apotik-farma,67
Toko Indah Tenaga Obat Pharma Sejahtera,Jl. Apel Tinggi Komplek 50 Kota/Kabupaten TULANG BAWANG BARAT Provinsi LAMPUNG,POINT(105.09287505035704 -4.486418876477202),Jessica Lewis Harris,720187/400427/833095,2408180493109,toko-indah-tenaga-obat-pharma-sejahtera,112
Prima Bahagia Mawar Cemerlang Jaya Sejahtera,Jl. Sawah Cepat Komplek 25 Kota/Kabupaten LAMANDAU Provinsi KALIMANTAN TENGAH,POINT(111.50774579393892 -1.589422349872331),Michael Lewis Williams,821445/820979/350376,891530166711,prima-bahagia-mawar-cemerlang-jaya-sejahtera,249
Harmoni Bakti Resep Amanah Apotik Farma,Jl. Kota Kecil Cluster 89 Kota/Kabupaten KLATEN Provinsi JAWA TENGAH,POINT(110.50573473364086 -7.648400800109487),Katie Carter Thomas,3510661/223572/9913109,656715838509,harmoni-bakti-resep-amanah-apotik-farma,132
Bumi Medical Resep Toko Farma Sejahtera,Jl. Gedung Cermat Komplek 21 Kota/Kabupaten ASMAT Provinsi PAPUA,POINT(139.3510319560751 -4.953802335545084),Ashley Roberts Thomas,1021879/2840710/325319,30081110131011,bumi-medical-resep-toko-farma-sejahtera,351
Jaya Tenaga Sentorsa Jaya Bersama Sejahtera,Jl. Kuda Pendek Blok 1 Kota/Kabupaten MELAWI Provinsi KALIMANTAN BARAT,POINT(111.53771833425284 -1.1285442774862666),Mark Martinez Thompson,3010410/552804/821838,1140381031750,jaya-tenaga-sentorsa-jaya-bersama-sejahtera,155
Tubuh Medical Bintang Kimia Pharma Bersama,Jl. Ikan Cepat Cluster 36 Kota/Kabupaten SANGGAU Provinsi KALIMANTAN BARAT,POINT(110.03828265881025 -0.3341578828877942),Ashley Lewis Williams,365617/4102906/8353101,1048982767901,tubuh-medical-bintang-kimia-pharma-bersama,250
Toko Terang Farmasi Kimia Jaya Apotek,Jl. Sawah Sari Daerah 68 Kota/Kabupaten MAGELANG Provinsi JAWA TENGAH,POINT(110.17782743794064 -7.6306790052587345),Michael White Miller,60011010/720914/133353,901668878343,toko-terang-farmasi-kimia-jaya-apotek,334
Harmoni Prima Badan Sehat Medika Sejahtera,Jl. Gajah Sari Komplek 2 Kota/Kabupaten TELUK BINTUNI Provinsi PAPUA BARAT,POINT(133.81691196646852 -2.617013716614826),Rachel Brown Thompson,806911/482335/174023,221504753118,harmoni-prima-badan-sehat-medika-sejahtera,779
Mutiara Murni Jaya Surya Sejahtera Sehat,Jl. Gajah Tinggi Komplek 65 Kota/Kabupaten KUTAI TIMUR Provinsi KALIMANTAN TIMUR,POINT(117.25033782861723 0.5560983789398914),Tom Lewis Moore,3701021/121521/5773105,1610652816061,mutiara-murni-jaya-surya-sejahtera-sehat,43
Mutiara Murni Kimia Resep Sejahtera Apotek,Jl. Durian Tinggi Komplek 28 Kota/Kabupaten BOVEN DIGOEL Provinsi PAPUA,POINT(140.21455717183517 -6.892256918464118),Ashley Johnson Miller,381429/832893/761324,1732421040389,mutiara-murni-kimia-resep-sejahtera-apotek,495
Bahagia Mawar Badan Harmoni Sejahtera Jaya,Jl. Kebun Pendek Cluster 9 Kota/Kabupaten ACEH TENGGARA Provinsi ACEH,POINT(97.79600344657786 3.495542271981666),Sarah Hill Brown,541283/729948/3310849,81790610108951,bahagia-mawar-badan-harmoni-sejahtera-jaya,7
Nusantara Tenaga Lestari Terang Sehat Sejahtera,Jl. Durian Jenius Daerah 71 Kota/Kabupaten PEGUNUNGAN BINTANG Provinsi PAPUA,POINT(140.5801760483485 -4.005335521248312),Jessica Roberts Davis,1201074/612034/325345,32010868109310,nusantara-tenaga-lestari-terang-sehat-sejahtera,36
Surya Jaya Bakti Murni Medik Bersama,Jl. Kucing Sejahtera Komplek 88 Kota/Kabupaten ASMAT Provinsi PAPUA,POINT(138.33659367068418 -4.776351680715803),Emily Nelson Garcia,9165210/1021112/950397,10801800610095,surya-jaya-bakti-murni-medik-bersama,994
Apotik Jaya Jaya Harmoni Farma Jaya,Jl. Mangga Cepat Wilayah 41 Kota/Kabupaten KOTAWARINGIN TIMUR Provinsi KALIMANTAN TENGAH,POINT(112.55060429611676 -2.6356518235742694),Chris Jackson Thomas,353312/3282101/7810583,4101411970828,apotik-jaya-jaya-harmoni-farma-jaya,53
Resep Tubuh Amanah Cemerlang Sehat Jaya,Jl. Rambutan Sari Blok 90 Kota/Kabupaten SANGGAU Provinsi KALIMANTAN BARAT,POINT(109.95930599009206 -0.1236092920660532),Matt Carter Harris,133101/244342/333005,8104160770582,resep-tubuh-amanah-cemerlang-sehat-jaya,340
Amanah Mawar Jaya Surya Farma Pharma,Jl. Tembok Cepat Wilayah 62 Kota/Kabupaten SIGI Provinsi SULAWESI TENGAH,POINT(120.21467378472316 -1.167691105078115),Katie Roberts Johnson,1013991/127902/114433,2100101618061,amanah-mawar-jaya-surya-farma-pharma,207
Jaya Makmur Indah Sejahtera Medik Bersama,Jl. Kuda Jenius Blok 3 Kota/Kabupaten SOLOK SELATAN Provinsi SUMATERA BARAT,POINT(101.29849921189388 -1.5543393484495596),Mark Smith Brown,191092/261175/967399,3309844781061,jaya-makmur-indah-sejahtera-medik-bersama,580
Bumi Makmur Bakti Jaya Farma Sejahtera,Jl. Kuda Kecil Blok 84 Kota/Kabupaten TAPANULI SELATAN Provinsi SUMATERA UTARA,POINT(98.93925740977716 1.380304510092012),Brittany Johnson Moore,116503/224766/122346,292962551078,bumi-makmur-bakti-jaya-farma-sejahtera,643
Makmur Surya Tenaga Sehat Pharma Jaya,Jl. Balai Sejahtera Komplek 56 Kota/Kabupaten SAMPANG Provinsi JAWA TIMUR,POINT(113.75865281635087 -7.10690523728411),Alex Martinez Taylor,4193102/861623/923893,6430291508210,makmur-surya-tenaga-sehat-pharma-jaya,357
Resep Obat Jaya Nusantara Medik Pharm,Jl. Mangga Jenius Wilayah 57 Kota/Kabupaten PARIGI MOUTONG Provinsi SULAWESI TENGAH,POINT(120.53099557601708 0.5349837834013123),Chris Adams Smith,108900/422974/925301,321049485550,resep-obat-jaya-nusantara-medik-pharm,74
Farmasi Prima Tenaga Obat Sejahtera Medika,Jl. Apel Sejahtera Cluster 68 Kota/Kabupaten KOTAWARINGIN TIMUR Provinsi KALIMANTAN TENGAH,POINT(112.8308927459823 -1.6537574639077075),Jessica Williams Brown,219458/665628/3556210,6720296818105,farmasi-prima-tenaga-obat-sejahtera-medika,588
Sejahtera Terang Mutiara Medical Medika Sehat,Jl. Sawah Tinggi Cluster 7 Kota/Kabupaten KOTAWARINGIN BARAT Provinsi KALIMANTAN TENGAH,POINT(111.35388627919323 -2.556268541301208),Sarah Williams Anderson,6110015/2410117/1080732,978819110336,sejahtera-terang-mutiara-medical-medika-sehat,107
Jaya Amanah Sehat Obat Sehat Medika,Jl. Kucing Indah Wilayah 82 Kota/Kabupaten KAMPAR Provinsi RIAU,POINT(100.8398809722787 -0.191143817967248),Megan Taylor Smith,7110630/382276/31010117,944170421308,jaya-amanah-sehat-obat-sehat-medika,562
Kimia Sentorsa Tenaga Medic Pharma Sejahtera,Jl. Pisang Indah Daerah 94 Kota/Kabupaten SERUYAN Provinsi KALIMANTAN TENGAH,POINT(112.03822218330257 -3.1421425542212944),Sarah Lewis Williams,960155/2710158/352973,8010910318797,kimia-sentorsa-tenaga-medic-pharma-sejahtera,261
Lestari Indah Nusantara Kimia Bersama Medik,Jl. Kuda Besar Cluster 61 Kota/Kabupaten SERAM BAGIAN TIMUR Provinsi MALUKU,POINT(130.6647802690687 -3.4340930882686296),Alex Martinez Anderson,836416/177232/140308,9108506770841,lestari-indah-nusantara-kimia-bersama-medik,932
Cemerlang Bakti Sehat Jaya Pharma Jaya,Jl. Durian Pintar Daerah 34 Kota/Kabupaten ASMAT Provinsi PAPUA,POINT(138.64195119900802 -6.468353290666387),David Williams Johnson,5710519/270372/8510213,8107904120702,cemerlang-bakti-sehat-jaya-pharma-jaya,890
Cemerlang Sentorsa Surya Jaya Medika Sejahtera,Jl. Ikan Kecil Cluster 81 Kota/Kabupaten MAPPI Provinsi PAPUA,POINT(139.22991727060597 -6.035293170746657),Emily Clark Robinson,815141/952887/3610970,82651010410213,cemerlang-sentorsa-surya-jaya-medika-sejahtera,793
Sejahtera Makmur Berkah Jaya Sejahtera Medika,Jl. Kebun Tinggi Daerah 46 Kota/Kabupaten ACEH BARAT Provinsi ACEH,POINT(96.28002725732458 4.559363273077647),Michael Adams Johnson,1095317/12101065/544343,1411480281080,sejahtera-makmur-berkah-jaya-sejahtera-medika,672
Tenaga Kimia Sentorsa Terang Pharm Farma,Jl. Rambutan Pendek Komplek 54 Kota/Kabupaten LAHAT Provinsi SUMATERA SELATAN,POINT(103.39487389893677 -3.842656719474201),Alex White Jackson,840102/720474/586243,710038101010314,tenaga-kimia-sentorsa-terang-pharm-farma,479
Farmasi Tenaga Medic Bakti Apotek Sejahtera,Jl. Gajah Pintar Komplek 70 Kota/Kabupaten CILACAP Provinsi JAWA TENGAH,POINT(109.12333145465348 -7.586059831482345),Brittany Lewis Martinez,116521/221181/361407,11009810109109,farmasi-tenaga-medic-bakti-apotek-sejahtera,468
Farmasi Obat Mutiara Sentorsa Medik Farma,Jl. Sirih Besar Cluster 62 Kota/Kabupaten BANGKA TENGAH Provinsi KEPULAUAN BANGKA BELITUNG,POINT(106.10483887809634 -2.3723714054262715),Jessica Anderson Thompson,814314/217524/30010109,108126103026101,farmasi-obat-mutiara-sentorsa-medik-farma,228
Sehat Jaya Apotik Medic Sejahtera Apotek,Jl. Duku Sejahtera Daerah 37 Kota/Kabupaten SAMBAS Provinsi KALIMANTAN BARAT,POINT(109.64258711821256 1.7151981549705884),Emily Jones Davis,1314105/282260/431504,561888905683,sehat-jaya-apotik-medic-sejahtera-apotek,906
Cemerlang Harmoni Resep Murni Sehat Farma,Jl. Anjing Jenius Wilayah 70 Kota/Kabupaten MUSI BANYUASIN Provinsi SUMATERA SELATAN,POINT(103.94988878997852 -1.8247095311605277),Jessica Nelson Jackson,1010988/462062/814636,858914269600,cemerlang-harmoni-resep-murni-sehat-farma,841
Sentorsa Toko Indah Bahagia Sehat Jaya,Jl. Jeruk Besar Komplek 62 Kota/Kabupaten SERAM BAGIAN TIMUR Provinsi MALUKU,POINT(130.54296323379342 -3.4150894320858303),Michael Roberts Jones,1024162/383612/6981310,698717438604,sentorsa-toko-indah-bahagia-sehat-jaya,794
Kimia Bakti Bintang Badan Medika Apotik,Jl. Kuda Sari Blok 68 Kota/Kabupaten NABIRE Provinsi PAPUA,POINT(135.28818675997786 -3.4565513616785672),Brittany Adams Miller,114510/820317/9100433,4158110949308,kimia-bakti-bintang-badan-medika-apotik,477
Cemerlang Amanah Indah Mutiara Medika Farma,Jl. Balai Cermat Wilayah 93 Kota/Kabupaten INTAN JAYA Provinsi PAPUA,POINT(136.77627071567045 -3.705746552917156),Emily Taylor Miller,710083/225765/963930,2198716510001,cemerlang-amanah-indah-mutiara-medika-farma,135
Murni Prima Lestari Tenaga Pharma Apotik,Jl. Durian Tinggi Wilayah 82 Kota/Kabupaten LABUHANBATU SELATAN Provinsi SUMATERA UTARA,POINT(100.10382293731256 1.7174571016270974),Alex Clark Jones,1020351/1410720/303847,8558416810098,murni-prima-lestari-tenaga-pharma-apotik,194
Medic Indah Bakti Lestari Jaya Medik,Jl. Sirih Sari Daerah 80 Kota/Kabupaten ACEH TENGAH Provinsi ACEH,POINT(96.55369031288886 4.8729031860774015),David Johnson Jones,183096/180902/431025,738986061433,medic-indah-bakti-lestari-jaya-medik,54
Medical Tubuh Badan Farmasi Jaya Sejahtera,Jl. Sirih Cerdas Blok 17 Kota/Kabupaten MALINAU Provinsi KALIMANTAN UTARA,POINT(115.35057247040888 2.7221652983455837),Emily Johnson Harris,10910931/696221/562369,66371081098010,medical-tubuh-badan-farmasi-jaya-sejahtera,88
Berkah Badan Cemerlang Obat Sejahtera Farma,Jl. Balai Jenius Cluster 27 Kota/Kabupaten SIAK Provinsi RIAU,POINT(102.33619178455012 0.7109162285238249),Allison Lewis Anderson,845146/701902/229963,100816010943810,berkah-badan-cemerlang-obat-sejahtera-farma,69
Bumi Obat Badan Jaya Sejahtera Sejahtera,Jl. Kuda Pintar Wilayah 97 Kota/Kabupaten LAHAT Provinsi SUMATERA SELATAN,POINT(103.65319838415324 -3.582778587769175),Brittany Brown Martinez,9010610/800267/173218,8091992010824,bumi-obat-badan-jaya-sejahtera-sejahtera,675
Indah Bakti Mutiara Berkah Pharma Sehat,Jl. Mangga Cermat Cluster 22 Kota/Kabupaten NIAS Provinsi SUMATERA UTARA,POINT(97.90405247035656 0.9294206989008628),Emily Jackson Garcia,513661/21073710/9101003,238972618803,indah-bakti-mutiara-berkah-pharma-sehat,370
Obat Jaya Harmoni Medical Pharma Sejahtera,Jl. Gunung Besar Blok 36 Kota/Kabupaten BANYUASIN Provinsi SUMATERA SELATAN,POINT(104.408551655528 -2.839782740860418),Rachel Nelson Wilson,341018/1022854/681837,818560453871,obat-jaya-harmoni-medical-pharma-sejahtera,153
Sejahtera Terang Resep Mawar Sejahtera Medika,Jl. Gedung Pendek Komplek 42 Kota/Kabupaten GUNUNG MAS Provinsi KALIMANTAN TENGAH,POINT(113.85132740209596 -1.1928787359563202),Alex Anderson Smith,591041/412275/9041003,8109005484110,sejahtera-terang-resep-mawar-sejahtera-medika,799
Bumi Jaya Indah Kimia Sejahtera Pharma,Jl. Gunung Cermat Blok 32 Kota/Kabupaten KAPUAS HULU Provinsi KALIMANTAN BARAT,POINT(111.9311801579354 0.61682368855646),Michael Harris Taylor,61031010/927503/293868,1988421101920,bumi-jaya-indah-kimia-sejahtera-pharma,85
Sentorsa Jaya Obat Kimia Medika Medik,Jl. Tembok Indah Daerah 73 Kota/Kabupaten PEKALONGAN Provinsi JAWA TENGAH,POINT(109.50170968808052 -7.073259456399471),Megan Jones Jackson,1321101/524741/4010803,807787401470,sentorsa-jaya-obat-kimia-medika-medik,458
Obat Mawar Prima Surya Sejahtera Medika,Jl. Gajah Cerah Komplek 82 Kota/Kabupaten BELITUNG TIMUR Provinsi KEPULAUAN BANGKA BELITUNG,POINT(108.10476937215805 -2.662854877852693),Sarah Smith Taylor,168058/511525/220283,110880308738,obat-mawar-prima-surya-sejahtera-medika,442
Medic Prima Harmoni Tubuh Sehat Bersama,Jl. Balai Cerah Blok 29 Kota/Kabupaten GAYO LUES Provinsi ACEH,POINT(97.38253218875536 3.964853965239442),Tom Clark Anderson,921569/21010127/4109305,271486011520,medic-prima-harmoni-tubuh-sehat-bersama,230
Amanah Cemerlang Sejahtera Sentorsa Jaya Sejahtera,Jl. Kota Jenius Komplek 46 Kota/Kabupaten KOTABARU Provinsi KALIMANTAN SELATAN,POINT(116.1284037896464 -3.493048038844992),Jason Parker Smith,6109510/915122/7391004,471471287260,amanah-cemerlang-sejahtera-sentorsa-jaya-sejahtera,371
Toko Prima Prima Bumi Medik Sejahtera,Jl. Gunung Cerah Cluster 48 Kota/Kabupaten SIAK Provinsi RIAU,POINT(102.166277729753 1.1148705059431627),John Jackson Miller,1073419/230086/359012,8105101846850,toko-prima-prima-bumi-medik-sejahtera,180
Mutiara Medical Jaya Harmoni Sejahtera Apotik,Jl. Duku Indah Daerah 36 Kota/Kabupaten LUWU Provinsi SULAWESI SELATAN,POINT(120.24479030655756 -3.364144475851586),Katie Brown Taylor,251814/10126310/52381010,26708101016027,mutiara-medical-jaya-harmoni-sejahtera-apotik,46
Jaya Indah Amanah Prima Farma Sejahtera,Jl. Gedung Cerah Daerah 78 Kota/Kabupaten MERAUKE Provinsi PAPUA,POINT(140.9476252875136 -8.38652014398765),Tom Roberts Martin,5810117/2942106/1358103,600426488166,jaya-indah-amanah-prima-farma-sejahtera,460
Surya Makmur Murni Obat Sejahtera Sehat,Jl. Kebun Sejahtera Cluster 58 Kota/Kabupaten ASMAT Provinsi PAPUA,POINT(138.7946796663063 -5.591248310239908),Brittany Lewis Williams,111040/402424/6620103,282483371050,surya-makmur-murni-obat-sejahtera-sehat,792
Obat Mutiara Murni Bahagia Medika Medik,Jl. Gunung Jenius Daerah 55 Kota/Kabupaten KATINGAN Provinsi KALIMANTAN TENGAH,POINT(113.07935502582374 -1.7707808843360802),Alex Johnson Garcia,1054111/844542/993039,9728801680101,obat-mutiara-murni-bahagia-medika-medik,171
Sejahtera Tenaga Bintang Berkah Jaya Sehat,Jl. Kuda Sejahtera Daerah 37 Kota/Kabupaten PESISIR SELATAN Provinsi SUMATERA BARAT,POINT(101.04835452002496 -1.671806233298204),Katie Adams Thompson,659521/513328/362031,13106100850103,sejahtera-tenaga-bintang-berkah-jaya-sehat,34
Apotik Lestari Bintang Medic Sehat Sejahtera,Jl. Gajah Pendek Wilayah 49 Kota/Kabupaten BUTON SELATAN Provinsi SULAWESI TENGGARA,POINT(122.78840259165196 -5.687695378721372),Mark Nelson Robinson,758291/253231/912533,1261802182106,apotik-lestari-bintang-medic-sehat-sejahtera,216
Bumi Indah Surya Bintang Sejahtera Apotik,Jl. Gajah Tinggi Wilayah 66 Kota/Kabupaten LABUHANBATU UTARA Provinsi SUMATERA UTARA,POINT(99.89659186499442 2.5180765444990847),Steve White Miller,985102/462571/372290,211497103228,bumi-indah-surya-bintang-sejahtera-apotik,113
Sentorsa Mutiara Tenaga Harmoni Bersama Pharma,Jl. Durian Tinggi Daerah 7 Kota/Kabupaten CIAMIS Provinsi JAWA BARAT,POINT(108.23554133803368 -7.291947594380806),Jason Brown Miller,911980/687258/103101043,2841651040408,sentorsa-mutiara-tenaga-harmoni-bersama-pharma,334
Nusantara Murni Berkah Medical Apotek Bersama,Jl. Kuda Cepat Blok 61 Kota/Kabupaten ASMAT Provinsi PAPUA,POINT(138.65421195504578 -6.249314176714018),Matt Hill Moore,10556110/402852/263671,830317058200,nusantara-murni-berkah-medical-apotek-bersama,534
Medic Jaya Nusantara Lestari Pharma Apotik,Jl. Tembok Kecil Komplek 16 Kota/Kabupaten ROKAN HULU Provinsi RIAU,POINT(100.91724224968168 1.3127904771581456),Sarah Thomas Williams,116471/482994/21063107,9468010128681,medic-jaya-nusantara-lestari-pharma-apotik,148
Bintang Badan Amanah Sehat Pharma Sehat,Jl. Kota Sejahtera Komplek 14 Kota/Kabupaten PASURUAN Provinsi JAWA TIMUR,POINT(112.72735956611103 -7.764251507370547),Michael Smith Williams,851768/9772010/741463,7401024817105,bintang-badan-amanah-sehat-pharma-sehat,325
Kimia Tubuh Jaya Amanah Apotik Sejahtera,Jl. Duku Indah Wilayah 9 Kota/Kabupaten MINAHASA SELATAN Provinsi SULAWESI UTARA,POINT(124.70573828667172 1.2937002795167416),Lauren Clark Williams,910134/1008207/378699,8781104096383,kimia-tubuh-jaya-amanah-apotik-sejahtera,396
Bahagia Jaya Bintang Makmur Sejahtera Apotik,Jl. Tembok Cermat Daerah 11 Kota/Kabupaten GRESIK Provinsi JAWA TIMUR,POINT(112.93163756053866 -6.971963669895626),Matt White Smith,791390/298040/399036,339192110180,bahagia-jaya-bintang-makmur-sejahtera-apotik,722
Sentorsa Surya Tenaga Mutiara Apotik Sejahtera,Jl. Gunung Sejahtera Blok 1 Kota/Kabupaten TASIKMALAYA Provinsi JAWA BARAT,POINT(107.97024786115573 -7.41735276027778),Emily Brown Jones,452181/631298/651631,662701891218,sentorsa-surya-tenaga-mutiara-apotik-sejahtera,206
Indah Bakti Kimia Bahagia Bersama Apotik,Jl. Kota Indah Wilayah 77 Kota/Kabupaten DONGGALA Provinsi SULAWESI TENGAH,POINT(119.97460311306514 0.3078472005217687),Alex Hill Robinson,311794/928749/793078,102028146748,indah-bakti-kimia-bahagia-bersama-apotik,281
Sehat Cemerlang Jaya Bahagia Bersama Sejahtera,Jl. Kucing Kecil Wilayah 88 Kota/Kabupaten BENGKAYANG Provinsi KALIMANTAN BARAT,POINT(109.56756699968594 1.1616638050432029),Sarah Martinez Robinson,1091076/6392110/1093166,10104082545091,sehat-cemerlang-jaya-bahagia-bersama-sejahtera,380
Bakti Bahagia Prima Terang Sehat Pharm,Jl. Kebun Cepat Cluster 4 Kota/Kabupaten BOVEN DIGOEL Provinsi PAPUA,POINT(140.421691653316 -6.172181319099918),Michael Williams Taylor,821231/481215/965331,787391207819,bakti-bahagia-prima-terang-sehat-pharm,52
Resep Mutiara Cemerlang Surya Medik Pharma,Jl. Gajah Tinggi Wilayah 38 Kota/Kabupaten PATI Provinsi JAWA TENGAH,POINT(111.1885720826486 -6.675182914979391),Megan Nelson Taylor,4104112/10298910/10033510,5315960530108,resep-mutiara-cemerlang-surya-medik-pharma,81
Medic Prima Apotik Medical Apotek Pharma,Jl. Pisang Kecil Komplek 58 Kota/Kabupaten MOROWALI Provinsi SULAWESI TENGAH,POINT(121.84935686289111 -2.7670430217306325),Megan Johnson Taylor,10104018/8428105/2031013,8710109531788,medic-prima-apotik-medical-apotek-pharma,631
Sehat Apotik Bakti Mawar Apotik Apotek,Jl. Kebun Kecil Blok 1 Kota/Kabupaten MUKOMUKO Provinsi BENGKULU,POINT(101.218837819465 -2.464177626648372),Brittany Anderson Wilson,868911/245609/3681026,10621881018410,sehat-apotik-bakti-mawar-apotik-apotek,134
Lestari Nusantara Harmoni Sehat Medik Sejahtera,Jl. Duku Pendek Blok 6 Kota/Kabupaten LAMPUNG BARAT Provinsi LAMPUNG,POINT(104.44736539498297 -5.01507584499564),John Adams Harris,2030110/6910260/604113,583117050598,lestari-nusantara-harmoni-sehat-medik-sejahtera,755
Resep Sehat Bintang Bumi Apotik Pharma,Jl. Kebun Besar Blok 48 Kota/Kabupaten OGAN KOMERING ILIR Provinsi SUMATERA SELATAN,POINT(104.88657924608816 -3.465130949011196),Chris Lewis Wilson,41101810/243224/520039,104111364681,resep-sehat-bintang-bumi-apotik-pharma,133
Prima Jaya Jaya Lestari Pharma Apotik,Jl. Durian Cermat Daerah 10 Kota/Kabupaten MAPPI Provinsi PAPUA,POINT(139.3259347757992 -6.0853149766339945),Chris Martinez Moore,1102793/298823/3103199,960780698815,prima-jaya-jaya-lestari-pharma-apotik,57
Sentorsa Mawar Tenaga Bumi Pharma Farma,Jl. Apel Indah Komplek 22 Kota/Kabupaten WAROPEN Provinsi PAPUA,POINT(136.741173773099 -2.535442580185165),Rachel Smith Smith,552157/172431/535794,40204861101011,sentorsa-mawar-tenaga-bumi-pharma-farma,186
Apotik Cemerlang Mawar Berkah Bersama Sejahtera,Jl. Jeruk Cerah Wilayah 70 Kota/Kabupaten SINTANG Provinsi KALIMANTAN BARAT,POINT(111.25815155189296 0.0282102088281828),David Adams Anderson,180531/362292/3321043,2670110097908,apotik-cemerlang-mawar-berkah-bersama-sejahtera,54
Mutiara Harmoni Surya Sehat Jaya Apotik,Jl. Sawah Jenius Daerah 35 Kota/Kabupaten SIJUNJUNG Provinsi SUMATERA BARAT,POINT(101.11630131757384 -0.7675934029636267),John Roberts Moore,737681/421735/3404010,59809001101063,mutiara-harmoni-surya-sehat-jaya-apotik,348
Medical Terang Nusantara Badan Apotik Sejahtera,Jl. Ikan Cerdas Blok 67 Kota/Kabupaten MAPPI Provinsi PAPUA,POINT(138.8789822735246 -6.592604616322731),Michael Smith Thomas,5141009/485252/10356510,631119503857,medical-terang-nusantara-badan-apotik-sejahtera,817
Makmur Medical Obat Bahagia Sejahtera Bersama,Jl. Kucing Sari Cluster 78 Kota/Kabupaten MURUNG RAYA Provinsi KALIMANTAN TENGAH,POINT(114.64196519763628 -0.3120368244037479),Tom Taylor Thompson,1310145/3100020/32110310,601750832434,makmur-medical-obat-bahagia-sejahtera-bersama,526
Lestari Jaya Makmur Toko Sehat Pharm,Jl. Pisang Kecil Komplek 81 Kota/Kabupaten TELUK WONDAMA Provinsi PAPUA BARAT,POINT(133.98221879745 -2.213419766390661),Rachel Johnson Martinez,1162710/2203210/3106109,153410876836,lestari-jaya-makmur-toko-sehat-pharm,613
Jaya Murni Bumi Sejahtera Jaya Pharma,Jl. Gunung Cermat Cluster 91 Kota/Kabupaten TANA TORAJA Provinsi SULAWESI SELATAN,POINT(119.68268461758694 -3.112275937938114),Mark Roberts Thomas,6131055/1241093/437040,880331895411,jaya-murni-bumi-sejahtera-jaya-pharma,303
Amanah Badan Sentorsa Kimia Apotik Apotek,Jl. Durian Cermat Cluster 25 Kota/Kabupaten INDRAGIRI HILIR Provinsi RIAU,POINT(103.4044726376313 0.318735742184673),Katie White Martinez,191969/898237/492630,4605108621154,amanah-badan-sentorsa-kimia-apotik-apotek,367
Harmoni Bumi Mutiara Medic Sehat Pharma,Jl. Gajah Indah Blok 90 Kota/Kabupaten TULANG BAWANG Provinsi LAMPUNG,POINT(105.88033128763574 -4.476947545557126),Jason Clark Harris,351890/556524/172683,380783846146,harmoni-bumi-mutiara-medic-sehat-pharma,301
Obat Indah Nusantara Jaya Sejahtera Medika,Jl. Kebun Tinggi Blok 34 Kota/Kabupaten ASMAT Provinsi PAPUA,POINT(139.2885042948172 -5.0633403146603),Allison White Jackson,210813/1052150/1093156,1014658289590,obat-indah-nusantara-jaya-sejahtera-medika,435
Bintang Amanah Surya Apotik Medika Bersama,Jl. Tembok Cermat Wilayah 80 Kota/Kabupaten YAHUKIMO Provinsi PAPUA,POINT(139.39985601847226 -4.879592190861183),Jessica Brown Davis,6110066/9208910/3861049,1890288110864,bintang-amanah-surya-apotik-medika-bersama,11
Medic Harmoni Mutiara Badan Medik Pharma,Jl. Durian Sejahtera Daerah 21 Kota/Kabupaten LANDAK Provinsi KALIMANTAN BARAT,POINT(109.607676473004 0.6221585507007372),Tom Thomas Johnson,465151/231391/973327,5066218083310,medic-harmoni-mutiara-badan-medik-pharma,730
Harmoni Medical Prima Farmasi Farma Sehat,Jl. Mangga Cerah Cluster 50 Kota/Kabupaten DOGIYAI Provinsi PAPUA,POINT(136.04866544855992 -3.8814643381186418),John Williams Smith,102357/21016610/105993,971254418808,harmoni-medical-prima-farmasi-farma-sehat,799
Obat Cemerlang Bintang Sehat Apotik Sejahtera,Jl. Rambutan Pendek Blok 34 Kota/Kabupaten INDRAGIRI HILIR Provinsi RIAU,POINT(103.24259026178407 -0.3533274576700567),Emily Brown Martin,1105552/888952/190134,162929307586,obat-cemerlang-bintang-sehat-apotik-sejahtera,498
Murni Harmoni Sentorsa Lestari Bersama Apotek,Jl. Duku Cerah Daerah 60 Kota/Kabupaten LINGGA Provinsi KEPULAUAN RIAU,POINT(104.5078221322394 -0.221850002448491),Matt White Miller,127384/244058/732286,236095100781,murni-harmoni-sentorsa-lestari-bersama-apotek,968
Terang Harmoni Bakti Bumi Bersama Jaya,Jl. Kota Tinggi Cluster 88 Kota/Kabupaten HULU SUNGAI TENGAH Provinsi KALIMANTAN SELATAN,POINT(115.3954781512298 -2.61808938981744),Rachel Anderson Robinson,834710/12101030/5510493,370725150280,terang-harmoni-bakti-bumi-bersama-jaya,625
Apotik Medic Mawar Cemerlang Sejahtera Sehat,Jl. Gajah Indah Wilayah 89 Kota/Kabupaten ACEH TENGAH Provinsi ACEH,POINT(96.8335697122264 4.5350494695248),Brittany Clark Miller,4917110/2410921/972413,714210855765,apotik-medic-mawar-cemerlang-sejahtera-sehat,180
Sehat Resep Apotik Cemerlang Bersama Sehat,Jl. Gedung Cepat Wilayah 93 Kota/Kabupaten MALINAU Provinsi KALIMANTAN UTARA,POINT(116.03942304189822 3.746018263772783),Megan Roberts Thomas,13108103/625879/868317,4684322107016,sehat-resep-apotik-cemerlang-bersama-sehat,981
Terang Nusantara Resep Medic Sejahtera Pharm,Jl. Anjing Cerah Wilayah 76 Kota/Kabupaten ASMAT Provinsi PAPUA,POINT(138.3460830489579 -5.120717944244445),David Carter Martin,701833/488228/577703,1018105817709,terang-nusantara-resep-medic-sejahtera-pharm,511
Tubuh Surya Mawar Apotik Pharma Apotek,Jl. Gunung Cepat Wilayah 47 Kota/Kabupaten TOLIKARA Provinsi PAPUA,POINT(138.56230677597782 -3.44754094614515),Sarah Adams Davis,701025/5210212/951303,5216700821079,tubuh-surya-mawar-apotik-pharma-apotek,529
Makmur Prima Medic Badan Sejahtera Pharm,Jl. Ikan Cepat Daerah 66 Kota/Kabupaten KATINGAN Provinsi KALIMANTAN TENGAH,POINT(113.26343717733434 -1.6549133109448082),Lauren Hill Miller,147843/3527610/7883107,6291851003447,makmur-prima-medic-badan-sejahtera-pharm,281
Mawar Murni Prima Tubuh Apotek Pharma,Jl. Duku Pintar Daerah 39 Kota/Kabupaten PASER Provinsi KALIMANTAN TIMUR,POINT(116.47598896978408 -2.3376011699489965),Jessica Adams Jones,301526/471220/534300,142003748865,mawar-murni-prima-tubuh-apotek-pharma,190
Sentorsa Medic Cemerlang Prima Sejahtera Jaya,Jl. Kuda Jenius Blok 13 Kota/Kabupaten SELUMA Provinsi BENGKULU,POINT(102.71796958904773 -4.20374057696346),Steve Harris White,118209/289970/740436,8124519081094,sentorsa-medic-cemerlang-prima-sejahtera-jaya,465
Tubuh Prima Tenaga Resep Sehat Bersama,Jl. Sawah Cerdas Blok 8 Kota/Kabupaten ASMAT Provinsi PAPUA,POINT(138.93229218704167 -5.310991323940483),David Taylor Miller,2810410/564205/355352,1088110104016,tubuh-prima-tenaga-resep-sehat-bersama,583
Medical Harmoni Berkah Amanah Medik Sehat,Jl. Anjing Tinggi Blok 77 Kota/Kabupaten KEPULAUAN ARU Provinsi MALUKU,POINT(134.23367062713103 -6.752430118705933),Tom Hill Martinez,121306/879252/313049,8185145108007,medical-harmoni-berkah-amanah-medik-sehat,267
Obat Berkah Harmoni Jaya Sejahtera Apotik,Jl. Anjing Pendek Cluster 81 Kota/Kabupaten PASER Provinsi KALIMANTAN TIMUR,POINT(116.24836177006932 -1.2175616092098078),Tom Adams Miller,1078910/672269/193796,575384708126,obat-berkah-harmoni-jaya-sejahtera-apotik,504
Mawar Murni Sejahtera Farmasi Pharma Jaya,Jl. Kuda Besar Blok 38 Kota/Kabupaten KOTABARU Provinsi KALIMANTAN SELATAN,POINT(116.07141967064454 -3.1366305970912425),Katie Parker Davis,691945/313922/135545,250250948571,mawar-murni-sejahtera-farmasi-pharma-jaya,290
Mawar Bintang Resep Tubuh Medik Pharm,Jl. Kebun Sari Cluster 77 Kota/Kabupaten PAHUWATO Provinsi GORONTALO,POINT(121.58234335774924 0.6214638935796106),David Carter Jones,327716/125827/133133,7088065111104,mawar-bintang-resep-tubuh-medik-pharm,438
Harmoni Badan Medic Toko Sejahtera Sejahtera,Jl. Rambutan Kecil Daerah 19 Kota/Kabupaten TORAJA UTARA Provinsi SULAWESI SELATAN,POINT(119.71119961681453 -2.8585455979959637),Sarah Harris Thompson,4210941/279811/501613,10006011033883,harmoni-badan-medic-toko-sejahtera-sejahtera,551
Sentorsa Surya Berkah Toko Pharma Jaya,Jl. Balai Sari Cluster 18 Kota/Kabupaten KEPULAUAN TALAUD Provinsi SULAWESI UTARA,POINT(126.77196406911872 4.033643997162487),Jason Johnson Thomas,913983/440512/619939,1086101664886,sentorsa-surya-berkah-toko-pharma-jaya,36
Berkah Bakti Medic Resep Pharma Medika,Jl. Sirih Cermat Cluster 43 Kota/Kabupaten BERAU Provinsi KALIMANTAN TIMUR,POINT(117.49753224445551 1.6850892765087693),Sarah Johnson Brown,405122/532590/1056333,7870412101637,berkah-bakti-medic-resep-pharma-medika,793
Toko Mawar Prima Jaya Sejahtera Apotik,Jl. Durian Cerah Daerah 65 Kota/Kabupaten MAJALENGKA Provinsi JAWA BARAT,POINT(108.096776882591 -6.64616649148629),Matt Lewis Martin,201158/428521/3432107,905110317680,toko-mawar-prima-jaya-sejahtera-apotik,902
Obat Harmoni Toko Bahagia Apotik Medik,Jl. Gedung Cepat Komplek 34 Kota/Kabupaten OGAN KOMERING ILIR Provinsi SUMATERA SELATAN,POINT(105.61978022958456 -3.0657231239736085),Michael Martinez Garcia,117846/470524/5391054,856066438143,obat-harmoni-toko-bahagia-apotik-medik,135
Bumi Terang Prima Bahagia Jaya Medika,Jl. Pisang Indah Blok 27 Kota/Kabupaten MUARO JAMBI Provinsi JAMBI,POINT(103.90832667652504 -1.6675999607733765),Lauren White Jackson,1106653/1060672/10637106,19891013683100,bumi-terang-prima-bahagia-jaya-medika,342
Bumi Mutiara Harmoni Lestari Jaya Pharma,Jl. Balai Cermat Cluster 60 Kota/Kabupaten KOTA SUBULUSSALAM Provinsi ACEH,POINT(97.98218630184238 2.670337947434259),Alex Clark Garcia,919360/406234/10103840,90103810143480,bumi-mutiara-harmoni-lestari-jaya-pharma,410
Bahagia Sehat Surya Farmasi Apotik Farma,Jl. Jeruk Tinggi Blok 86 Kota/Kabupaten KETAPANG Provinsi KALIMANTAN BARAT,POINT(110.30427692563303 -2.490614571564804),Allison Harris Moore,8610417/373257/838432,370148348891,bahagia-sehat-surya-farmasi-apotik-farma,154
Tenaga Sejahtera Bakti Harmoni Pharma Pharm,Jl. Kota Cepat Blok 74 Kota/Kabupaten MALINAU Provinsi KALIMANTAN UTARA,POINT(116.33614378250604 4.044431882156358),Ashley Williams Thompson,1011899/624280/813498,353814012342,tenaga-sejahtera-bakti-harmoni-pharma-pharm,166
Amanah Nusantara Prima Indah Jaya Medik,Jl. Gedung Cepat Blok 21 Kota/Kabupaten ROKAN HILIR Provinsi RIAU,POINT(100.64782677080396 1.3362367495545282),Rachel Lewis Wilson,675501/12104102/831777,945140207180,amanah-nusantara-prima-indah-jaya-medik,402
Mawar Harmoni Mutiara Makmur Pharm Sehat,Jl. Gajah Besar Daerah 82 Kota/Kabupaten BULUKUMBA Provinsi SULAWESI SELATAN,POINT(120.1570372902858 -5.52756805499198),Brittany Brown Martin,107580/2908810/8210438,1850431010862,mawar-harmoni-mutiara-makmur-pharm-sehat,86
Surya Indah Cemerlang Farmasi Jaya Bersama,Jl. Kebun Sejahtera Komplek 36 Kota/Kabupaten CIANJUR Provinsi JAWA BARAT,POINT(107.138726659506 -7.415268558774354),Ashley Roberts Taylor,661831/644062/730384,5102551410882,surya-indah-cemerlang-farmasi-jaya-bersama,737
Lestari Sehat Amanah Jaya Sehat Pharm,Jl. Kuda Indah Daerah 74 Kota/Kabupaten PENUKAL ABAB LEMATANG ILIR Provinsi SUMATERA SELATAN,POINT(103.85843670063328 -3.1236268011409924),Jessica Brown Martin,1005601/1028117/555342,5907098961100,lestari-sehat-amanah-jaya-sehat-pharm,960
Toko Jaya Obat Kimia Medik Bersama,Jl. Gunung Sejahtera Blok 94 Kota/Kabupaten KAPUAS HULU Provinsi KALIMANTAN BARAT,POINT(113.0535540411507 0.9467554435249284),Allison Johnson Smith,4210219/728726/839235,10808705315100,toko-jaya-obat-kimia-medik-bersama,766
Mutiara Jaya Resep Bintang Pharma Medik,Jl. Rambutan Sejahtera Wilayah 20 Kota/Kabupaten LUWU UTARA Provinsi SULAWESI SELATAN,POINT(120.3474025015542 -2.1902944992123903),Tom Nelson Miller,282801/816258/2702103,9810539417055,mutiara-jaya-resep-bintang-pharma-medik,456
Surya Indah Terang Resep Medik Apotik,Jl. Tembok Cermat Komplek 37 Kota/Kabupaten GOWA Provinsi SULAWESI SELATAN,POINT(119.73492043282955 -5.237083398713271),Lauren Taylor Robinson,940011/203748/309601,892583904157,surya-indah-terang-resep-medik-apotik,802
Bintang Farmasi Murni Indah Apotik Sejahtera,Jl. Kebun Pendek Wilayah 3 Kota/Kabupaten KONAWE Provinsi SULAWESI TENGGARA,POINT(122.20669069106388 -4.009703451752156),Jessica Hill Brown,401240/6942105/353796,980813463807,bintang-farmasi-murni-indah-apotik-sejahtera,629
Jaya Bumi Bahagia Tubuh Bersama Pharma,Jl. Kucing Kecil Wilayah 8 Kota/Kabupaten KUTAI TIMUR Provinsi KALIMANTAN TIMUR,POINT(116.17344863646018 1.0068903553930575),Matt Martinez Jackson,5221110/2047010/3561033,7101109836800,jaya-bumi-bahagia-tubuh-bersama-pharma,456
Cemerlang Bakti Bintang Sejahtera Apotik Bersama,Jl. Sirih Cerdas Daerah 51 Kota/Kabupaten ACEH TAMIANG Provinsi ACEH,POINT(97.98135984105072 4.38192273751574),Mark White Garcia,410349/127746/2003109,12010810834031,cemerlang-bakti-bintang-sejahtera-apotik-bersama,329
Tenaga Mawar Bintang Cemerlang Pharm Bersama,Jl. Ikan Cermat Wilayah 67 Kota/Kabupaten TAMBRAUW Provinsi PAPUA BARAT,POINT(132.46417350547807 -0.5820760705328318),John Williams Brown,105697/2895109/307733,1010411108378,tenaga-mawar-bintang-cemerlang-pharm-bersama,343
Berkah Mutiara Sehat Bahagia Sejahtera Pharm,Jl. Jeruk Kecil Wilayah 88 Kota/Kabupaten TEMANGGUNG Provinsi JAWA TENGAH,POINT(110.0231662614716 -7.242704790246241),John Lewis Brown,612788/471202/143374,589500780471,berkah-mutiara-sehat-bahagia-sejahtera-pharm,584
Murni Surya Apotik Badan Apotik Pharma,Jl. Kuda Indah Komplek 38 Kota/Kabupaten BULUNGAN Provinsi KALIMANTAN UTARA,POINT(117.1675657550434 3.121945600914586),Steve White Garcia,105103101/920247/6091103,1087148747710,murni-surya-apotik-badan-apotik-pharma,458
Jaya Terang Prima Harmoni Medika Pharm,Jl. Tembok Pendek Daerah 63 Kota/Kabupaten SIDENRENG RAPPANG Provinsi SULAWESI SELATAN,POINT(120.0162356491402 -3.701794366613849),Jessica Roberts Anderson,157601/5061025/3103393,7813191085540,jaya-terang-prima-harmoni-medika-pharm,949
Badan Harmoni Nusantara Prima Medik Pharma,Jl. Apel Indah Cluster 57 Kota/Kabupaten SUMBAWA Provinsi NUSA TENGGARA BARAT,POINT(117.28331369104798 -8.62256301957672),Allison Thomas Garcia,523411/9410822/213053,1946051109178,badan-harmoni-nusantara-prima-medik-pharma,206
Mawar Toko Apotik Jaya Apotek Jaya,Jl. Kucing Jenius Cluster 87 Kota/Kabupaten SORONG SELATAN Provinsi PAPUA BARAT,POINT(132.34761909944731 -1.6780550384114663),Megan Carter Harris,7108615/273533/1933102,656490988515,mawar-toko-apotik-jaya-apotek-jaya,115
Medic Bumi Resep Jaya Apotek Pharma,Jl. Ikan Cermat Blok 65 Kota/Kabupaten KEPULAUAN YAPEN Provinsi PAPUA,POINT(136.58309312707223 -1.7346947028389863),John Smith Anderson,4652101/312920/2131097,809485793841,medic-bumi-resep-jaya-apotek-pharma,541
Bahagia Apotik Bintang Sejahtera Pharma Apotek,Jl. Kebun Cepat Komplek 69 Kota/Kabupaten BOVEN DIGOEL Provinsi PAPUA,POINT(140.5675385259155 -5.574790397547277),Ashley Williams Brown,6181210/149241/1043352,49502510981108,bahagia-apotik-bintang-sejahtera-pharma-apotek,103
Obat Lestari Prima Toko Apotek Sejahtera,Jl. Kuda Besar Blok 57 Kota/Kabupaten ACEH TAMIANG Provinsi ACEH,POINT(97.85840182591323 4.255258235559458),Tom Adams Jones,313846/261124/382131,3068596310991,obat-lestari-prima-toko-apotek-sejahtera,324
Tenaga Terang Bakti Nusantara Apotik Sejahtera,Jl. Jeruk Cerah Komplek 34 Kota/Kabupaten TELUK BINTUNI Provinsi PAPUA BARAT,POINT(134.03317102250395 -2.6869088758044484),David Jones White,4811004/4102025/136341,567569181850,tenaga-terang-bakti-nusantara-apotik-sejahtera,170
Mawar Tenaga Toko Prima Sehat Bersama,Jl. Gajah Cermat Wilayah 19 Kota/Kabupaten OGAN KOMERING ILIR Provinsi SUMATERA SELATAN,POINT(105.26194682291091 -3.781205845043286),Megan Jackson Moore,209164/9871042/9103308,196851081177,mawar-tenaga-toko-prima-sehat-bersama,178
Jaya Obat Toko Mawar Bersama Farma,Jl. Pisang Cerdas Komplek 45 Kota/Kabupaten KUTAI BARAT Provinsi KALIMANTAN TIMUR,POINT(116.25454582042362 -0.9076751428633808),Tom Williams Martinez,11011910/299434/199030,1010486653501,jaya-obat-toko-mawar-bersama-farma,963
Mawar Nusantara Farmasi Resep Farma Medik,Jl. Rambutan Pendek Wilayah 9 Kota/Kabupaten PULAU MOROTAI Provinsi MALUKU UTARA,POINT(128.52090764880506 2.258695596525035),Chris Parker White,5101036/623506/306195,7641013817830,mawar-nusantara-farmasi-resep-farma-medik,89
Apotik Medic Farmasi Makmur Jaya Pharma,Jl. Sirih Cermat Blok 97 Kota/Kabupaten PULANG PISAU Provinsi KALIMANTAN TENGAH,POINT(114.14161456383503 -2.944353694323296),Lauren Roberts Martin,10102717/10710257/374995,97151810830110,apotik-medic-farmasi-makmur-jaya-pharma,75
Kimia Sejahtera Mawar Tubuh Jaya Pharma,Jl. Kota Jenius Daerah 79 Kota/Kabupaten SIMALUNGUN Provinsi SUMATERA UTARA,POINT(98.89313670430448 3.219688707157685),Rachel Jones Martinez,587180/2362010/939809,6011821077406,kimia-sejahtera-mawar-tubuh-jaya-pharma,15
Tenaga Kimia Surya Bintang Apotek Pharm,Jl. Balai Pintar Wilayah 17 Kota/Kabupaten BOVEN DIGOEL Provinsi PAPUA,POINT(140.2619386071862 -6.109809680745003),Jessica Martinez Anderson,1500810/1052860/419735,211583553086,tenaga-kimia-surya-bintang-apotek-pharm,482
Kimia Mawar Sentorsa Medical Sehat Pharm,Jl. Sirih Cermat Wilayah 59 Kota/Kabupaten MUARO JAMBI Provinsi JAMBI,POINT(104.01319484650004 -1.7610187180775885),Steve Carter Taylor,789111/564256/352634,806911153810,kimia-mawar-sentorsa-medical-sehat-pharm,572
Lestari Harmoni Makmur Bakti Medika Apotek,Jl. Durian Kecil Daerah 45 Kota/Kabupaten HUMBANG HASUNDUTAN Provinsi SUMATERA UTARA,POINT(98.4266788286874 2.2879411076587357),Rachel Carter Smith,9101554/437824/3114810,1772103043898,lestari-harmoni-makmur-bakti-medika-apotek,407
Cemerlang Bintang Badan Lestari Apotek Farma,Jl. Kota Kecil Cluster 41 Kota/Kabupaten EMPAT LAWANG Provinsi SUMATERA SELATAN,POINT(103.1679264320424 -3.4993342897125297),David Martinez Jackson,1046112/220867/8110033,7896100101148,cemerlang-bintang-badan-lestari-apotek-farma,529
Surya Medical Indah Terang Sejahtera Apotik,Jl. Pisang Cerah Komplek 67 Kota/Kabupaten ROKAN HULU Provinsi RIAU,POINT(100.23570096662664 1.1828851365202606),Steve Clark Miller,1610409/3254210/1073391,810110101268069,surya-medical-indah-terang-sejahtera-apotik,215
Obat Harmoni Jaya Mutiara Sejahtera Pharma,Jl. Mangga Kecil Cluster 2 Kota/Kabupaten MUARA ENIM Provinsi SUMATERA SELATAN,POINT(103.95693166466002 -3.674070795726953),Chris Smith Martin,1920410/142089/981036,3450810778512,obat-harmoni-jaya-mutiara-sejahtera-pharma,385
Lestari Nusantara Farmasi Obat Bersama Pharma,Jl. Mangga Cermat Komplek 64 Kota/Kabupaten SIGI Provinsi SULAWESI TENGAH,POINT(120.01100525282178 -1.9629242689998647),David Williams Davis,7141010/560125/959333,289140570623,lestari-nusantara-farmasi-obat-bersama-pharma,261
Farmasi Medic Amanah Bumi Medika Bersama,Jl. Gajah Cepat Daerah 42 Kota/Kabupaten TANAH BUMBU Provinsi KALIMANTAN SELATAN,POINT(115.40547054644176 -3.25564123138666),Brittany Brown Martin,8101238/626222/446308,831080616729,farmasi-medic-amanah-bumi-medika-bersama,726
Kimia Makmur Medic Toko Pharm Jaya,Jl. Durian Pendek Cluster 38 Kota/Kabupaten MAHAKAM ULU Provinsi KALIMANTAN TIMUR,POINT(115.27117984170484 0.3095567495745754),Chris Lewis Moore,381914/9443210/7310047,795038521141,kimia-makmur-medic-toko-pharm-jaya,930
Medical Sejahtera Surya Medic Sehat Sejahtera,Jl. Durian Besar Komplek 46 Kota/Kabupaten KOTAWARINGIN TIMUR Provinsi KALIMANTAN TENGAH,POINT(112.73050539823954 -2.2976631972702783),John Carter Martinez,4101202/132875/6307103,1801100708173,medical-sejahtera-surya-medic-sehat-sejahtera,171
Kimia Tenaga Terang Berkah Bersama Pharma,Jl. Durian Pendek Wilayah 99 Kota/Kabupaten KOTABARU Provinsi KALIMANTAN SELATAN,POINT(116.18395461360336 -2.560297989509364),Chris Carter Brown,141350/698382/3126110,461007087008,kimia-tenaga-terang-berkah-bersama-pharma,157
Bahagia Tubuh Sejahtera Bakti Sejahtera Apotek,Jl. Kebun Cerah Blok 43 Kota/Kabupaten TAMBRAUW Provinsi PAPUA BARAT,POINT(132.22574081202222 -0.4395851490354996),Megan Jones Miller,419405/768712/329554,81153901310810,bahagia-tubuh-sejahtera-bakti-sejahtera-apotek,95
Lestari Jaya Harmoni Sehat Apotik Medik,Jl. Tembok Besar Cluster 2 Kota/Kabupaten GORONTALO UTARA Provinsi GORONTALO,POINT(122.47920219347483 0.9857008144210616),Jessica Thomas Moore,71010160/1027129/2103309,1951087510802,lestari-jaya-harmoni-sehat-apotik-medik,799
Farmasi Jaya Tenaga Kimia Farma Pharm,Jl. Ikan Pintar Daerah 89 Kota/Kabupaten SANGGAU Provinsi KALIMANTAN BARAT,POINT(110.72326829847744 0.7072795901986861),Allison Clark Anderson,256961/2088101/345238,1189220931101,farmasi-jaya-tenaga-kimia-farma-pharm,580
Farmasi Mawar Tubuh Mutiara Apotik Pharm,Jl. Sirih Cerdas Daerah 60 Kota/Kabupaten CILACAP Provinsi JAWA TENGAH,POINT(108.78962910054987 -7.47785810796544),Allison Thomas Robinson,190361/2526109/3177510,216002829803,farmasi-mawar-tubuh-mutiara-apotik-pharm,918
Terang Jaya Bakti Mutiara Apotek Medik,Jl. Tembok Jenius Blok 22 Kota/Kabupaten MALUKU TENGGARA Provinsi MALUKU,POINT(132.73791873828895 -5.933274605951455),Lauren Nelson Brown,970431/930222/112737,7218442003101,terang-jaya-bakti-mutiara-apotek-medik,738
Lestari Badan Bahagia Terang Farma Bersama,Jl. Gajah Jenius Komplek 89 Kota/Kabupaten TIMOR TENGAH UTARA Provinsi NUSA TENGGARA TIMUR,POINT(124.16756233959042 -9.438188552959524),Mark Adams Miller,526122/183420/653537,88710106140058,lestari-badan-bahagia-terang-farma-bersama,326
Sejahtera Sentorsa Bintang Tubuh Sejahtera Sehat,Jl. Gajah Cermat Daerah 85 Kota/Kabupaten LANGKAT Provinsi SUMATERA UTARA,POINT(98.37609698785474 3.871703105210367),John Lewis Moore,445016/298078/236583,7807795101078,sejahtera-sentorsa-bintang-tubuh-sejahtera-sehat,465
Surya Mawar Jaya Kimia Bersama Pharm,Jl. Apel Indah Wilayah 25 Kota/Kabupaten GARUT Provinsi JAWA BARAT,POINT(107.77705052776204 -7.275364328545714),Tom Thomas Miller,9109163/932869/2130107,81061610178012,surya-mawar-jaya-kimia-bersama-pharm,902
Prima Medic Tubuh Makmur Jaya Apotik,Jl. Ikan Cerah Cluster 30 Kota/Kabupaten YAHUKIMO Provinsi PAPUA,POINT(138.974576924629 -4.715827005244179),Brittany Anderson White,174108/7221052/332037,1081357906201,prima-medic-tubuh-makmur-jaya-apotik,31
Sejahtera Makmur Bahagia Medical Pharma Farma,Jl. Kebun Indah Wilayah 93 Kota/Kabupaten BOLAANG MONGONDOW TIMUR Provinsi SULAWESI UTARA,POINT(124.44599384255548 0.6970011271617249),Michael Adams Smith,441571/622893/381315,799740838031,sejahtera-makmur-bahagia-medical-pharma-farma,709
Farmasi Medic Jaya Surya Medika Bersama,Jl. Apel Sari Daerah 17 Kota/Kabupaten KONAWE UTARA Provinsi SULAWESI TENGGARA,POINT(122.27895260276094 -3.46739600564006),Megan Parker White,836012/6612210/447043,3801910849012,farmasi-medic-jaya-surya-medika-bersama,131
Murni Nusantara Toko Sentorsa Farma Apotek,Jl. Kebun Pintar Blok 6 Kota/Kabupaten BANGKA SELATAN Provinsi KEPULAUAN BANGKA BELITUNG,POINT(105.96898622735154 -2.581342929609041),Mark Nelson Brown,165481/120261/431227,10109181520588,murni-nusantara-toko-sentorsa-farma-apotek,85
Surya Makmur Berkah Farmasi Apotik Sejahtera,Jl. Durian Tinggi Daerah 34 Kota/Kabupaten BARITO UTARA Provinsi KALIMANTAN TENGAH,POINT(114.836084823542 -0.8511157182946398),Lauren Lewis Thompson,11510610/257403/432688,10561001439187,surya-makmur-berkah-farmasi-apotik-sejahtera,414
Medic Tubuh Farmasi Terang Bersama Medika,Jl. Durian Indah Daerah 12 Kota/Kabupaten MALUKU BARAT DAYA Provinsi MALUKU,POINT(125.92386215432192 -7.838881627227396),Tom Nelson Robinson,178161/2203010/831522,784831000550,medic-tubuh-farmasi-terang-bersama-medika,968
Badan Berkah Resep Terang Apotik Bersama,Jl. Kebun Kecil Blok 53 Kota/Kabupaten TANJUNG JABUNG BARAT Provinsi JAMBI,POINT(103.31290854626702 -1.1035674027742337),Allison Carter Martin,314116/724386/53101060,1793685110380,badan-berkah-resep-terang-apotik-bersama,141
Prima Surya Makmur Toko Apotek Bersama,Jl. Sirih Cepat Blok 99 Kota/Kabupaten KUTAI KARTANEGARA Provinsi KALIMANTAN TIMUR,POINT(117.39795930755923 -0.212277201425648),Lauren Lewis Thomas,638109/1098172/458903,195815598407,prima-surya-makmur-toko-apotek-bersama,46
Bahagia Harmoni Sejahtera Tenaga Medika Sehat,Jl. Balai Indah Komplek 72 Kota/Kabupaten POSO Provinsi SULAWESI TENGAH,POINT(120.78297572384 -1.753744263410626),John Nelson Robinson,267291/6310324/303017,1019107634228,bahagia-harmoni-sejahtera-tenaga-medika-sehat,59
Lestari Amanah Jaya Resep Jaya Medika,Jl. Anjing Cerah Daerah 80 Kota/Kabupaten MALINAU Provinsi KALIMANTAN UTARA,POINT(116.07800332259754 2.91949573301962),Michael Jones Thomas,1185610/122146/523016,7026881410571,lestari-amanah-jaya-resep-jaya-medika,87
Sejahtera Mutiara Apotik Terang Apotek Medika,Jl. Gajah Indah Wilayah 80 Kota/Kabupaten MUSI RAWAS UTARA Provinsi SUMATERA SELATAN,POINT(102.22209119796076 -2.9054660324865864),Brittany Taylor Brown,721303/806572/4639010,726141024856,sejahtera-mutiara-apotik-terang-apotek-medika,266
Resep Sentorsa Apotik Harmoni Jaya Pharma,Jl. Gedung Sejahtera Cluster 89 Kota/Kabupaten KUTAI TIMUR Provinsi KALIMANTAN TIMUR,POINT(116.62921091637352 1.2395950761402863),Allison Nelson Wilson,817412/200280/334658,2807211073228,resep-sentorsa-apotik-harmoni-jaya-pharma,788
Murni Indah Terang Jaya Apotek Bersama,Jl. Sawah Sejahtera Daerah 59 Kota/Kabupaten LAMPUNG TIMUR Provinsi LAMPUNG,POINT(105.7531553018384 -5.339138503574204),Ashley Jones White,1610612/1029358/380282,183926800085,murni-indah-terang-jaya-apotek-bersama,47
Resep Sejahtera Prima Farmasi Sejahtera Medika,Jl. Apel Jenius Cluster 49 Kota/Kabupaten HALMAHERA SELATAN Provinsi MALUKU UTARA,POINT(127.1769532778436 -0.3147159704433342),Jason Thomas Brown,622147/454112/3107233,855003221105,resep-sejahtera-prima-farmasi-sejahtera-medika,790
Jaya Indah Mutiara Prima Sejahtera Farma,Jl. Ikan Indah Daerah 69 Kota/Kabupaten TOLITOLI Provinsi SULAWESI TENGAH,POINT(120.22493796966148 0.7593996124856304),Sarah Harris Miller,3371310/1810258/703862,68410412693100,jaya-indah-mutiara-prima-sejahtera-farma,305
Lestari Bakti Bumi Resep Apotek Jaya,Jl. Mangga Cerah Komplek 77 Kota/Kabupaten DONGGALA Provinsi SULAWESI TENGAH,POINT(120.00689434106324 -0.663931903711795),Lauren Brown Brown,871596/469682/2846103,400180106984,lestari-bakti-bumi-resep-apotek-jaya,27
Sehat Kimia Lestari Bakti Bersama Sehat,Jl. Tembok Indah Blok 56 Kota/Kabupaten DOGIYAI Provinsi PAPUA,POINT(136.06218294341235 -3.823543835395164),Michael Brown Robinson,115177/1722410/31029101,120219795805,sehat-kimia-lestari-bakti-bersama-sehat,572
Jaya Sehat Toko Bumi Sejahtera Jaya,Jl. Kuda Kecil Blok 46 Kota/Kabupaten SEKADAU Provinsi KALIMANTAN BARAT,POINT(110.92272537643848 -0.1454615398715066),John Parker Johnson,941343/238586/388688,853419323108,jaya-sehat-toko-bumi-sejahtera-jaya,259
Medical Apotik Amanah Prima Sejahtera Farma,Jl. Sirih Cerah Daerah 36 Kota/Kabupaten KAIMANA Provinsi PAPUA BARAT,POINT(133.32578309859326 -3.904923141864974),Alex Johnson Jackson,761510/284744/493091,10825104870971,medical-apotik-amanah-prima-sejahtera-farma,566
Bahagia Apotik Farmasi Surya Pharm Apotik,Jl. Kuda Jenius Blok 19 Kota/Kabupaten BENGKAYANG Provinsi KALIMANTAN BARAT,POINT(109.69874877832092 0.965264729175164),Rachel Nelson Martinez,219150/152207/940893,13808010610087,bahagia-apotik-farmasi-surya-pharm-apotik,611
Kimia Prima Tenaga Mutiara Pharm Jaya,Jl. Anjing Tinggi Blok 43 Kota/Kabupaten MAJALENGKA Provinsi JAWA BARAT,POINT(108.18811190240844 -7.053372509042525),Brittany Thomas Miller,1239210/1022912/278839,827035982413,kimia-prima-tenaga-mutiara-pharm-jaya,198
Amanah Terang Surya Mutiara Sejahtera Sejahtera,Jl. Apel Sari Blok 30 Kota/Kabupaten FAKFAK Provinsi PAPUA BARAT,POINT(133.05906856073256 -3.139127398087044),John Harris Brown,1069271/2869102/794953,9891901184106,amanah-terang-surya-mutiara-sejahtera-sejahtera,371
Indah Nusantara Bahagia Sentorsa Bersama Sehat,Jl. Pisang Cepat Komplek 70 Kota/Kabupaten MERAUKE Provinsi PAPUA,POINT(138.2711888721024 -8.183428195321842),Katie Roberts Davis,184991/898726/3310339,236160883830,indah-nusantara-bahagia-sentorsa-bersama-sehat,584
Harmoni Bumi Indah Badan Medika Farma,Jl. Apel Sejahtera Cluster 6 Kota/Kabupaten ASMAT Provinsi PAPUA,POINT(139.0447725502169 -4.8642409729138985),Lauren Smith Thomas,1101460/279937/1013932,1837400100815,harmoni-bumi-indah-badan-medika-farma,519
Terang Indah Bintang Mutiara Medika Apotik,Jl. Kota Tinggi Blok 29 Kota/Kabupaten WAROPEN Provinsi PAPUA,POINT(136.39045441786703 -2.978631220286249),David Parker Moore,162702/1025327/349336,197798170561,terang-indah-bintang-mutiara-medika-apotik,545
Toko Tenaga Surya Surya Pharm Pharma,Jl. Durian Kecil Daerah 85 Kota/Kabupaten INDRAGIRI HILIR Provinsi RIAU,POINT(103.39304490687566 0.1154253537456302),Katie Parker Williams,120211/229562/243739,6111038604783,toko-tenaga-surya-surya-pharm-pharma,611
Prima Surya Apotik Harmoni Medika Medik,Jl. Jeruk Sari Komplek 41 Kota/Kabupaten LAMPUNG BARAT Provinsi LAMPUNG,POINT(104.3673878815226 -4.927565403077352),Allison Adams Robinson,164993/122070/33210100,10173108878107,prima-surya-apotik-harmoni-medika-medik,395
Nusantara Harmoni Indah Bahagia Bersama Pharm,Jl. Sawah Pintar Blok 62 Kota/Kabupaten SORONG SELATAN Provinsi PAPUA BARAT,POINT(132.46819809881794 -2.0303034572004552),Allison Martinez Thomas,817647/2210727/465835,106010107110881,nusantara-harmoni-indah-bahagia-bersama-pharm,43
Surya Harmoni Cemerlang Badan Sejahtera Pharm,Jl. Sawah Cerdas Daerah 83 Kota/Kabupaten OGAN KOMERING ULU Provinsi SUMATERA SELATAN,POINT(104.17872991352576 -4.124305755079311),Mark Jackson Brown,535115/915207/883613,810410110018094,surya-harmoni-cemerlang-badan-sejahtera-pharm,934
Apotik Badan Surya Prima Medik Jaya,Jl. Anjing Cermat Komplek 57 Kota/Kabupaten KUTAI BARAT Provinsi KALIMANTAN TIMUR,POINT(116.11079170899409 -0.4550713937877528),Tom Harris Anderson,311149/372222/956387,122368961740,apotik-badan-surya-prima-medik-jaya,19
Terang Jaya Resep Sentorsa Jaya Bersama,Jl. Rambutan Jenius Daerah 90 Kota/Kabupaten GIANYAR Provinsi BALI,POINT(115.28323002408654 -8.484012451754031),Lauren Johnson Taylor,331772/527511/462933,191508823403,terang-jaya-resep-sentorsa-jaya-bersama,143
Badan Sentorsa Tubuh Amanah Farma Bersama,Jl. Gedung Cepat Cluster 35 Kota/Kabupaten MAMBERAMO RAYA Provinsi PAPUA,POINT(138.97213249022363 -3.0133743617940336),Megan White Martin,1501710/783982/230837,466152016183,badan-sentorsa-tubuh-amanah-farma-bersama,423
Medic Harmoni Indah Berkah Sehat Bersama,Jl. Kota Jenius Cluster 92 Kota/Kabupaten KAPUAS Provinsi KALIMANTAN TENGAH,POINT(114.52569554803291 -1.996851948193077),Mark Hill Williams,252919/2810836/86103102,31785691013100,medic-harmoni-indah-berkah-sehat-bersama,562
Makmur Murni Prima Harmoni Medik Pharma,Jl. Kota Sari Komplek 33 Kota/Kabupaten BEKASI Provinsi JAWA BARAT,POINT(107.2498996748058 -6.18462647998125),Sarah Adams Martinez,109176/783942/3188410,830010988486,makmur-murni-prima-harmoni-medik-pharma,403
Sentorsa Badan Indah Resep Pharma Jaya,Jl. Anjing Tinggi Daerah 98 Kota/Kabupaten MERAUKE Provinsi PAPUA,POINT(139.3648777956348 -8.065521225131375),Lauren Thomas Miller,1501096/8100218/6103320,8380106880881,sentorsa-badan-indah-resep-pharma-jaya,189
Nusantara Surya Tenaga Resep Sejahtera Sejahtera,Jl. Kebun Cerdas Daerah 98 Kota/Kabupaten KUTAI KARTANEGARA Provinsi KALIMANTAN TIMUR,POINT(117.2740929507209 -0.0410103784970274),Jessica Lewis Robinson,333157/244815/9100355,896392107099,nusantara-surya-tenaga-resep-sejahtera-sejahtera,92
Murni Sentorsa Sehat Prima Medik Sejahtera,Jl. Gedung Kecil Daerah 91 Kota/Kabupaten LAHAT Provinsi SUMATERA SELATAN,POINT(103.71424880050628 -3.6429056154461694),David Harris Martin,171650/2954108/263233,91610080349105,murni-sentorsa-sehat-prima-medik-sejahtera,580
Medical Sehat Indah Kimia Jaya Medika,Jl. Durian Besar Komplek 90 Kota/Kabupaten TAPANULI SELATAN Provinsi SUMATERA UTARA,POINT(99.37177909207776 1.0929348435469723),Michael Nelson Thomas,146363/350207/736116,796701683604,medical-sehat-indah-kimia-jaya-medika,46
Medical Obat Kimia Bakti Medika Sehat,Jl. Ikan Pintar Cluster 25 Kota/Kabupaten HALMAHERA SELATAN Provinsi MALUKU UTARA,POINT(128.072259818035 -0.6901588742585574),Ashley Jackson Anderson,364011/842221/8103212,2681085101988,medical-obat-kimia-bakti-medika-sehat,468
Sehat Tenaga Jaya Bakti Sejahtera Farma,Jl. Kucing Tinggi Daerah 91 Kota/Kabupaten LANNY JAYA Provinsi PAPUA,POINT(138.19027622346977 -3.864623259468925),Brittany Jones Taylor,712682/5510022/9411063,520181516306,sehat-tenaga-jaya-bakti-sejahtera-farma,166
Surya Toko Cemerlang Surya Farma Bersama,Jl. Durian Pintar Blok 73 Kota/Kabupaten KEPULAUAN SELAYAR Provinsi SULAWESI SELATAN,POINT(120.51628197901404 -6.1906532726843295),Ashley Clark Jackson,196370/4529100/873133,801779250998,surya-toko-cemerlang-surya-farma-bersama,3
Harmoni Prima Surya Lestari Apotik Bersama,Jl. Mangga Pendek Daerah 7 Kota/Kabupaten KETAPANG Provinsi KALIMANTAN BARAT,POINT(111.03086690479832 -1.427437283319879),Matt White Thompson,1013829/7010792/765383,8171058575000,harmoni-prima-surya-lestari-apotik-bersama,498
Mawar Resep Apotik Berkah Sehat Bersama,Jl. Gunung Pendek Blok 76 Kota/Kabupaten KUTAI BARAT Provinsi KALIMANTAN TIMUR,POINT(115.63986550183662 -0.8860034872487628),Chris Thomas Thomas,872127/2321092/363393,189475701103,mawar-resep-apotik-berkah-sehat-bersama,346
Badan Surya Nusantara Jaya Pharma Medika,Jl. Rambutan Pendek Komplek 90 Kota/Kabupaten YAHUKIMO Provinsi PAPUA,POINT(139.87777200473354 -4.657906363837348),Brittany Jackson Johnson,1100904/10106823/378166,604079881932,badan-surya-nusantara-jaya-pharma-medika,906
Harmoni Kimia Toko Medical Sejahtera Pharm,Jl. Kota Kecil Wilayah 20 Kota/Kabupaten SINTANG Provinsi KALIMANTAN BARAT,POINT(110.9020206180127 0.953283481110363),Rachel Martinez Garcia,3101100/762362/239160,10205110010268,harmoni-kimia-toko-medical-sejahtera-pharm,465
Farmasi Tenaga Sentorsa Apotik Sejahtera Sehat,Jl. Sirih Pendek Komplek 33 Kota/Kabupaten GROBOGAN Provinsi JAWA TENGAH,POINT(110.97909086911604 -7.144751604392472),Jason White White,1061520/328433/977193,10101199017800,farmasi-tenaga-sentorsa-apotik-sejahtera-sehat,561
Bumi Kimia Terang Nusantara Apotek Medika,Jl. Kota Kecil Cluster 65 Kota/Kabupaten SARMI Provinsi PAPUA,POINT(138.3076071590054 -1.9263799830653152),Matt Thomas Martin,131900/475264/4135510,341801818086,bumi-kimia-terang-nusantara-apotek-medika,573
Tenaga Prima Badan Amanah Farma Bersama,Jl. Mangga Indah Komplek 76 Kota/Kabupaten MAPPI Provinsi PAPUA,POINT(139.23619164743357 -5.80103460984525),Mark Clark Smith,966138/590312/1410636,5452081079201,tenaga-prima-badan-amanah-farma-bersama,154
Mawar Cemerlang Bumi Bakti Apotik Medik,Jl. Kota Besar Wilayah 18 Kota/Kabupaten SINTANG Provinsi KALIMANTAN BARAT,POINT(112.8036934404646 -0.0894658265714731),Allison Parker Thompson,311217/282390/477374,534060801110,mawar-cemerlang-bumi-bakti-apotik-medik,61
Cemerlang Kimia Bahagia Bintang Medika Pharm,Jl. Kucing Kecil Blok 31 Kota/Kabupaten MERAUKE Provinsi PAPUA,POINT(140.8355924196324 -8.10639727626167),Mark Nelson Thompson,112452/21710910/331166,6907852661001,cemerlang-kimia-bahagia-bintang-medika-pharm,67
Surya Farmasi Surya Obat Medika Jaya,Jl. Pisang Cerah Wilayah 9 Kota/Kabupaten TANAH BUMBU Provinsi KALIMANTAN SELATAN,POINT(115.42522184651388 -3.713514224863286),Rachel Clark Smith,10831031/2110348/361103,5103018638116,surya-farmasi-surya-obat-medika-jaya,5
Indah Nusantara Lestari Obat Farma Pharm,Jl. Sawah Pendek Cluster 41 Kota/Kabupaten CILACAP Provinsi JAWA TENGAH,POINT(108.67619112080948 -7.253367857487451),Chris Adams Garcia,191257/250452/547309,138018410529,indah-nusantara-lestari-obat-farma-pharm,726
Bakti Sehat Obat Indah Jaya Pharm,Jl. Kebun Kecil Blok 32 Kota/Kabupaten ASAHAN Provinsi SUMATERA UTARA,POINT(99.26545568149926 2.804038511308006),Chris Adams Moore,948521/372660/3610688,5390810881903,bakti-sehat-obat-indah-jaya-pharm,15
Cemerlang Prima Medical Lestari Medika Pharma,Jl. Duku Pendek Komplek 100 Kota/Kabupaten JAYAPURA Provinsi PAPUA,POINT(140.01939217604706 -3.289265311664903),Brittany Johnson Wilson,138187/272423/356970,1810108801061011,cemerlang-prima-medical-lestari-medika-pharma,402
Sentorsa Prima Amanah Berkah Farma Sejahtera,Jl. Sawah Cepat Wilayah 86 Kota/Kabupaten MELAWI Provinsi KALIMANTAN BARAT,POINT(111.52334119449658 -0.409472985048513),Jessica Taylor Taylor,1071828/278514/733874,818396507295,sentorsa-prima-amanah-berkah-farma-sejahtera,576
Mutiara Lestari Indah Surya Pharm Apotik,Jl. Rambutan Cepat Komplek 100 Kota/Kabupaten KUTAI KARTANEGARA Provinsi KALIMANTAN TIMUR,POINT(115.92269187002624 0.7057946805315876),Tom Taylor Johnson,1932510/917239/388207,550501790618,mutiara-lestari-indah-surya-pharm-apotik,576
Farmasi Sehat Murni Medic Pharm Medika,Jl. Kebun Kecil Blok 85 Kota/Kabupaten KETAPANG Provinsi KALIMANTAN BARAT,POINT(111.1184580652872 -0.6976006866318745),Chris Taylor Jackson,139540/789192/723434,5091018884035,farmasi-sehat-murni-medic-pharm-medika,230
Jaya Mawar Prima Lestari Sejahtera Medika,Jl. Durian Cepat Komplek 12 Kota/Kabupaten ACEH TIMUR Provinsi ACEH,POINT(97.34893029870396 4.724414992699998),Tom Smith Smith,1057415/265473/671543,184556769092,jaya-mawar-prima-lestari-sejahtera-medika,980
Prima Jaya Murni Medic Pharm Sejahtera,Jl. Gajah Cermat Komplek 100 Kota/Kabupaten MALINAU Provinsi KALIMANTAN UTARA,POINT(116.7826890803396 3.326220183305754),Lauren White Thomas,781309/342064/10309105,134934680115,prima-jaya-murni-medic-pharm-sejahtera,193
Obat Sentorsa Bakti Surya Medika Pharm,Jl. Apel Cerdas Blok 65 Kota/Kabupaten BOVEN DIGOEL Provinsi PAPUA,POINT(140.06068226189294 -5.554204787330844),Sarah Martinez Johnson,152176/7201810/6109863,10508501045617,obat-sentorsa-bakti-surya-medika-pharm,579
Badan Bahagia Amanah Bakti Sejahtera Sejahtera,Jl. Kebun Sejahtera Blok 51 Kota/Kabupaten OGAN KOMERING ULU SELATAN Provinsi SUMATERA SELATAN,POINT(103.75280271912104 -4.344667866555258),Michael Taylor Moore,351612/2107862/581332,6914410083012,badan-bahagia-amanah-bakti-sejahtera-sejahtera,266
Bintang Lestari Jaya Sejahtera Pharm Farma,Jl. Gunung Sejahtera Blok 20 Kota/Kabupaten KEPULAUAN ARU Provinsi MALUKU,POINT(134.40026214101084 -6.7161470176553255),Sarah Nelson Robinson,2215100/1077362/3516105,536305834815,bintang-lestari-jaya-sejahtera-pharm-farma,345
Apotik Harmoni Obat Medic Medika Bersama,Jl. Anjing Pintar Blok 17 Kota/Kabupaten POSO Provinsi SULAWESI TENGAH,POINT(120.40970279410593 -1.275397321501952),Tom Thomas Smith,9414106/473120/381051010,8101411102551,apotik-harmoni-obat-medic-medika-bersama,967
Tubuh Mutiara Nusantara Terang Pharm Jaya,Jl. Kuda Besar Komplek 5 Kota/Kabupaten KOTA TIDORE KEPULAUAN Provinsi MALUKU UTARA,POINT(127.6230836621024 0.7191607281331915),Rachel Johnson Harris,761079/750226/220863,10080511011008,tubuh-mutiara-nusantara-terang-pharm-jaya,543
Murni Surya Bumi Kimia Jaya Sejahtera,Jl. Mangga Pendek Komplek 6 Kota/Kabupaten MERAUKE Provinsi PAPUA,POINT(140.63719578068358 -7.46053122134099),Jessica Jones Garcia,106619/529272/4107370,41310061046833,murni-surya-bumi-kimia-jaya-sejahtera,638
Tubuh Sentorsa Badan Mawar Jaya Farma,Jl. Anjing Kecil Daerah 5 Kota/Kabupaten MAMBERAMO RAYA Provinsi PAPUA,POINT(137.66535089981056 -2.060536535984013),Katie Smith Garcia,931223/2841077/317891,858811010107059,tubuh-sentorsa-badan-mawar-jaya-farma,880
Jaya Medic Berkah Cemerlang Sehat Farma,Jl. Gedung Cerah Wilayah 3 Kota/Kabupaten KUTAI TIMUR Provinsi KALIMANTAN TIMUR,POINT(116.14266574563054 1.027237872631643),Rachel Smith White,9511072/1924109/3410129,3124344410908,jaya-medic-berkah-cemerlang-sehat-farma,499
Badan Surya Sehat Tubuh Apotek Medik,Jl. Tembok Tinggi Blok 82 Kota/Kabupaten BOLAANG MONGONDOW SELATAN Provinsi SULAWESI UTARA,POINT(124.22504405355517 0.486009774640209),Sarah Hill Martin,211793/6100280/349534,262208118002,badan-surya-sehat-tubuh-apotek-medik,147
Tubuh Lestari Jaya Bahagia Sejahtera Farma,Jl. Apel Sari Komplek 68 Kota/Kabupaten SAROLANGUN Provinsi JAMBI,POINT(102.65574010286964 -2.1179300448564167),Megan Adams Thomas,722124/996324/1032880,610902289380,tubuh-lestari-jaya-bahagia-sejahtera-farma,55
Bakti Toko Bumi Mutiara Bersama Farma,Jl. Kuda Sejahtera Daerah 81 Kota/Kabupaten ACEH UTARA Provinsi ACEH,POINT(97.44597790105368 5.055154437410199),Steve Taylor Moore,172391/600721/339326,1781629000010,bakti-toko-bumi-mutiara-bersama-farma,552
Sejahtera Jaya Terang Cemerlang Apotik Jaya,Jl. Balai Pintar Cluster 42 Kota/Kabupaten SIAK Provinsi RIAU,POINT(101.7998380952322 0.8010497716894829),Sarah Smith Martin,769187/1052946/393438,21011876101290,sejahtera-jaya-terang-cemerlang-apotik-jaya,812
Surya Bintang Sentorsa Amanah Jaya Farma,Jl. Kuda Cepat Cluster 84 Kota/Kabupaten SEKADAU Provinsi KALIMANTAN BARAT,POINT(110.80661485914392 -0.3861479080464249),Alex Carter Garcia,1010888/528559/273890,92918851010023,surya-bintang-sentorsa-amanah-jaya-farma,809
Surya Indah Sejahtera Prima Jaya Apotek,Jl. Balai Pendek Komplek 25 Kota/Kabupaten MAMUJU TENGAH Provinsi SULAWESI BARAT,POINT(119.411012650674 -2.155673510166089),Matt Harris Garcia,7518710/755020/3251036,2710030481833,surya-indah-sejahtera-prima-jaya-apotek,180
Surya Medic Mawar Terang Medik Apotek,Jl. Durian Pintar Cluster 78 Kota/Kabupaten KAIMANA Provinsi PAPUA BARAT,POINT(133.68186507636727 -3.551132632961262),Chris Jackson Wilson,111706/201020/1003599,317101183826,surya-medic-mawar-terang-medik-apotek,890
Surya Jaya Jaya Obat Medik Bersama,Jl. Kota Cerah Komplek 15 Kota/Kabupaten INDRAGIRI HULU Provinsi RIAU,POINT(101.99281702288587 -0.7002535235308969),Brittany Parker Garcia,10176103/8210262/303520,719082600171,surya-jaya-jaya-obat-medik-bersama,964
Resep Sehat Medical Surya Farma Sejahtera,Jl. Duku Sari Komplek 65 Kota/Kabupaten PASAMAN BARAT Provinsi SUMATERA BARAT,POINT(99.69264370524569 0.0086374880526332),Tom Adams Taylor,11001079/3552106/8101538,5911180615108,resep-sehat-medical-surya-farma-sejahtera,960
Tubuh Terang Bakti Apotik Sejahtera Medik,Jl. Mangga Pintar Daerah 56 Kota/Kabupaten MERAUKE Provinsi PAPUA,POINT(140.15416811441656 -7.828909128298308),John Anderson Miller,441607/727287/346170,193876086318,tubuh-terang-bakti-apotik-sejahtera-medik,395
Bintang Toko Medic Farmasi Apotik Pharm,Jl. Jeruk Pendek Komplek 81 Kota/Kabupaten BENGKAYANG Provinsi KALIMANTAN BARAT,POINT(109.63512716517442 0.8845187902778733),Sarah Johnson Martinez,4514210/619992/813237,873835558101,bintang-toko-medic-farmasi-apotik-pharm,386
Cemerlang Lestari Mawar Mutiara Apotik Sehat,Jl. Apel Sejahtera Blok 48 Kota/Kabupaten INDRAGIRI HILIR Provinsi RIAU,POINT(103.23567298095432 0.3040266967839216),Katie Williams Johnson,118164/613126/5105834,10012110899477,cemerlang-lestari-mawar-mutiara-apotik-sehat,177
Nusantara Bahagia Kimia Makmur Pharma Sejahtera,Jl. Sawah Cepat Cluster 24 Kota/Kabupaten TELUK BINTUNI Provinsi PAPUA BARAT,POINT(134.02091107693627 -2.370792188685529),Steve Anderson Taylor,107117/202588/2132010,1750901102184,nusantara-bahagia-kimia-makmur-pharma-sejahtera,301
Cemerlang Makmur Toko Surya Jaya Bersama,Jl. Kucing Cermat Cluster 47 Kota/Kabupaten KAPUAS HULU Provinsi KALIMANTAN BARAT,POINT(113.14377683666535 1.068559876004615),Sarah Taylor Garcia,520541/6121022/535180,976998811900,cemerlang-makmur-toko-surya-jaya-bersama,210
Makmur Medical Toko Sentorsa Apotek Medika,Jl. Kota Jenius Daerah 41 Kota/Kabupaten MAMBERAMO RAYA Provinsi PAPUA,POINT(137.85446383139345 -1.59127350218942),David Smith Garcia,193159/21071075/588432,3321071888064,makmur-medical-toko-sentorsa-apotek-medika,50
Prima Indah Harmoni Kimia Sehat Medik,Jl. Mangga Cerah Blok 42 Kota/Kabupaten KOTAWARINGIN TIMUR Provinsi KALIMANTAN TENGAH,POINT(112.74111899429678 -1.828827820176942),Brittany Smith Miller,396881/6610237/903623,814070306183,prima-indah-harmoni-kimia-sehat-medik,59
Indah Bakti Harmoni Surya Jaya Apotik,Jl. Apel Tinggi Komplek 49 Kota/Kabupaten LUWU Provinsi SULAWESI SELATAN,POINT(120.1645208533338 -2.781293567993401),Jason Smith Wilson,1210891/1062589/379674,71031018161076,indah-bakti-harmoni-surya-jaya-apotik,61
Bumi Farmasi Lestari Jaya Apotek Pharma,Jl. Sirih Sari Cluster 52 Kota/Kabupaten MAHAKAM ULU Provinsi KALIMANTAN TIMUR,POINT(114.06478194701393 1.0773308417240963),Tom Brown Davis,117464/969724/1103081,1873701201063,bumi-farmasi-lestari-jaya-apotek-pharma,583
Amanah Bahagia Sejahtera Nusantara Farma Jaya,Jl. Sirih Kecil Cluster 82 Kota/Kabupaten MUSI RAWAS Provinsi SUMATERA SELATAN,POINT(103.30579844243653 -3.2329301761345004),Lauren Nelson Anderson,6531210/641327/748973,1002305777138,amanah-bahagia-sejahtera-nusantara-farma-jaya,67
Prima Lestari Cemerlang Nusantara Medika Sejahtera,Jl. Kucing Indah Wilayah 78 Kota/Kabupaten MERANGIN Provinsi JAMBI,POINT(102.17338643999186 -2.1259377972031803),Megan Smith White,1084481/138723/602336,108140320031,prima-lestari-cemerlang-nusantara-medika-sejahtera,415
Sejahtera Tubuh Makmur Mawar Jaya Apotik,Jl. Gajah Indah Daerah 95 Kota/Kabupaten TOLIKARA Provinsi PAPUA,POINT(138.04229549191967 -3.4878691763596663),Tom Clark Martinez,10101255/1013823/965396,99761094891001,sejahtera-tubuh-makmur-mawar-jaya-apotik,495
Tenaga Resep Bintang Medic Pharm Farma,Jl. Gajah Pintar Wilayah 56 Kota/Kabupaten EMPAT LAWANG Provinsi SUMATERA SELATAN,POINT(102.83263709574038 -3.919031300233215),Ashley White Martin,789411/1129710/353936,180540089927,tenaga-resep-bintang-medic-pharm-farma,345
Farmasi Amanah Resep Indah Medika Pharma,Jl. Kebun Pintar Komplek 54 Kota/Kabupaten MERAUKE Provinsi PAPUA,POINT(138.07361273243097 -8.0030204160736),Jason Lewis Jones,386631/121272/8610983,7871104464005,farmasi-amanah-resep-indah-medika-pharma,222
Kimia Surya Tubuh Murni Pharma Jaya,Jl. Mangga Cerdas Blok 95 Kota/Kabupaten WAROPEN Provinsi PAPUA,POINT(136.55630798240873 -2.263100816620785),Jason Jones Harris,212053/1105227/350373,7940859128106,kimia-surya-tubuh-murni-pharma-jaya,232
Bintang Apotik Makmur Jaya Medik Apotik,Jl. Pisang Kecil Daerah 7 Kota/Kabupaten TANA TIDUNG Provinsi KALIMANTAN UTARA,POINT(117.09254696626014 3.385481085346843),Lauren Smith Robinson,10182710/2292610/231336,8931730120108,bintang-apotik-makmur-jaya-medik-apotik,66
Surya Harmoni Berkah Medic Apotek Sejahtera,Jl. Ikan Cerah Cluster 72 Kota/Kabupaten KEPULAUAN YAPEN Provinsi PAPUA,POINT(136.44689215201092 -1.8339858798292676),Katie Harris Davis,21107110/1057200/906238,78401098041021,surya-harmoni-berkah-medic-apotek-sejahtera,362
Terang Mutiara Farmasi Kimia Medik Farma,Jl. Ikan Tinggi Daerah 17 Kota/Kabupaten HALMAHERA TIMUR Provinsi MALUKU UTARA,POINT(128.02236465954127 1.0083207347739034),Matt Jackson Thompson,571850/573220/3967101,1257506114810,terang-mutiara-farmasi-kimia-medik-farma,171
Bahagia Murni Lestari Sentorsa Medik Sehat,Jl. Ikan Cermat Cluster 70 Kota/Kabupaten BOGOR Provinsi JAWA BARAT,POINT(107.12871977743808 -6.497844072490874),David Martinez Moore,311010910/288229/8293108,216114080520,bahagia-murni-lestari-sentorsa-medik-sehat,945
Bakti Sejahtera Tenaga Obat Sejahtera Bersama,Jl. Ikan Cermat Wilayah 68 Kota/Kabupaten SUMBAWA Provinsi NUSA TENGGARA BARAT,POINT(117.1354918826585 -9.043798200771889),Allison Martinez Williams,5110868/3571062/303610,115501380439,bakti-sejahtera-tenaga-obat-sejahtera-bersama,14
Sentorsa Cemerlang Makmur Badan Medika Sehat,Jl. Anjing Cermat Wilayah 44 Kota/Kabupaten MERAUKE Provinsi PAPUA,POINT(140.39559025331954 -7.041455360911908),Matt Adams Brown,145360/2910123/347687,984610921306,sentorsa-cemerlang-makmur-badan-medika-sehat,146
Mutiara Bakti Prima Medic Sehat Apotik,Jl. Sirih Sari Daerah 89 Kota/Kabupaten PEGUNUNGAN ARFAK Provinsi PAPUA BARAT,POINT(133.47241655899555 -1.0857579259798251),Sarah Johnson Martin,1102928/177243/8121031,762012101018710,mutiara-bakti-prima-medic-sehat-apotik,912
Amanah Harmoni Surya Terang Pharm Apotek,Jl. Durian Jenius Daerah 24 Kota/Kabupaten KEPULAUAN ARU Provinsi MALUKU,POINT(134.506738388014 -6.221554576880052),Rachel Adams Taylor,330421/216147/712035,484027181010109,amanah-harmoni-surya-terang-pharm-apotek,459
Harmoni Apotik Farmasi Lestari Sejahtera Apotik,Jl. Durian Kecil Daerah 31 Kota/Kabupaten MOROWALI UTARA Provinsi SULAWESI TENGAH,POINT(121.2350997735108 -1.7804547606630514),Megan Thomas Wilson,5198109/221654/6109363,118732800037,harmoni-apotik-farmasi-lestari-sejahtera-apotik,212
Lestari Sentorsa Farmasi Murni Pharm Sejahtera,Jl. Durian Sejahtera Daerah 15 Kota/Kabupaten MANGGARAI BARAT Provinsi NUSA TENGGARA TIMUR,POINT(120.08959598040106 -8.523532885898796),Chris Jones Anderson,111350/1040526/335981,4116510845570,lestari-sentorsa-farmasi-murni-pharm-sejahtera,259
Bintang Murni Jaya Indah Medika Jaya,Jl. Gedung Sejahtera Daerah 66 Kota/Kabupaten ASMAT Provinsi PAPUA,POINT(138.4734917823729 -6.0677799307073945),Sarah Harris Garcia,150113/716225/903589,121103101080899,bintang-murni-jaya-indah-medika-jaya,537
Berkah Indah Jaya Nusantara Sejahtera Sejahtera,Jl. Jeruk Cerdas Wilayah 5 Kota/Kabupaten BOLAANG MONGONDOW Provinsi SULAWESI UTARA,POINT(123.82599888127388 0.6635660031223676),Rachel Harris Miller,851404/7082108/927333,3151581070084,berkah-indah-jaya-nusantara-sejahtera-sejahtera,69
Apotik Tenaga Obat Cemerlang Farma Sehat,Jl. Ikan Kecil Komplek 82 Kota/Kabupaten ASAHAN Provinsi SUMATERA UTARA,POINT(99.44753642394292 2.642965494595133),Jason Taylor Thompson,370191/937902/1068003,281309016337,apotik-tenaga-obat-cemerlang-farma-sehat,960
Mutiara Obat Mawar Lestari Pharma Medika,Jl. Balai Kecil Cluster 57 Kota/Kabupaten BARITO UTARA Provinsi KALIMANTAN TENGAH,POINT(115.15128772956946 -0.899721330010733),Jessica White Taylor,211178/8102650/637563,279449100281,mutiara-obat-mawar-lestari-pharma-medika,558
Murni Medic Toko Tubuh Pharm Jaya,Jl. Sawah Cerah Komplek 64 Kota/Kabupaten LUWU UTARA Provinsi SULAWESI SELATAN,POINT(120.0659003558751 -2.035595988113533),Alex Carter Jones,794174/767702/9833103,920140278870,murni-medic-toko-tubuh-pharm-jaya,32
Berkah Lestari Medical Surya Medik Sejahtera,Jl. Gedung Cerah Cluster 91 Kota/Kabupaten SEKADAU Provinsi KALIMANTAN BARAT,POINT(111.02842050760634 0.4161923731081369),Steve Anderson Jackson,170384/357129/6231003,968022811357,berkah-lestari-medical-surya-medik-sejahtera,617
Jaya Murni Amanah Obat Jaya Farma,Jl. Gajah Sejahtera Wilayah 63 Kota/Kabupaten MANGGARAI BARAT Provinsi NUSA TENGGARA TIMUR,POINT(120.31847304297835 -8.52260469386288),Brittany Lewis Martin,677881/992598/530568,328824180077,jaya-murni-amanah-obat-jaya-farma,4
Medic Bakti Terang Sentorsa Sejahtera Pharma,Jl. Kebun Pendek Komplek 47 Kota/Kabupaten BERAU Provinsi KALIMANTAN TIMUR,POINT(117.46463700013815 2.279161374420015),Ashley Hill Brown,712314/9210272/354475,578116120115,medic-bakti-terang-sentorsa-sejahtera-pharma,694
Murni Nusantara Lestari Mutiara Sehat Sejahtera,Jl. Gajah Pendek Wilayah 2 Kota/Kabupaten KOTAWARINGIN BARAT Provinsi KALIMANTAN TENGAH,POINT(111.29134231519708 -2.510046630665018),Lauren Taylor Davis,815007/3100522/243339,8380221415310,murni-nusantara-lestari-mutiara-sehat-sejahtera,262
Surya Medical Bakti Sentorsa Apotik Farma,Jl. Anjing Indah Blok 47 Kota/Kabupaten GARUT Provinsi JAWA BARAT,POINT(107.63137641302843 -7.440787097439237),Tom Adams Brown,189816/10732410/6100433,8817730001069,surya-medical-bakti-sentorsa-apotik-farma,491
Bakti Lestari Bahagia Sehat Apotik Apotek,Jl. Sawah Cepat Wilayah 29 Kota/Kabupaten ACEH BARAT Provinsi ACEH,POINT(96.42601350109632 4.642654817630829),Lauren Smith Taylor,3106561/524528/5103416,8710800510976,bakti-lestari-bahagia-sehat-apotik-apotek,443
Toko Tenaga Surya Berkah Sejahtera Apotek,Jl. Gajah Sari Wilayah 74 Kota/Kabupaten KATINGAN Provinsi KALIMANTAN TENGAH,POINT(113.5193991569466 -2.1692187662285445),David Hill Jones,102367/259640/5103993,321582013139,toko-tenaga-surya-berkah-sejahtera-apotek,629
Resep Tenaga Mawar Jaya Sejahtera Apotik,Jl. Rambutan Cepat Daerah 37 Kota/Kabupaten GUNUNG MAS Provinsi KALIMANTAN TENGAH,POINT(113.93986832978504 -1.1542723354749906),Rachel Williams Brown,407110/427065/551398,6150114819103,resep-tenaga-mawar-jaya-sejahtera-apotik,467
Toko Mutiara Indah Surya Medika Pharma,Jl. Apel Cerah Daerah 30 Kota/Kabupaten KOTA BLITAR Provinsi JAWA TIMUR,POINT(115.20570674297085 -6.9329263210331815),David Parker Jackson,2441107/220007/383062,8983110751503,toko-mutiara-indah-surya-medika-pharma,132
Indah Lestari Medical Murni Medika Farma,Jl. Ikan Cepat Cluster 55 Kota/Kabupaten ACEH JAYA Provinsi ACEH,POINT(95.54989360537812 4.906242296052687),Alex Carter Harris,912181/323829/912325,8105061030045,indah-lestari-medical-murni-medika-farma,319
Toko Tenaga Jaya Surya Pharma Apotik,Jl. Sawah Jenius Cluster 4 Kota/Kabupaten LAMPUNG TIMUR Provinsi LAMPUNG,POINT(105.47449476449688 -4.919237181646707),Jessica Taylor Thomas,1244101/10106432/920634,5780109105710,toko-tenaga-jaya-surya-pharma-apotik,383
Toko Murni Harmoni Badan Sejahtera Medika,Jl. Pisang Kecil Blok 79 Kota/Kabupaten BERAU Provinsi KALIMANTAN TIMUR,POINT(116.87644337154124 1.7454699720253082),Rachel Parker Wilson,165157/728648/487130,1057180778580,toko-murni-harmoni-badan-sejahtera-medika,496
Cemerlang Resep Medical Prima Sejahtera Apotek,Jl. Kebun Sejahtera Blok 2 Kota/Kabupaten LAMANDAU Provinsi KALIMANTAN TENGAH,POINT(111.31699258495492 -1.4360475547328786),Rachel Clark Davis,131217/6210944/253222,101034010271088,cemerlang-resep-medical-prima-sejahtera-apotek,195
Prima Tenaga Badan Bahagia Pharma Jaya,Jl. Gedung Pintar Daerah 18 Kota/Kabupaten KEPULAUAN ARU Provinsi MALUKU,POINT(134.72735634359307 -6.298337807753001),Katie Roberts Brown,677168/224031/322208,8260380010817,prima-tenaga-badan-bahagia-pharma-jaya,65
Sejahtera Amanah Surya Makmur Sejahtera Jaya,Jl. Kebun Cerah Blok 23 Kota/Kabupaten ACEH SELATAN Provinsi ACEH,POINT(97.26686922411848 3.372186377328504),Brittany Nelson White,10513109/232202/434393,9631040168687,sejahtera-amanah-surya-makmur-sejahtera-jaya,635
Surya Cemerlang Bahagia Murni Pharma Farma,Jl. Gunung Tinggi Komplek 84 Kota/Kabupaten PEGUNUNGAN ARFAK Provinsi PAPUA BARAT,POINT(133.5581159432643 -1.227987153863749),Allison Johnson Martin,295141/205033/31010226,22211082101100,surya-cemerlang-bahagia-murni-pharma-farma,40
Sejahtera Medic Tenaga Toko Sejahtera Jaya,Jl. Pisang Pintar Komplek 73 Kota/Kabupaten KOTA DUMAI Provinsi RIAU,POINT(101.2218246998334 2.0159489123143093),Lauren Parker Thompson,5319310/211529/233311,1464588810610,sejahtera-medic-tenaga-toko-sejahtera-jaya,231
Cemerlang Sehat Prima Farmasi Medik Apotik,Jl. Kuda Besar Komplek 22 Kota/Kabupaten TANAH LAUT Provinsi KALIMANTAN SELATAN,POINT(115.31226558325984 -3.772097879180194),Katie Adams Garcia,174267/2610419/1108763,1007420784916,cemerlang-sehat-prima-farmasi-medik-apotik,630
Surya Bumi Obat Farmasi Bersama Medik,Jl. Kucing Cepat Blok 99 Kota/Kabupaten BANGKA TENGAH Provinsi KEPULAUAN BANGKA BELITUNG,POINT(106.1400192373426 -2.370872283471533),Michael Clark Harris,10101318/641296/652136,8411031100958,surya-bumi-obat-farmasi-bersama-medik,230
Prima Tubuh Resep Bumi Sehat Sejahtera,Jl. Kuda Jenius Wilayah 14 Kota/Kabupaten KAPUAS HULU Provinsi KALIMANTAN BARAT,POINT(113.33343901549304 1.1206160082303889),Chris Jones Taylor,1027190/824750/130650,8311046118860,prima-tubuh-resep-bumi-sehat-sejahtera,869
Toko Jaya Jaya Bahagia Sehat Medik,Jl. Kuda Kecil Komplek 87 Kota/Kabupaten TABALONG Provinsi KALIMANTAN SELATAN,POINT(115.43702445707396 -1.5768237185187477),Chris Carter Robinson,8521011/10100828/819813,8256101217037,toko-jaya-jaya-bahagia-sehat-medik,28
Nusantara Jaya Jaya Sejahtera Bersama Medik,Jl. Gedung Tinggi Komplek 57 Kota/Kabupaten MELAWI Provinsi KALIMANTAN BARAT,POINT(112.32481090168848 -0.4743115615149609),Tom Smith Davis,821995/712943/532542,6368104082164,nusantara-jaya-jaya-sejahtera-bersama-medik,69
Sehat Amanah Medic Murni Apotek Jaya,Jl. Gajah Sari Cluster 30 Kota/Kabupaten TAMBRAUW Provinsi PAPUA BARAT,POINT(132.68702831921763 -0.5714396260694254),Alex Lewis Robinson,1061181/232608/847730,87471100105510,sehat-amanah-medic-murni-apotek-jaya,740
Bintang Prima Medic Bahagia Apotik Sejahtera,Jl. Tembok Kecil Blok 6 Kota/Kabupaten KOTA DUMAI Provinsi RIAU,POINT(101.26013052773068 1.9135620821034396),Tom Adams Taylor,629131/327395/323561,72014310879101,bintang-prima-medic-bahagia-apotik-sejahtera,76
Surya Lestari Prima Sehat Jaya Apotek,Jl. Apel Besar Cluster 73 Kota/Kabupaten MUSI RAWAS UTARA Provinsi SUMATERA SELATAN,POINT(102.0959637840044 -2.7678723080590526),Megan Brown Anderson,1039811/813702/469430,2059101188550,surya-lestari-prima-sehat-jaya-apotek,132
Tubuh Sehat Bakti Amanah Pharma Jaya,Jl. Tembok Pintar Wilayah 35 Kota/Kabupaten MALINAU Provinsi KALIMANTAN UTARA,POINT(115.99325622724253 2.6265624335032083),Steve Jackson White,4110320/5104269/213170,93276171010018,tubuh-sehat-bakti-amanah-pharma-jaya,691
Sejahtera Harmoni Sentorsa Murni Farma Apotek,Jl. Pisang Sejahtera Komplek 43 Kota/Kabupaten BENGKALIS Provinsi RIAU,POINT(101.05346298204682 1.3022504395841883),Steve Martinez Miller,6221510/207110/288773,1811601041165,sejahtera-harmoni-sentorsa-murni-farma-apotek,693
Bahagia Mutiara Sejahtera Farmasi Sejahtera Bersama,Jl. Sirih Cerdas Cluster 92 Kota/Kabupaten KUBU RAYA Provinsi KALIMANTAN BARAT,POINT(109.5860753826983 -0.4886621537215116),Matt Jones Harris,1013171/2337710/619031,10107188088741,bahagia-mutiara-sejahtera-farmasi-sejahtera-bersama,198
Sejahtera Kimia Badan Prima Apotik Bersama,Jl. Jeruk Sari Blok 8 Kota/Kabupaten BENGKALIS Provinsi RIAU,POINT(101.12195685397376 1.2041953998916275),Alex Smith Garcia,863571/2926010/390921,1010840825903,sejahtera-kimia-badan-prima-apotik-bersama,98
Harmoni Sehat Bahagia Obat Sejahtera Sehat,Jl. Anjing Kecil Komplek 5 Kota/Kabupaten MIMIKA Provinsi PAPUA,POINT(136.5531184857635 -4.408563919977645),Allison Nelson Garcia,416991/842112/237322,182200585988,harmoni-sehat-bahagia-obat-sejahtera-sehat,47
Jaya Farmasi Surya Apotik Sehat Sejahtera,Jl. Ikan Pendek Komplek 46 Kota/Kabupaten EMPAT LAWANG Provinsi SUMATERA SELATAN,POINT(103.07792740653608 -3.841480789375352),Alex Hill Anderson,481062/2324107/503808,431695110801,jaya-farmasi-surya-apotik-sehat-sejahtera,266
Cemerlang Prima Tenaga Medical Apotik Sejahtera,Jl. Jeruk Tinggi Komplek 27 Kota/Kabupaten MUKOMUKO Provinsi BENGKULU,POINT(101.22425706621016 -2.5331529979638567),Michael Martinez Garcia,418749/257880/929039,81830151010708,cemerlang-prima-tenaga-medical-apotik-sejahtera,226
Medic Bahagia Cemerlang Indah Pharma Medik,Jl. Balai Tinggi Komplek 52 Kota/Kabupaten YALIMO Provinsi PAPUA,POINT(139.7674395588845 -3.8061034905109983),Allison White Robinson,541843/2106814/3670101,147303038909,medic-bahagia-cemerlang-indah-pharma-medik,153
Prima Sentorsa Sehat Sejahtera Sejahtera Medik,Jl. Pisang Sari Cluster 90 Kota/Kabupaten INDRAGIRI HILIR Provinsi RIAU,POINT(102.99119726969217 -0.6279326373498595),Megan Lewis Jackson,411496/545213/7165310,702480981124,prima-sentorsa-sehat-sejahtera-sejahtera-medik,576
Cemerlang Kimia Jaya Makmur Pharma Medika,Jl. Kuda Jenius Wilayah 32 Kota/Kabupaten YAHUKIMO Provinsi PAPUA,POINT(140.0448983156503 -3.816233498072728),Steve Jackson Taylor,911157/626213/735068,41017001108908,cemerlang-kimia-jaya-makmur-pharma-medika,467
Mutiara Makmur Murni Lestari Farma Apotik,Jl. Pisang Cermat Blok 14 Kota/Kabupaten ACEH TIMUR Provinsi ACEH,POINT(97.47496857686062 4.413493930634571),Rachel Jackson Thomas,11091060/262990/801623,1251710081098,mutiara-makmur-murni-lestari-farma-apotik,2
Makmur Resep Nusantara Obat Medik Jaya,Jl. Kuda Tinggi Komplek 5 Kota/Kabupaten KETAPANG Provinsi KALIMANTAN BARAT,POINT(110.68152640439598 -2.964484908568238),Matt Smith White,812615/542902/363461,237060186880,makmur-resep-nusantara-obat-medik-jaya,81
Farmasi Obat Tenaga Medical Bersama Sejahtera,Jl. Sawah Jenius Daerah 4 Kota/Kabupaten BOVEN DIGOEL Provinsi PAPUA,POINT(139.95860247397457 -5.839218850392697),Brittany Jackson Taylor,321119/253289/353833,62810331071081,farmasi-obat-tenaga-medical-bersama-sejahtera,509
Mawar Sejahtera Mutiara Amanah Sejahtera Farma,Jl. Sirih Cepat Wilayah 32 Kota/Kabupaten KEPULAUAN TALAUD Provinsi SULAWESI UTARA,POINT(126.82676738737749 4.321991361763841),John Hill Martinez,151686/2410136/226353,51011106018848,mawar-sejahtera-mutiara-amanah-sejahtera-farma,574
Medic Jaya Makmur Tenaga Pharma Sejahtera,Jl. Duku Cepat Komplek 80 Kota/Kabupaten SINTANG Provinsi KALIMANTAN BARAT,POINT(112.65781908225104 -0.0098469043831066),Chris Jackson Anderson,617131/859271/7347610,106858010101017,medic-jaya-makmur-tenaga-pharma-sejahtera,868
Farmasi Badan Cemerlang Surya Jaya Sejahtera,Jl. Kucing Sejahtera Blok 58 Kota/Kabupaten MELAWI Provinsi KALIMANTAN BARAT,POINT(111.5082738338146 -0.6116007373136458),Mark Carter Thomas,6107361/2110141/7341009,704081013611,farmasi-badan-cemerlang-surya-jaya-sejahtera,604
Cemerlang Tubuh Sentorsa Surya Bersama Medik,Jl. Sirih Kecil Wilayah 6 Kota/Kabupaten YAHUKIMO Provinsi PAPUA,POINT(139.75159485869932 -4.219295244115939),Chris Adams Martin,4010421/268627/313123,810013948753,cemerlang-tubuh-sentorsa-surya-bersama-medik,456
Sejahtera Kimia Surya Jaya Farma Pharm,Jl. Kuda Pendek Daerah 23 Kota/Kabupaten GUNUNG MAS Provinsi KALIMANTAN TENGAH,POINT(113.57286117874668 -0.4501408715152024),Lauren Taylor Robinson,911443/472824/3910213,2868109081049,sejahtera-kimia-surya-jaya-farma-pharm,86
Jaya Indah Badan Bintang Sejahtera Pharma,Jl. Gajah Jenius Wilayah 68 Kota/Kabupaten KAUR Provinsi BENGKULU,POINT(103.5252276492444 -4.667232961804411),Jessica Nelson Harris,3811096/454200/222538,942408880231,jaya-indah-badan-bintang-sejahtera-pharma,407
Tenaga Sehat Amanah Mutiara Jaya Medik,Jl. Sirih Cerah Blok 89 Kota/Kabupaten KAIMANA Provinsi PAPUA BARAT,POINT(133.93989805460802 -2.98698498235316),Allison Martinez Anderson,929317/6281003/193135,909647415871,tenaga-sehat-amanah-mutiara-jaya-medik,565
Bumi Farmasi Indah Amanah Medik Bersama,Jl. Gunung Jenius Daerah 84 Kota/Kabupaten KONAWE KEPULAUAN Provinsi SULAWESI TENGGARA,POINT(123.06629005126592 -4.021814464098551),Katie Lewis Miller,128639/247381/13910106,2371590103883,bumi-farmasi-indah-amanah-medik-bersama,465
Harmoni Indah Murni Sehat Farma Sejahtera,Jl. Sawah Cermat Wilayah 60 Kota/Kabupaten KONAWE SELATAN Provinsi SULAWESI TENGGARA,POINT(122.691929594563 -4.270790324335553),Steve Harris Brown,739168/7022910/528307,157008458261,harmoni-indah-murni-sehat-farma-sejahtera,190
Resep Jaya Lestari Berkah Medika Jaya,Jl. Duku Besar Daerah 38 Kota/Kabupaten MANDAILING NATAL Provinsi SUMATERA UTARA,POINT(98.96276600302603 1.2488547027021166),Allison Smith Davis,532061/10022101/372664,11100103453878,resep-jaya-lestari-berkah-medika-jaya,50
Toko Murni Badan Jaya Farma Apotik,Jl. Apel Jenius Blok 20 Kota/Kabupaten MINAHASA Provinsi SULAWESI UTARA,POINT(124.66307344089827 1.3380079639779296),John Johnson Wilson,909157/626108/633055,140105538992,toko-murni-badan-jaya-farma-apotik,553
Harmoni Makmur Obat Nusantara Bersama Jaya,Jl. Kuda Tinggi Blok 74 Kota/Kabupaten TOLIKARA Provinsi PAPUA,POINT(138.5497937078607 -3.4047554748279074),Emily Williams Thompson,911392/270477/1033327,9687150941052,harmoni-makmur-obat-nusantara-bersama-jaya,489
Sejahtera Badan Resep Cemerlang Sehat Jaya,Jl. Durian Cermat Cluster 47 Kota/Kabupaten OGAN KOMERING ILIR Provinsi SUMATERA SELATAN,POINT(105.18723870729757 -3.4860329153157625),Alex White Garcia,2751100/1092527/358843,3713010186860,sejahtera-badan-resep-cemerlang-sehat-jaya,918
Berkah Medic Mutiara Jaya Bersama Sehat,Jl. Gajah Indah Komplek 46 Kota/Kabupaten MALUKU BARAT DAYA Provinsi MALUKU,POINT(129.83298856554282 -7.9059807061391805),Sarah Taylor Martinez,270891/921423/735787,8259810393210,berkah-medic-mutiara-jaya-bersama-sehat,151
Obat Resep Tenaga Farmasi Sejahtera Medika,Jl. Duku Pintar Komplek 83 Kota/Kabupaten GRESIK Provinsi JAWA TIMUR,POINT(112.55888738231424 -7.819893802528961),Alex Parker Smith,959113/81032106/70510103,1087768100510,obat-resep-tenaga-farmasi-sejahtera-medika,571
Berkah Sejahtera Sentorsa Amanah Sejahtera Jaya,Jl. Pisang Tinggi Wilayah 52 Kota/Kabupaten DEIYAI Provinsi PAPUA,POINT(136.32172868783442 -4.230268439249807),Michael Parker Johnson,410110010/7102647/731149,6821056220170,berkah-sejahtera-sentorsa-amanah-sejahtera-jaya,960
Bumi Lestari Kimia Sehat Bersama Pharm,Jl. Kota Kecil Komplek 43 Kota/Kabupaten TEBO Provinsi JAMBI,POINT(102.64303390128698 -1.1313109388358988),Katie Lewis Moore,8110150/4106942/4100233,491086340842,bumi-lestari-kimia-sehat-bersama-pharm,29
Makmur Harmoni Prima Jaya Farma Bersama,Jl. Gunung Besar Wilayah 91 Kota/Kabupaten NATUNA Provinsi KEPULAUAN RIAU,POINT(108.13585437854158 3.745056530287311),Mark Martinez White,801896/10021022/9106935,1006891713108,makmur-harmoni-prima-jaya-farma-bersama,228
Bintang Prima Sehat Murni Sejahtera Bersama,Jl. Balai Tinggi Komplek 19 Kota/Kabupaten KOTA BANJAR Provinsi JAWA BARAT,POINT(108.55900186570295 -7.338834585997134),Katie Jackson Thompson,246165/501022/8107327,805106915885,bintang-prima-sehat-murni-sejahtera-bersama,66
Mutiara Prima Makmur Farmasi Sehat Pharm,Jl. Kuda Pendek Daerah 13 Kota/Kabupaten MESUJI Provinsi LAMPUNG,POINT(105.17144940902718 -4.094297555936282),Katie Johnson Moore,281157/426671/2310397,673113200869,mutiara-prima-makmur-farmasi-sehat-pharm,3
Surya Jaya Makmur Toko Jaya Apotek,Jl. Tembok Indah Cluster 15 Kota/Kabupaten TEGAL Provinsi JAWA TENGAH,POINT(109.17113418724948 -7.122902669827496),Sarah White Martinez,3131210/122201/276039,7018490103469,surya-jaya-makmur-toko-jaya-apotek,397
Medic Kimia Jaya Prima Apotik Bersama,Jl. Sirih Tinggi Komplek 68 Kota/Kabupaten MAMBERAMO RAYA Provinsi PAPUA,POINT(138.08883904049424 -2.326505312903235),Brittany Johnson Harris,311127/327100/682392,3818081098517,medic-kimia-jaya-prima-apotik-bersama,195
Murni Obat Bakti Badan Farma Jaya,Jl. Kucing Pintar Komplek 43 Kota/Kabupaten ROKAN HILIR Provinsi RIAU,POINT(101.11967365372536 1.8545311260271011),Michael Brown Smith,11041910/27410110/854732,10681011010125010,murni-obat-bakti-badan-farma-jaya,5
Kimia Prima Bintang Jaya Pharm Sejahtera,Jl. Tembok Cerdas Blok 100 Kota/Kabupaten TOLITOLI Provinsi SULAWESI TENGAH,POINT(120.83687274722554 1.096092342031847),Jason Roberts Moore,7716710/8769102/43104310,6109101108062104,kimia-prima-bintang-jaya-pharm-sejahtera,46
Tubuh Lestari Apotik Cemerlang Bersama Apotek,Jl. Jeruk Cerdas Cluster 48 Kota/Kabupaten KOTAWARINGIN BARAT Provinsi KALIMANTAN TENGAH,POINT(111.63080225293216 -2.4933955813091586),Jessica Clark Johnson,4016010/707952/5109613,81054001881096,tubuh-lestari-apotik-cemerlang-bersama-apotek,331
Badan Jaya Mawar Apotik Medik Farma,Jl. Balai Besar Daerah 88 Kota/Kabupaten ACEH SINGKIL Provinsi ACEH,POINT(98.01316608854518 2.3845043090445603),Emily Harris White,4147103/2107500/9538104,86107091108633,badan-jaya-mawar-apotik-medik-farma,163
Medical Sejahtera Resep Apotik Medika Bersama,Jl. Mangga Tinggi Daerah 56 Kota/Kabupaten TOLIKARA Provinsi PAPUA,POINT(138.6358442260462 -3.3541991784473293),Michael Roberts Harris,719879/2088810/867359,660843708181,medical-sejahtera-resep-apotik-medika-bersama,463
Indah Lestari Tubuh Obat Pharm Jaya,Jl. Kebun Kecil Blok 99 Kota/Kabupaten MAPPI Provinsi PAPUA,POINT(139.57371032192916 -7.374216900352937),Rachel Lewis Taylor,214184/6732810/886396,303369124810,indah-lestari-tubuh-obat-pharm-jaya,46
Medical Terang Berkah Prima Sejahtera Medik,Jl. Balai Sari Komplek 78 Kota/Kabupaten LAMANDAU Provinsi KALIMANTAN TENGAH,POINT(110.96669282024418 -1.5675887710341936),Mark Harris Williams,629189/2372310/965023,4841791301084,medical-terang-berkah-prima-sejahtera-medik,281
Resep Surya Sejahtera Jaya Pharm Sehat,Jl. Sawah Jenius Blok 74 Kota/Kabupaten ALOR Provinsi NUSA TENGGARA TIMUR,POINT(124.4706662982684 -8.142022709825001),Tom Taylor Moore,10503110/812253/9735103,811336163602,resep-surya-sejahtera-jaya-pharm-sehat,380
Badan Amanah Obat Bahagia Jaya Medik,Jl. Anjing Pintar Cluster 13 Kota/Kabupaten PADANG LAWAS UTARA Provinsi SUMATERA UTARA,POINT(100.27429855436974 1.433939967409163),Ashley Johnson Brown,5110145/3200410/1106953,911018554949,badan-amanah-obat-bahagia-jaya-medik,195
Surya Indah Mutiara Nusantara Pharma Sejahtera,Jl. Pisang Cerah Komplek 92 Kota/Kabupaten MIMIKA Provinsi PAPUA,POINT(136.55380903056903 -4.647821550213314),Emily Adams Wilson,812805/237142/8103763,180308301109,surya-indah-mutiara-nusantara-pharma-sejahtera,378
Mawar Sehat Bahagia Mutiara Medika Medik,Jl. Durian Besar Blok 13 Kota/Kabupaten MALINAU Provinsi KALIMANTAN UTARA,POINT(115.3944800795009 2.0691715829618413),Emily Jackson Miller,4599101/190342/10803010,8130281013203,mawar-sehat-bahagia-mutiara-medika-medik,231
Murni Mawar Bumi Apotik Jaya Apotik,Jl. Gedung Cermat Blok 69 Kota/Kabupaten LANDAK Provinsi KALIMANTAN BARAT,POINT(109.95118160338409 0.6450342698055245),Lauren Nelson Miller,1011209/2210200/6371107,1108301764176,murni-mawar-bumi-apotik-jaya-apotik,590
Surya Badan Tenaga Surya Medik Sehat,Jl. Kuda Jenius Cluster 13 Kota/Kabupaten MERAUKE Provinsi PAPUA,POINT(140.10525337688793 -7.282840029756937),Rachel Brown Miller,393191/10721101/8103028,83901091108025,surya-badan-tenaga-surya-medik-sehat,112
Amanah Cemerlang Tubuh Terang Sehat Medik,Jl. Sawah Cerdas Cluster 53 Kota/Kabupaten MANGGARAI BARAT Provinsi NUSA TENGGARA TIMUR,POINT(119.88230620018652 -8.476513377081872),Ashley Smith Johnson,986231/908029/879332,157635103087,amanah-cemerlang-tubuh-terang-sehat-medik,172
Sejahtera Lestari Kimia Jaya Apotek Medik,Jl. Duku Tinggi Blok 39 Kota/Kabupaten TAPANULI TENGAH Provinsi SUMATERA UTARA,POINT(98.95831328555984 1.6895600584919617),Matt Adams Thompson,173512/262221/3910533,971810858082,sejahtera-lestari-kimia-jaya-apotek-medik,468
Bakti Bumi Lestari Resep Apotik Medik,Jl. Pisang Cepat Komplek 95 Kota/Kabupaten TAPANULI TENGAH Provinsi SUMATERA UTARA,POINT(97.97808106106196 2.804217565943089),Katie Lewis Moore,861893/1042720/820903,1098178702498,bakti-bumi-lestari-resep-apotik-medik,202
Jaya Sejahtera Medical Tubuh Bersama Apotik,Jl. Anjing Cepat Cluster 11 Kota/Kabupaten BEKASI Provinsi JAWA BARAT,POINT(107.00633894463527 -6.137823636193828),Michael Lewis Williams,478519/233205/317133,1037406168119,jaya-sejahtera-medical-tubuh-bersama-apotik,487
Prima Harmoni Sentorsa Toko Apotik Pharm,Jl. Tembok Besar Wilayah 45 Kota/Kabupaten BANYUASIN Provinsi SUMATERA SELATAN,POINT(105.09378651943688 -2.385320798962685),Matt Johnson Robinson,814911/9010223/10589310,1289992863010,prima-harmoni-sentorsa-toko-apotik-pharm,640
Surya Cemerlang Prima Amanah Bersama Apotik,Jl. Gunung Kecil Blok 44 Kota/Kabupaten SINTANG Provinsi KALIMANTAN BARAT,POINT(113.18884039468271 0.0435432527840671),Lauren Lewis White,731311/3105312/269835,878106708316,surya-cemerlang-prima-amanah-bersama-apotik,779
Jaya Sentorsa Obat Medical Sejahtera Apotek,Jl. Rambutan Indah Blok 66 Kota/Kabupaten SUBANG Provinsi JAWA BARAT,POINT(107.59914222974405 -6.691278663985088),Tom Jackson Thomas,739108/459286/834797,957594001897,jaya-sentorsa-obat-medical-sejahtera-apotek,31
Murni Bintang Surya Prima Apotik Farma,Jl. Rambutan Kecil Komplek 45 Kota/Kabupaten KOTA BAU BAU Provinsi SULAWESI TENGGARA,POINT(122.6496581327737 -5.395752680208013),Tom Brown Taylor,4191042/429161/217883,8110577350330,murni-bintang-surya-prima-apotik-farma,578
Makmur Prima Mutiara Toko Sejahtera Sejahtera,Jl. Anjing Sari Komplek 53 Kota/Kabupaten KONAWE Provinsi SULAWESI TENGGARA,POINT(121.76345924222466 -3.517860442853292),Tom Nelson Thomas,105046/492080/1043981,104910603867,makmur-prima-mutiara-toko-sejahtera-sejahtera,534
Bakti Tenaga Mutiara Nusantara Medika Pharma,Jl. Rambutan Cerah Daerah 85 Kota/Kabupaten TABANAN Provinsi BALI,POINT(115.16930224822414 -8.391092771023764),Matt Martinez Brown,1052321/629751/180603,8509161000485,bakti-tenaga-mutiara-nusantara-medika-pharma,597
Badan Surya Berkah Murni Medika Pharma,Jl. Gunung Kecil Cluster 71 Kota/Kabupaten MUSI BANYUASIN Provinsi SUMATERA SELATAN,POINT(104.06468825517656 -2.979989769387969),Ashley Clark Garcia,991358/1271089/353317,3800147101088,badan-surya-berkah-murni-medika-pharma,81
Sentorsa Toko Jaya Obat Apotik Bersama,Jl. Kota Sejahtera Daerah 19 Kota/Kabupaten GUNUNG MAS Provinsi KALIMANTAN TENGAH,POINT(113.29565035428894 -1.143023515272061),Sarah Johnson Wilson,736241/13102110/579383,4480468861102,sentorsa-toko-jaya-obat-apotik-bersama,492
Sentorsa Lestari Bumi Apotik Pharm Bersama,Jl. Jeruk Pintar Komplek 80 Kota/Kabupaten KOLAKA Provinsi SULAWESI TENGGARA,POINT(121.65527733073236 -4.504145734665077),Emily Jackson Williams,101101072/719722/186363,586185737017,sentorsa-lestari-bumi-apotik-pharm-bersama,534
Surya Sentorsa Toko Bahagia Bersama Apotek,Jl. Sirih Sari Daerah 61 Kota/Kabupaten SARMI Provinsi PAPUA,POINT(138.29259537063103 -2.103263126876889),Tom Harris White,111906/9109270/4704103,2411380108728,surya-sentorsa-toko-bahagia-bersama-apotek,43
Toko Resep Makmur Obat Farma Sejahtera,Jl. Pisang Sari Cluster 12 Kota/Kabupaten BOJONEGORO Provinsi JAWA TIMUR,POINT(111.80552778435478 -7.2604003758371825),Mark Smith Harris,1002104/282836/31046410,831561901790,toko-resep-makmur-obat-farma-sejahtera,920
Bumi Sehat Farmasi Badan Apotik Sejahtera,Jl. Mangga Indah Daerah 23 Kota/Kabupaten INTAN JAYA Provinsi PAPUA,POINT(136.53946410108148 -3.6784812952688286),Katie Clark Miller,1042102/806924/703613,2081360101161,bumi-sehat-farmasi-badan-apotik-sejahtera,589
Bakti Harmoni Surya Tubuh Medika Apotek,Jl. Gajah Sari Wilayah 41 Kota/Kabupaten MAMBERAMO RAYA Provinsi PAPUA,POINT(138.39671574214003 -2.196216407395479),Katie Anderson Anderson,541482/682628/7613100,188129113019,bakti-harmoni-surya-tubuh-medika-apotek,382
Makmur Medic Nusantara Surya Sehat Farma,Jl. Kuda Cerah Cluster 53 Kota/Kabupaten INDRAGIRI HULU Provinsi RIAU,POINT(102.24773372380815 -0.4066020981029421),Chris Jones Thompson,7310971/5242109/530309,7010010103801109,makmur-medic-nusantara-surya-sehat-farma,280
Obat Tenaga Sejahtera Mawar Apotek Sejahtera,Jl. Pisang Pintar Blok 17 Kota/Kabupaten SAROLANGUN Provinsi JAMBI,POINT(102.81787378378944 -2.025970279238333),Lauren Jackson Moore,5101622/381720/365948,12862251010029,obat-tenaga-sejahtera-mawar-apotek-sejahtera,263
Makmur Amanah Nusantara Bahagia Apotek Sehat,Jl. Kucing Besar Cluster 60 Kota/Kabupaten BREBES Provinsi JAWA TENGAH,POINT(108.96714626823152 -6.846183938520029),David Parker Johnson,6109410/485297/3241041,758896133007,makmur-amanah-nusantara-bahagia-apotek-sehat,27
Farmasi Jaya Prima Sejahtera Apotik Sehat,Jl. Sirih Pendek Daerah 12 Kota/Kabupaten BANYUASIN Provinsi SUMATERA SELATAN,POINT(104.50469299228492 -1.747346174662022),Steve Taylor Thomas,142044/106952/939044,1010700038397,farmasi-jaya-prima-sejahtera-apotik-sehat,850
Medic Berkah Tenaga Farmasi Farma Apotek,Jl. Balai Kecil Daerah 21 Kota/Kabupaten SOLOK SELATAN Provinsi SUMATERA BARAT,POINT(101.13340943837316 -1.3901195417559666),Sarah Williams Robinson,891780/129623/300063,516018890168,medic-berkah-tenaga-farmasi-farma-apotek,32
Resep Kimia Farmasi Tenaga Sejahtera Bersama,Jl. Tembok Cermat Wilayah 67 Kota/Kabupaten MAMBERAMO RAYA Provinsi PAPUA,POINT(138.1253711932365 -2.9315513370328787),Jessica Jackson Harris,410569/122916/3103314,100141071017881,resep-kimia-farmasi-tenaga-sejahtera-bersama,788
Tenaga Amanah Lestari Resep Pharm Jaya,Jl. Balai Cerah Blok 71 Kota/Kabupaten ACEH JAYA Provinsi ACEH,POINT(95.5144159345762 5.041230663055364),Megan Hill Williams,5106021/527845/83310010,238992416600,tenaga-amanah-lestari-resep-pharm-jaya,610
Kimia Surya Bintang Cemerlang Medik Sehat,Jl. Balai Cermat Wilayah 89 Kota/Kabupaten KOTA SUBULUSSALAM Provinsi ACEH,POINT(97.81865094733226 2.6654497566555744),Michael Roberts Jones,974031/262026/599432,1971035707098,kimia-surya-bintang-cemerlang-medik-sehat,336
Jaya Sehat Bahagia Tenaga Sehat Sejahtera,Jl. Mangga Sejahtera Blok 49 Kota/Kabupaten DOGIYAI Provinsi PAPUA,POINT(137.14857550986676 -2.8055087027980274),Michael White Garcia,1103071/6210783/843344,26018194105910,jaya-sehat-bahagia-tenaga-sehat-sejahtera,549
Resep Kimia Indah Makmur Apotik Apotek,Jl. Duku Sejahtera Cluster 3 Kota/Kabupaten BOJONEGORO Provinsi JAWA TIMUR,POINT(111.76018069904003 -7.428334160626364),Michael Thomas Williams,788821/201145/8033107,281384008535,resep-kimia-indah-makmur-apotik-apotek,320
Bintang Resep Obat Mawar Farma Medika,Jl. Gedung Cerah Blok 81 Kota/Kabupaten KUTAI KARTANEGARA Provinsi KALIMANTAN TIMUR,POINT(116.82053002340876 -0.3607019439386878),Steve Parker Garcia,212116/3109252/156235,6698371001672,bintang-resep-obat-mawar-farma-medika,212
Nusantara Terang Bumi Bintang Sehat Pharm,Jl. Jeruk Jenius Cluster 96 Kota/Kabupaten BARITO SELATAN Provinsi KALIMANTAN TENGAH,POINT(114.90966700840048 -2.3220589108199263),Mark Harris Martinez,521091/8723101/330494,4051062451088,nusantara-terang-bumi-bintang-sehat-pharm,378
Medical Surya Harmoni Kimia Apotik Medika,Jl. Anjing Indah Komplek 99 Kota/Kabupaten KUTAI KARTANEGARA Provinsi KALIMANTAN TIMUR,POINT(116.95236929377371 -0.0816397706503764),Matt Brown Williams,941113/342227/710336,51005861093110,medical-surya-harmoni-kimia-apotik-medika,209
Prima Surya Tenaga Amanah Bersama Medika,Jl. Kota Kecil Wilayah 51 Kota/Kabupaten RAJA AMPAT Provinsi PAPUA BARAT,POINT(130.11240957691425 -1.7421728697914514),Katie Nelson Davis,1014663/150215/11103103,28434104103081,prima-surya-tenaga-amanah-bersama-medika,496
Bahagia Sejahtera Toko Jaya Apotek Medika,Jl. Tembok Kecil Wilayah 68 Kota/Kabupaten INTAN JAYA Provinsi PAPUA,POINT(136.791403366188 -3.844689879314762),Tom Anderson Jackson,831326/132860/1039481,8530510079991,bahagia-sejahtera-toko-jaya-apotek-medika,241
Medical Berkah Indah Prima Farma Medika,Jl. Mangga Tinggi Komplek 94 Kota/Kabupaten ASMAT Provinsi PAPUA,POINT(137.99720784505712 -5.050451872419548),Allison Brown Harris,719950/819289/677503,6105830403811,medical-berkah-indah-prima-farma-medika,821
Mutiara Makmur Jaya Kimia Sejahtera Sehat,Jl. Kucing Sejahtera Komplek 72 Kota/Kabupaten MAMUJU TENGAH Provinsi SULAWESI BARAT,POINT(119.22868601045433 -2.061576269597147),Rachel Jackson Martinez,606691/677726/538614,899773120119,mutiara-makmur-jaya-kimia-sejahtera-sehat,101
Prima Berkah Harmoni Sehat Sejahtera Farma,Jl. Apel Kecil Komplek 26 Kota/Kabupaten KATINGAN Provinsi KALIMANTAN TENGAH,POINT(113.41604395207447 -2.4890201397662075),Mark Carter White,521553/1101922/6374108,1084638210395,prima-berkah-harmoni-sehat-sejahtera-farma,309
Bakti Cemerlang Kimia Apotik Medik Pharma,Jl. Mangga Indah Komplek 85 Kota/Kabupaten ASMAT Provinsi PAPUA,POINT(138.58353719846548 -6.143255718360069),John Parker Davis,1091122/7101592/3341069,1085001415910,bakti-cemerlang-kimia-apotik-medik-pharma,642
Lestari Bintang Badan Resep Sejahtera Pharma,Jl. Gunung Cerdas Cluster 73 Kota/Kabupaten KOTABARU Provinsi KALIMANTAN SELATAN,POINT(116.3379415045604 -2.8302589676367877),Jason Adams Thomas,804751/647287/527583,318019277878,lestari-bintang-badan-resep-sejahtera-pharma,303
Surya Amanah Harmoni Prima Sejahtera Medika,Jl. Gajah Indah Blok 52 Kota/Kabupaten GORONTALO UTARA Provinsi GORONTALO,POINT(123.00129522189772 0.8388167363433805),Megan Hill White,9610815/201800/3431107,291530880786,surya-amanah-harmoni-prima-sejahtera-medika,380
Mawar Amanah Indah Prima Pharma Apotik,Jl. Balai Jenius Daerah 94 Kota/Kabupaten MUSI BANYUASIN Provinsi SUMATERA SELATAN,POINT(104.34696252944924 -2.2327302466909096),Lauren Parker Wilson,6410179/211611/343947,826149017658,mawar-amanah-indah-prima-pharma-apotik,163
Jaya Medic Berkah Resep Sejahtera Sehat,Jl. Gajah Cepat Komplek 40 Kota/Kabupaten PANIAI Provinsi PAPUA,POINT(136.6533664911249 -3.823923616095669),Emily Lewis Miller,11051071/1921102/333418,6901671930108,jaya-medic-berkah-resep-sejahtera-sehat,338
Obat Resep Makmur Badan Sejahtera Pharm,Jl. Tembok Cerah Blok 72 Kota/Kabupaten KAPUAS HULU Provinsi KALIMANTAN BARAT,POINT(113.54507535466853 0.8616666923468355),Emily Jones Smith,214105/575420/658083,907060178835,obat-resep-makmur-badan-sejahtera-pharm,331
Lestari Medical Cemerlang Harmoni Bersama Farma,Jl. Gunung Kecil Komplek 82 Kota/Kabupaten WAROPEN Provinsi PAPUA,POINT(136.66324970935312 -2.5823675970209514),Matt Nelson White,391621/662488/538833,208272043915,lestari-medical-cemerlang-harmoni-bersama-farma,539
Terang Surya Toko Mawar Farma Pharma,Jl. Balai Sejahtera Komplek 13 Kota/Kabupaten TABALONG Provinsi KALIMANTAN SELATAN,POINT(115.68935665909378 -1.3959149458650089),Rachel Hill Williams,110341010/2521099/527837,373836011588,terang-surya-toko-mawar-farma-pharma,697
Mawar Medic Terang Resep Sejahtera Medika,Jl. Sirih Pintar Wilayah 1 Kota/Kabupaten BONE Provinsi SULAWESI SELATAN,POINT(120.22673354136607 -4.897533390854688),Rachel Carter White,18010104/4021040/927374,505048681961,mawar-medic-terang-resep-sejahtera-medika,812
Toko Kimia Harmoni Badan Farma Bersama,Jl. Gedung Tinggi Cluster 25 Kota/Kabupaten MELAWI Provinsi KALIMANTAN BARAT,POINT(111.89584591169772 -0.6362598555727068),Jason Williams Harris,1471093/429949/623724,71088718501071,toko-kimia-harmoni-badan-farma-bersama,547
Medic Bakti Kimia Bumi Apotik Medik,Jl. Gedung Indah Daerah 14 Kota/Kabupaten BANGKA SELATAN Provinsi KEPULAUAN BANGKA BELITUNG,POINT(106.35431342031846 -2.9398309551236324),Rachel Adams Robinson,3111093/920612/3505100,1855012101400,medic-bakti-kimia-bumi-apotik-medik,452
Nusantara Medical Cemerlang Badan Apotek Pharm,Jl. Balai Sari Cluster 5 Kota/Kabupaten JAKARTA BARAT Provinsi DKI JAKARTA,POINT(106.72381856444125 -6.184887669465912),Rachel Carter White,997551/323733/339135,841653318013,nusantara-medical-cemerlang-badan-apotek-pharm,679
Mawar Medical Indah Badan Bersama Medika,Jl. Rambutan Indah Komplek 68 Kota/Kabupaten TOJO UNA-UNA Provinsi SULAWESI TENGAH,POINT(121.6082748852224 -0.8566113964718731),Rachel Williams Williams,448150/523653/2713101,8310981010010108,mawar-medical-indah-badan-bersama-medika,357
Prima Prima Bahagia Medic Farma Sehat,Jl. Rambutan Kecil Cluster 33 Kota/Kabupaten SORONG SELATAN Provinsi PAPUA BARAT,POINT(132.14117828376942 -1.70734478881824),Emily Harris Davis,5311109/220719/530454,8704851036165,prima-prima-bahagia-medic-farma-sehat,30
Mawar Bumi Lestari Obat Medika Apotek,Jl. Jeruk Pendek Blok 32 Kota/Kabupaten SERUYAN Provinsi KALIMANTAN TENGAH,POINT(112.16801767665876 -3.02036696765218),Sarah Parker Jackson,420812/469332/332501,8121069251033,mawar-bumi-lestari-obat-medika-apotek,13
Sejahtera Sehat Tubuh Apotik Medik Pharma,Jl. Kuda Kecil Komplek 88 Kota/Kabupaten ROKAN HULU Provinsi RIAU,POINT(100.51912821634126 0.5947996470529393),Lauren Johnson Jackson,543109/2229010/239967,800780381716,sejahtera-sehat-tubuh-apotik-medik-pharma,456
Nusantara Sejahtera Badan Amanah Farma Bersama,Jl. Anjing Tinggi Cluster 54 Kota/Kabupaten BULUKUMBA Provinsi SULAWESI SELATAN,POINT(120.30183906485544 -5.363528000437078),Mark Parker Harris,241952/208999/814635,1088812191099,nusantara-sejahtera-badan-amanah-farma-bersama,303
Bahagia Surya Apotik Bumi Jaya Medika,Jl. Durian Sari Komplek 99 Kota/Kabupaten KUTAI TIMUR Provinsi KALIMANTAN TIMUR,POINT(117.3662757644274 0.8729364614873614),Brittany Lewis Smith,10107112/211044/53410100,81848310010709,bahagia-surya-apotik-bumi-jaya-medika,26
Terang Prima Harmoni Farmasi Medik Pharma,Jl. Mangga Kecil Cluster 59 Kota/Kabupaten BERAU Provinsi KALIMANTAN TIMUR,POINT(116.3197809268376 2.083459249530096),Sarah Brown Smith,816653/282625/5638010,2310076948160,terang-prima-harmoni-farmasi-medik-pharma,168
Toko Bakti Jaya Sejahtera Farma Sejahtera,Jl. Tembok Indah Komplek 87 Kota/Kabupaten MALUKU TENGGARA BARAT Provinsi MALUKU,POINT(131.55108846292185 -7.207636770241287),Matt Anderson Brown,958136/926303/300633,890608138111,toko-bakti-jaya-sejahtera-farma-sejahtera,215
Indah Jaya Farmasi Lestari Bersama Sejahtera,Jl. Gedung Kecil Cluster 46 Kota/Kabupaten GROBOGAN Provinsi JAWA TENGAH,POINT(111.13024861843869 -7.195885131499093),Ashley Smith Miller,457128/2211043/798053,9091840101410,indah-jaya-farmasi-lestari-bersama-sejahtera,253
Surya Surya Bahagia Mawar Pharm Sejahtera,Jl. Kota Tinggi Wilayah 77 Kota/Kabupaten PUNCAK Provinsi PAPUA,POINT(137.34443744407167 -4.102680542611057),Mark Hill Thompson,601127/275243/155433,479257419008,surya-surya-bahagia-mawar-pharm-sejahtera,157
Toko Medic Makmur Medical Medik Apotik,Jl. Durian Cermat Wilayah 32 Kota/Kabupaten KUTAI KARTANEGARA Provinsi KALIMANTAN TIMUR,POINT(115.91270322238016 0.5733302450642555),John Clark Anderson,812525/657032/139100,7710301381384,toko-medic-makmur-medical-medik-apotik,236
Sehat Medic Toko Surya Apotik Sejahtera,Jl. Kebun Cerah Wilayah 57 Kota/Kabupaten PARIGI MOUTONG Provinsi SULAWESI TENGAH,POINT(120.22762530214618 -0.8642015630996553),Allison Jackson Williams,219410/2104932/961939,274904840419,sehat-medic-toko-surya-apotik-sejahtera,34
Sehat Terang Cemerlang Toko Sehat Jaya,Jl. Jeruk Kecil Daerah 2 Kota/Kabupaten BENGKULU UTARA Provinsi BENGKULU,POINT(102.17767758944686 -3.266054883019493),Emily Roberts Anderson,1060421/7280101/7810083,810121291801,sehat-terang-cemerlang-toko-sehat-jaya,458
Surya Murni Lestari Medic Apotek Farma,Jl. Tembok Pendek Daerah 22 Kota/Kabupaten MAPPI Provinsi PAPUA,POINT(139.7093573245706 -5.4449511438731895),John Williams Wilson,374191/1991042/354249,301922870980,surya-murni-lestari-medic-apotek-farma,363
Lestari Jaya Sejahtera Bakti Medik Pharm,Jl. Gajah Pintar Wilayah 44 Kota/Kabupaten KOTABARU Provinsi KALIMANTAN SELATAN,POINT(116.33885897498784 -2.527418026990837),Allison Carter Moore,177945/354692/3109532,3040341107806,lestari-jaya-sejahtera-bakti-medik-pharm,531
Toko Bakti Cemerlang Badan Apotik Jaya,Jl. Jeruk Sejahtera Blok 95 Kota/Kabupaten KAYONG UTARA Provinsi KALIMANTAN BARAT,POINT(109.51168274162244 -1.0037557425606956),John Taylor Harris,6147101/2021410/690473,230186103310410,toko-bakti-cemerlang-badan-apotik-jaya,69
Harmoni Farmasi Prima Kimia Sehat Apotek,Jl. Durian Kecil Daerah 68 Kota/Kabupaten MUARA ENIM Provinsi SUMATERA SELATAN,POINT(103.34329169946398 -4.286108441860419),Michael Johnson Taylor,2110157/10204100/2310885,48273810881001,harmoni-farmasi-prima-kimia-sehat-apotek,697
Kimia Sentorsa Berkah Medic Pharm Sehat,Jl. Kuda Cerah Komplek 77 Kota/Kabupaten MAMBERAMO RAYA Provinsi PAPUA,POINT(137.94513922229177 -1.8662617725524149),Sarah Parker Brown,1012157/418225/937309,414217830104,kimia-sentorsa-berkah-medic-pharm-sehat,436
Medic Bahagia Cemerlang Tubuh Pharma Apotek,Jl. Kebun Kecil Komplek 69 Kota/Kabupaten SAROLANGUN Provinsi JAMBI,POINT(102.70992253620166 -2.4252597322520053),Tom Williams Williams,5841051/61010682/31013010,2110850550101,medic-bahagia-cemerlang-tubuh-pharma-apotek,627
Sehat Bumi Farmasi Surya Jaya Farma,Jl. Sirih Cepat Komplek 9 Kota/Kabupaten TORAJA UTARA Provinsi SULAWESI SELATAN,POINT(119.96091266913623 -3.0201577356483345),Matt Clark Taylor,188179/409442/1068733,978918032068,sehat-bumi-farmasi-surya-jaya-farma,322
Terang Harmoni Cemerlang Sehat Apotik Medik,Jl. Mangga Jenius Blok 6 Kota/Kabupaten SUKAMARA Provinsi KALIMANTAN TENGAH,POINT(111.22470312940884 -2.493813161584468),Jason Smith White,5196810/888321/795693,182318985400,terang-harmoni-cemerlang-sehat-apotik-medik,630
Jaya Murni Lestari Toko Apotik Medik,Jl. Rambutan Cerdas Wilayah 3 Kota/Kabupaten ROKAN HILIR Provinsi RIAU,POINT(100.52707248537553 1.7523317153966411),Tom Thomas Davis,922671/2102539/855832,426591082601,jaya-murni-lestari-toko-apotik-medik,477
Terang Bahagia Bakti Obat Apotik Apotek,Jl. Anjing Besar Wilayah 46 Kota/Kabupaten LANNY JAYA Provinsi PAPUA,POINT(138.48335118264148 -4.146485986744844),Matt Parker White,186481/622090/394463,800762080210,terang-bahagia-bakti-obat-apotik-apotek,672
Murni Obat Surya Mutiara Pharma Bersama,Jl. Pisang Kecil Komplek 19 Kota/Kabupaten MALINAU Provinsi KALIMANTAN UTARA,POINT(115.7310616843537 3.3565732654015807),Matt Smith Taylor,38810110/560542/312417,2970491840610,murni-obat-surya-mutiara-pharma-bersama,926
Makmur Jaya Mutiara Bumi Bersama Farma,Jl. Kebun Sari Cluster 35 Kota/Kabupaten MAMASA Provinsi SULAWESI BARAT,POINT(119.59504270105668 -3.099126491248586),Rachel Jones Garcia,111165/321892/431603,298151204186,makmur-jaya-mutiara-bumi-bersama-farma,578
Prima Medic Toko Cemerlang Jaya Medika,Jl. Gajah Cerdas Komplek 25 Kota/Kabupaten MUSI BANYUASIN Provinsi SUMATERA SELATAN,POINT(103.74532007815966 -1.8664264689386056),Tom Parker Davis,388815/122092/522531,8100081182052,prima-medic-toko-cemerlang-jaya-medika,648
Sejahtera Surya Badan Indah Apotek Medik,Jl. Kota Sejahtera Daerah 40 Kota/Kabupaten SIGI Provinsi SULAWESI TENGAH,POINT(119.98560782720786 -1.6158402754450982),Mark Anderson Thompson,8643101/377802/817723,70560101218310,sejahtera-surya-badan-indah-apotek-medik,380
Sehat Berkah Surya Nusantara Pharm Bersama,Jl. Mangga Kecil Daerah 70 Kota/Kabupaten NGAWI Provinsi JAWA TIMUR,POINT(111.47004463217914 -7.471452933351067),Mark Brown Martin,101495/206541/322533,1100911898969,sehat-berkah-surya-nusantara-pharm-bersama,2
Sehat Lestari Bakti Resep Apotik Sejahtera,Jl. Kuda Besar Komplek 85 Kota/Kabupaten MALINAU Provinsi KALIMANTAN UTARA,POINT(115.75320961664814 2.5358165148023915),Mark Adams Williams,751963/209732/2105303,828714582507,sehat-lestari-bakti-resep-apotik-sejahtera,44
Farmasi Toko Mawar Cemerlang Pharm Sejahtera,Jl. Balai Indah Blok 60 Kota/Kabupaten HALMAHERA BARAT Provinsi MALUKU UTARA,POINT(127.59251347518465 1.29332462180858),John Smith White,123881/1042201/31082109,908971920024,farmasi-toko-mawar-cemerlang-pharm-sejahtera,99
Surya Bakti Apotik Tubuh Sejahtera Medika,Jl. Pisang Kecil Cluster 67 Kota/Kabupaten NUNUKAN Provinsi KALIMANTAN UTARA,POINT(117.31348755295376 3.670763619425278),Chris Clark White,8781017/31026610/7109693,23601104428110,surya-bakti-apotik-tubuh-sejahtera-medika,631
Jaya Obat Amanah Mutiara Sejahtera Farma,Jl. Mangga Sejahtera Daerah 9 Kota/Kabupaten MAMBERAMO TENGAH Provinsi PAPUA,POINT(139.05695025006656 -3.45666002490874),Michael Parker Martinez,4151005/7225210/8939103,9343834001081,jaya-obat-amanah-mutiara-sejahtera-farma,609
Badan Bakti Berkah Jaya Pharma Apotik,Jl. Jeruk Kecil Daerah 3 Kota/Kabupaten BANGKA SELATAN Provinsi KEPULAUAN BANGKA BELITUNG,POINT(106.18451472441342 -2.4809834662001915),John Smith White,795219/172420/3105403,428780801254,badan-bakti-berkah-jaya-pharma-apotik,775
Indah Tubuh Prima Bintang Medik Jaya,Jl. Anjing Pintar Cluster 75 Kota/Kabupaten RAJA AMPAT Provinsi PAPUA BARAT,POINT(130.11088769780645 -1.86203023018688),David Nelson Brown,713492/1074562/324075,7918610180560,indah-tubuh-prima-bintang-medik-jaya,421
Surya Bintang Terang Bahagia Sejahtera Pharma,Jl. Durian Sari Daerah 97 Kota/Kabupaten GARUT Provinsi JAWA BARAT,POINT(107.47744234548612 -7.503232044288174),Lauren Jones Robinson,1081506/774922/9733109,854758010077,surya-bintang-terang-bahagia-sejahtera-pharma,55
Tubuh Lestari Terang Farmasi Apotek Jaya,Jl. Apel Cepat Blok 58 Kota/Kabupaten PELALAWAN Provinsi RIAU,POINT(101.62590000987636 -0.0242778072693141),Jason Brown Thompson,618332/227090/9105340,1108741794608,tubuh-lestari-terang-farmasi-apotek-jaya,56
Toko Terang Sentorsa Medic Medika Pharm,Jl. Jeruk Pintar Wilayah 99 Kota/Kabupaten SERAM BAGIAN TIMUR Provinsi MALUKU,POINT(130.5593581923202 -3.2331966036114643),David Roberts Martinez,171943/631241/474395,3110801970416,toko-terang-sentorsa-medic-medika-pharm,549
Bumi Cemerlang Bakti Tubuh Apotik Bersama,Jl. Mangga Sari Wilayah 41 Kota/Kabupaten NAGEKEO Provinsi NUSA TENGGARA TIMUR,POINT(121.24356872287149 -8.791215882019335),Steve Carter Martinez,411389/2878109/249361,5111028827510,bumi-cemerlang-bakti-tubuh-apotik-bersama,105
Harmoni Sentorsa Lestari Berkah Bersama Sehat,Jl. Tembok Pintar Blok 21 Kota/Kabupaten JAYAPURA Provinsi PAPUA,POINT(140.13172413486794 -2.7588413589841405),Mark Jackson Thompson,11010056/346952/3620106,10256158061084,harmoni-sentorsa-lestari-berkah-bersama-sehat,66
Apotik Badan Prima Tubuh Apotik Bersama,Jl. Kucing Cerdas Komplek 54 Kota/Kabupaten BANGGAI Provinsi SULAWESI TENGAH,POINT(122.17988577703096 -0.8818684578144271),Tom Thomas Miller,113035/1071260/399436,2810043085190,apotik-badan-prima-tubuh-apotik-bersama,963
Surya Murni Apotik Obat Sejahtera Medika,Jl. Anjing Besar Wilayah 78 Kota/Kabupaten KOTAWARINGIN TIMUR Provinsi KALIMANTAN TENGAH,POINT(113.1279043336034 -2.496644864440775),Tom Harris Moore,8127410/8282310/238501,4011108283271,surya-murni-apotik-obat-sejahtera-medika,73
Resep Nusantara Sentorsa Prima Bersama Medik,Jl. Mangga Pendek Wilayah 67 Kota/Kabupaten MERAUKE Provinsi PAPUA,POINT(140.8827498586922 -7.63672969194015),Emily Jones Jackson,231587/29107410/612390,37101810069701,resep-nusantara-sentorsa-prima-bersama-medik,129
Jaya Harmoni Murni Kimia Sejahtera Farma,Jl. Kota Sari Komplek 63 Kota/Kabupaten KAPUAS Provinsi KALIMANTAN TENGAH,POINT(114.50623258751516 -2.2361104149907014),Sarah Nelson Williams,3211100/786328/3103731,4386821018103,jaya-harmoni-murni-kimia-sejahtera-farma,11
Apotik Jaya Sejahtera Obat Apotek Farma,Jl. Pisang Tinggi Daerah 2 Kota/Kabupaten SARMI Provinsi PAPUA,POINT(138.30256531379922 -1.8479838030922977),Matt Adams Garcia,9561015/3481032/3081073,540033301682,apotik-jaya-sejahtera-obat-apotek-farma,38
Toko Surya Bintang Mawar Farma Sehat,Jl. Gedung Pendek Wilayah 62 Kota/Kabupaten ACEH JAYA Provinsi ACEH,POINT(95.7741389062023 4.907915990742087),Brittany Roberts Martinez,912096/97101022/236340,8175391064460,toko-surya-bintang-mawar-farma-sehat,887
Resep Terang Medic Indah Pharma Sejahtera,Jl. Pisang Indah Daerah 3 Kota/Kabupaten NAGEKEO Provinsi NUSA TENGGARA TIMUR,POINT(121.26927732477502 -8.5185409062674),Mark Anderson Brown,126301/542024/3210680,6391086171039,resep-terang-medic-indah-pharma-sejahtera,195
Jaya Medical Surya Toko Pharma Pharm,Jl. Kebun Cerdas Cluster 40 Kota/Kabupaten INDRAGIRI HULU Provinsi RIAU,POINT(102.63413854539112 -0.2956981042438631),Brittany Martinez Anderson,562691/668272/2106937,211104367982,jaya-medical-surya-toko-pharma-pharm,79
Berkah Bahagia Medic Apotik Sejahtera Medik,Jl. Mangga Kecil Blok 49 Kota/Kabupaten BANGGAI Provinsi SULAWESI TENGAH,POINT(123.12552614978674 -0.6856727983441822),Jessica White Miller,388104/1082230/1090293,1031071014058810,berkah-bahagia-medic-apotik-sejahtera-medik,69
Tenaga Sentorsa Kimia Mawar Bersama Farma,Jl. Tembok Pendek Blok 74 Kota/Kabupaten MUARA ENIM Provinsi SUMATERA SELATAN,POINT(103.81044962229164 -3.797417181256968),Brittany Williams Moore,471122/7032210/663539,6884690511810,tenaga-sentorsa-kimia-mawar-bersama-farma,626
Badan Sejahtera Obat Bakti Sejahtera Apotek,Jl. Rambutan Pendek Wilayah 48 Kota/Kabupaten MAMBERAMO RAYA Provinsi PAPUA,POINT(137.60337624519275 -1.7207378304310763),Tom Anderson Harris,7101078/276908/373891,509389533061,badan-sejahtera-obat-bakti-sejahtera-apotek,291
Lestari Makmur Berkah Jaya Apotek Pharma,Jl. Kucing Cepat Blok 98 Kota/Kabupaten EMPAT LAWANG Provinsi SUMATERA SELATAN,POINT(102.76207060274275 -3.809338523125167),Katie Williams Thompson,91010110/5961023/10610939,1488805797102,lestari-makmur-berkah-jaya-apotek-pharma,383
Nusantara Bintang Tenaga Obat Sejahtera Apotik,Jl. Mangga Cerdas Blok 18 Kota/Kabupaten LANGKAT Provinsi SUMATERA UTARA,POINT(98.44482976854664 3.259978968173824),Megan Smith Moore,1246310/202440/314230,2779106319108,nusantara-bintang-tenaga-obat-sejahtera-apotik,23
Jaya Bakti Medic Berkah Pharm Bersama,Jl. Kuda Besar Blok 54 Kota/Kabupaten SIJUNJUNG Provinsi SUMATERA BARAT,POINT(101.16231675627138 -0.5599492158579569),Alex Thomas Wilson,1910880/823169/4943410,724413863300,jaya-bakti-medic-berkah-pharm-bersama,262
Mawar Tubuh Terang Nusantara Apotek Medik,Jl. Anjing Pintar Wilayah 4 Kota/Kabupaten HALMAHERA TIMUR Provinsi MALUKU UTARA,POINT(128.54359471966598 1.2481596540709194),Katie Parker Thompson,1510453/228729/1073904,4371564410840,mawar-tubuh-terang-nusantara-apotek-medik,858
Bumi Prima Medical Lestari Apotik Sehat,Jl. Kucing Pintar Blok 78 Kota/Kabupaten KUPANG Provinsi NUSA TENGGARA TIMUR,POINT(123.92793046400097 -9.486225212532352),Steve Clark Martinez,986351/9010297/8661043,6907199971028,bumi-prima-medical-lestari-apotik-sehat,631
Surya Lestari Jaya Mawar Sehat Sejahtera,Jl. Ikan Sejahtera Wilayah 47 Kota/Kabupaten SIMALUNGUN Provinsi SUMATERA UTARA,POINT(99.38682220231568 2.9355383663335104),Alex Taylor Smith,728519/407082/931921,9291098134080,surya-lestari-jaya-mawar-sehat-sejahtera,11
Kimia Bakti Makmur Medic Farma Bersama,Jl. Kucing Cermat Komplek 65 Kota/Kabupaten BOLAANG MONGONDOW TIMUR Provinsi SULAWESI UTARA,POINT(124.50283864274184 0.7162818469525991),Brittany Thomas Thompson,2101193/160429/3910468,11020310154987,kimia-bakti-makmur-medic-farma-bersama,995
Medic Toko Obat Medical Apotek Jaya,Jl. Gedung Pendek Wilayah 83 Kota/Kabupaten MAMBERAMO TENGAH Provinsi PAPUA,POINT(139.0391253141063 -3.7334198588938863),John White Thompson,160473/266722/930963,888584516050,medic-toko-obat-medical-apotek-jaya,206
Berkah Amanah Sehat Cemerlang Apotek Bersama,Jl. Kebun Pintar Daerah 33 Kota/Kabupaten LAMANDAU Provinsi KALIMANTAN TENGAH,POINT(111.48543066846004 -2.153280178986142),Sarah Smith Miller,9171015/920445/339770,400106519101078,berkah-amanah-sehat-cemerlang-apotek-bersama,233
Bintang Berkah Mutiara Nusantara Sejahtera Sehat,Jl. Gunung Cepat Daerah 3 Kota/Kabupaten KONAWE Provinsi SULAWESI TENGGARA,POINT(121.67155762103066 -3.1247965485988285),Brittany Lewis Martinez,1019860/898252/1096003,2010783162309,bintang-berkah-mutiara-nusantara-sejahtera-sehat,43
Lestari Murni Bahagia Medic Farma Sejahtera,Jl. Gajah Sejahtera Wilayah 44 Kota/Kabupaten SERUYAN Provinsi KALIMANTAN TENGAH,POINT(112.51308782102198 -2.6543288286017432),Tom Brown Garcia,1021221/298994/730442,584093291985,lestari-murni-bahagia-medic-farma-sejahtera,446
Toko Bintang Medic Nusantara Sejahtera Bersama,Jl. Gedung Cerah Komplek 98 Kota/Kabupaten KUTAI KARTANEGARA Provinsi KALIMANTAN TIMUR,POINT(116.3514246091553 0.2654313891576585),Allison Hill Moore,434711/436602/10302104,254502041184,toko-bintang-medic-nusantara-sejahtera-bersama,580
Medic Indah Sentorsa Prima Bersama Pharm,Jl. Kuda Indah Komplek 22 Kota/Kabupaten PEGUNUNGAN BINTANG Provinsi PAPUA,POINT(140.32220197877007 -4.2892386088213215),Chris Adams Davis,9104641/556210/848639,6669084103001,medic-indah-sentorsa-prima-bersama-pharm,465
Resep Lestari Harmoni Mawar Bersama Pharma,Jl. Jeruk Sari Komplek 92 Kota/Kabupaten PUNCAK Provinsi PAPUA,POINT(137.1822580712271 -3.854212065656528),Rachel Anderson Brown,2110428/522878/329952,291221028609,resep-lestari-harmoni-mawar-bersama-pharma,977
Kimia Obat Amanah Mawar Jaya Sehat,Jl. Anjing Besar Blok 62 Kota/Kabupaten TAMBRAUW Provinsi PAPUA BARAT,POINT(132.78398499601195 -0.6340256564761564),Chris Jackson Thompson,8071910/726358/313018,484219388690,kimia-obat-amanah-mawar-jaya-sehat,452
Prima Badan Toko Resep Farma Apotik,Jl. Anjing Besar Wilayah 13 Kota/Kabupaten LUWU TIMUR Provinsi SULAWESI SELATAN,POINT(120.82963037926304 -2.510193839795784),Ashley Harris Anderson,815641/833254/339285,1368908310150,prima-badan-toko-resep-farma-apotik,383
Surya Kimia Nusantara Makmur Medik Medika,Jl. Durian Indah Daerah 64 Kota/Kabupaten TEBO Provinsi JAMBI,POINT(102.21782808001284 -1.0133714922915686),Ashley White Thomas,762351/259043/969533,585373645120,surya-kimia-nusantara-makmur-medik-medika,614
Medic Berkah Toko Obat Jaya Bersama,Jl. Pisang Besar Blok 32 Kota/Kabupaten TASIKMALAYA Provinsi JAWA BARAT,POINT(108.13240447220392 -7.0704591301697945),Alex Nelson Harris,111656/594022/535143,613832107074,medic-berkah-toko-obat-jaya-bersama,477
Resep Jaya Murni Toko Pharm Pharma,Jl. Sirih Kecil Wilayah 44 Kota/Kabupaten KETAPANG Provinsi KALIMANTAN BARAT,POINT(110.96954646679464 -0.5429749018635892),Alex Taylor Davis,1010190/324351/513153,1035101004608,resep-jaya-murni-toko-pharm-pharma,23
Terang Surya Lestari Indah Pharm Medika,Jl. Ikan Cepat Daerah 91 Kota/Kabupaten MERAUKE Provinsi PAPUA,POINT(140.91382469844274 -7.103823942034845),Emily Anderson Johnson,10011015/10710128/307136,1105157194580,terang-surya-lestari-indah-pharm-medika,744
Amanah Indah Jaya Sejahtera Farma Pharma,Jl. Ikan Jenius Komplek 39 Kota/Kabupaten PUNCAK Provinsi PAPUA,POINT(137.27651838776836 -3.2780435488977293),Rachel Jones Davis,277169/421106/1026735,117068065898,amanah-indah-jaya-sejahtera-farma-pharma,66
Bintang Sejahtera Surya Tenaga Apotik Sejahtera,Jl. Kuda Indah Daerah 89 Kota/Kabupaten MALUKU TENGAH Provinsi MALUKU,POINT(129.39295937778684 -3.410878678048655),Sarah Taylor Harris,1610452/4253106/3645106,824028982961,bintang-sejahtera-surya-tenaga-apotik-sejahtera,627
Kimia Berkah Bumi Bahagia Medika Farma,Jl. Rambutan Kecil Daerah 74 Kota/Kabupaten KOLAKA UTARA Provinsi SULAWESI TENGGARA,POINT(121.37182256608372 -3.3036216036237107),Emily Jackson Martin,918343/2102314/342767,4829050109177,kimia-berkah-bumi-bahagia-medika-farma,164
Nusantara Murni Surya Medical Pharm Farma,Jl. Sirih Cerdas Komplek 56 Kota/Kabupaten LUWU Provinsi SULAWESI SELATAN,POINT(120.1614978626102 -3.390378648740056),Megan Anderson White,911714/21010542/3410634,553403113718,nusantara-murni-surya-medical-pharm-farma,127
Jaya Mawar Jaya Amanah Sejahtera Apotik,Jl. Rambutan Pendek Blok 76 Kota/Kabupaten MINAHASA UTARA Provinsi SULAWESI UTARA,POINT(125.08365618266878 1.8385859743918795),Allison Harris Jones,291312/2586109/140323,350949180917,jaya-mawar-jaya-amanah-sejahtera-apotik,297
Kimia Sehat Farmasi Amanah Pharm Apotek,Jl. Jeruk Jenius Komplek 17 Kota/Kabupaten OGAN KOMERING ILIR Provinsi SUMATERA SELATAN,POINT(105.54278550542742 -3.6268709140297286),Michael White Miller,175215/126379/693958,603816581270,kimia-sehat-farmasi-amanah-pharm-apotek,77
Prima Mutiara Tenaga Mawar Apotik Medika,Jl. Durian Sari Cluster 6 Kota/Kabupaten SARMI Provinsi PAPUA,POINT(138.26073217468485 -1.89012890165192),Mark Anderson Garcia,167216/1221063/335708,389408344551,prima-mutiara-tenaga-mawar-apotik-medika,940
Sentorsa Mawar Prima Medic Sejahtera Medik,Jl. Rambutan Cermat Wilayah 31 Kota/Kabupaten KUTAI BARAT Provinsi KALIMANTAN TIMUR,POINT(116.14986348314886 -0.9996910842398048),Chris Smith Martinez,1105901/2411031/31013010,127529636480,sentorsa-mawar-prima-medic-sejahtera-medik,995
Tenaga Jaya Bahagia Resep Apotik Sejahtera,Jl. Kucing Cepat Cluster 75 Kota/Kabupaten KAIMANA Provinsi PAPUA BARAT,POINT(133.78279524367233 -3.454723961331672),Sarah Hill Martin,813652/315252/948433,1873631004051,tenaga-jaya-bahagia-resep-apotik-sejahtera,193
Mutiara Harmoni Sejahtera Berkah Jaya Sehat,Jl. Kota Kecil Wilayah 94 Kota/Kabupaten KARAWANG Provinsi JAWA BARAT,POINT(107.3588235013437 -6.466535280411118),Steve Harris Thompson,416620/107102610/433959,10104980103277,mutiara-harmoni-sejahtera-berkah-jaya-sehat,138
Surya Jaya Kimia Bakti Farma Sehat,Jl. Tembok Sari Blok 11 Kota/Kabupaten KONAWE Provinsi SULAWESI TENGGARA,POINT(121.98687643812544 -3.999149098413958),Sarah Smith Smith,10010105/204436/34103910,9490911081220,surya-jaya-kimia-bakti-farma-sehat,430
Bumi Apotik Terang Amanah Sehat Farma,Jl. Jeruk Sari Daerah 26 Kota/Kabupaten ACEH JAYA Provinsi ACEH,POINT(95.78070275297743 4.59177819446341),Rachel Williams Martinez,125193/2821021/2310039,4866785100510,bumi-apotik-terang-amanah-sehat-farma,613
Sentorsa Makmur Cemerlang Tenaga Apotik Sehat,Jl. Apel Sari Daerah 58 Kota/Kabupaten SUMBA TIMUR Provinsi NUSA TENGGARA TIMUR,POINT(120.18562727875164 -9.495031333457456),Steve Smith Taylor,724121/709126/438028,9889101315061,sentorsa-makmur-cemerlang-tenaga-apotik-sehat,190
Sejahtera Jaya Mutiara Nusantara Farma Sehat,Jl. Apel Kecil Komplek 90 Kota/Kabupaten TEBO Provinsi JAMBI,POINT(102.55910502335624 -1.6240803869516611),Jessica Nelson White,800010/7510026/837181,138188056685,sejahtera-jaya-mutiara-nusantara-farma-sehat,519
Bumi Farmasi Kimia Jaya Medik Medika,Jl. Balai Kecil Wilayah 8 Kota/Kabupaten KUTAI BARAT Provinsi KALIMANTAN TIMUR,POINT(115.4761539189276 -0.2934821993272809),Jason Adams Jackson,489197/2866103/7831033,841253101872,bumi-farmasi-kimia-jaya-medik-medika,103
Resep Terang Bumi Jaya Apotek Sejahtera,Jl. Sirih Sejahtera Wilayah 18 Kota/Kabupaten TOJO UNA-UNA Provinsi SULAWESI TENGAH,POINT(121.52254029733264 -1.1964873242539191),Brittany Taylor Martin,372100/428695/237698,5180066551042,resep-terang-bumi-jaya-apotek-sejahtera,78
Jaya Makmur Lestari Kimia Medika Apotik,Jl. Pisang Cerah Daerah 88 Kota/Kabupaten INTAN JAYA Provinsi PAPUA,POINT(136.90257084547568 -3.3757380393799528),Alex Anderson Robinson,41010431/523826/606538,811100268933,jaya-makmur-lestari-kimia-medika-apotik,28
Sehat Badan Bakti Medical Sehat Apotek,Jl. Mangga Jenius Wilayah 62 Kota/Kabupaten GAYO LUES Provinsi ACEH,POINT(97.5431573725917 3.848138759479397),Tom Clark White,2110142/375072/349763,10091061910787,sehat-badan-bakti-medical-sehat-apotek,286
Surya Resep Mutiara Surya Jaya Sejahtera,Jl. Rambutan Indah Komplek 85 Kota/Kabupaten YALIMO Provinsi PAPUA,POINT(139.46005248176044 -3.870190789607777),Allison Anderson Davis,51101105/720518/372217,700428141040,surya-resep-mutiara-surya-jaya-sejahtera,129
Resep Indah Badan Bumi Medika Sejahtera,Jl. Rambutan Tinggi Blok 60 Kota/Kabupaten PANDEGLANG Provinsi BANTEN,POINT(105.7461640922867 -6.648443018221792),Chris Anderson Johnson,467301/4225410/232756,800017188606,resep-indah-badan-bumi-medika-sejahtera,40
Tenaga Farmasi Mawar Nusantara Apotik Bersama,Jl. Apel Sejahtera Cluster 69 Kota/Kabupaten NAGAN RAYA Provinsi ACEH,POINT(96.58424906343528 3.812434588829362),David Taylor Thompson,164913/324078/636443,2790781109802,tenaga-farmasi-mawar-nusantara-apotik-bersama,807
Makmur Badan Bahagia Amanah Pharma Sejahtera,Jl. Kuda Sari Komplek 89 Kota/Kabupaten GUNUNG MAS Provinsi KALIMANTAN TENGAH,POINT(113.8687064620831 -1.176210096894346),Katie Carter Moore,71100410/1024673/8103044,41079101831071,makmur-badan-bahagia-amanah-pharma-sejahtera,212
Nusantara Toko Apotik Lestari Bersama Sehat,Jl. Gedung Pendek Blok 93 Kota/Kabupaten INDRAGIRI HILIR Provinsi RIAU,POINT(103.09996178235988 -0.3625246914190292),Matt Brown Garcia,1311033/255593/757653,8593314751004,nusantara-toko-apotik-lestari-bersama-sehat,9
Nusantara Surya Obat Medic Jaya Pharm,Jl. Gunung Besar Wilayah 70 Kota/Kabupaten ROKAN HULU Provinsi RIAU,POINT(100.48395513915472 1.2062656456743497),Ashley Jones Garcia,154161/91051082/377206,90654058110510,nusantara-surya-obat-medic-jaya-pharm,2
Prima Apotik Bumi Sentorsa Jaya Bersama,Jl. Anjing Pintar Cluster 12 Kota/Kabupaten TAMBRAUW Provinsi PAPUA BARAT,POINT(132.9640559297149 -0.6245595289192405),Mark Anderson Garcia,122186/582998/924537,815617303948,prima-apotik-bumi-sentorsa-jaya-bersama,77
Jaya Nusantara Tenaga Bintang Bersama Medika,Jl. Kebun Cermat Wilayah 27 Kota/Kabupaten KEPULAUAN ARU Provinsi MALUKU,POINT(134.63444606182532 -5.567775252100754),John Martinez Williams,576158/217087/267324,811122801173,jaya-nusantara-tenaga-bintang-bersama-medika,77
Mawar Murni Medic Nusantara Apotik Jaya,Jl. Mangga Pendek Blok 30 Kota/Kabupaten MAGELANG Provinsi JAWA TENGAH,POINT(110.32885696403692 -7.402925379381122),Lauren Taylor White,729912/257907/930387,680138523180,mawar-murni-medic-nusantara-apotik-jaya,226
Makmur Mutiara Resep Badan Sehat Medik,Jl. Balai Sari Blok 91 Kota/Kabupaten SIAK Provinsi RIAU,POINT(101.34647612125286 0.8932788207259659),Emily Roberts Martinez,9331011/5202107/861372,152109006585,makmur-mutiara-resep-badan-sehat-medik,193
Indah Sehat Nusantara Amanah Pharma Jaya,Jl. Kebun Kecil Komplek 3 Kota/Kabupaten MUKOMUKO Provinsi BENGKULU,POINT(101.11897844514104 -2.444506027896004),Tom Thomas Jones,78101061/442832/1033487,4210850300231,indah-sehat-nusantara-amanah-pharma-jaya,341
Prima Surya Obat Medic Pharma Bersama,Jl. Duku Pendek Blok 72 Kota/Kabupaten BOVEN DIGOEL Provinsi PAPUA,POINT(139.97656455817173 -5.739897669452782),Sarah White Thompson,351272/241853/104323,452057318508,prima-surya-obat-medic-pharma-bersama,748
Mutiara Lestari Medic Murni Bersama Sejahtera,Jl. Kebun Indah Komplek 74 Kota/Kabupaten BERAU Provinsi KALIMANTAN TIMUR,POINT(118.4749104770348 1.4542871155089632),Brittany Brown White,563791/41011082/843541,6022857751001,mutiara-lestari-medic-murni-bersama-sejahtera,4
Mawar Sehat Makmur Sentorsa Apotik Pharma,Jl. Gajah Cepat Blok 57 Kota/Kabupaten MUSI BANYUASIN Provinsi SUMATERA SELATAN,POINT(103.81821600337632 -2.763397971444297),Matt Smith Jones,224016/200150/753444,882050514861,mawar-sehat-makmur-sentorsa-apotik-pharma,784
Badan Harmoni Bintang Medical Medik Farma,Jl. Pisang Tinggi Daerah 21 Kota/Kabupaten SEKADAU Provinsi KALIMANTAN BARAT,POINT(111.23126261800702 0.4499020474447341),Matt Johnson Brown,391601/206302/532902,905187995316,badan-harmoni-bintang-medical-medik-farma,576
Badan Medic Jaya Murni Jaya Sejahtera,Jl. Pisang Cerdas Blok 43 Kota/Kabupaten KUTAI KARTANEGARA Provinsi KALIMANTAN TIMUR,POINT(117.02624279954486 0.2303898852915527),Ashley Carter Taylor,7441011/802209/312873,590115808303,badan-medic-jaya-murni-jaya-sejahtera,75
Apotik Bahagia Lestari Prima Jaya Sejahtera,Jl. Kucing Cerdas Blok 3 Kota/Kabupaten BARITO UTARA Provinsi KALIMANTAN TENGAH,POINT(114.9318263792535 -0.7708740715408009),Sarah Martinez Garcia,1012516/1023413/3107926,190145630845,apotik-bahagia-lestari-prima-jaya-sejahtera,30
Toko Medical Makmur Medic Apotik Medika,Jl. Anjing Pintar Cluster 77 Kota/Kabupaten TAMBRAUW Provinsi PAPUA BARAT,POINT(132.53667554044435 -0.9807050663375634),Megan Williams Robinson,752651/254950/673194,187090187369,toko-medical-makmur-medic-apotik-medika,433
Mutiara Badan Surya Terang Medika Sejahtera,Jl. Apel Tinggi Komplek 97 Kota/Kabupaten SUMBAWA Provinsi NUSA TENGGARA BARAT,POINT(116.98318794995367 -8.548793070754243),Steve Harris Garcia,753681/23101067/8510931,827058178948,mutiara-badan-surya-terang-medika-sejahtera,532
Apotik Nusantara Farmasi Jaya Farma Sehat,Jl. Durian Sejahtera Blok 73 Kota/Kabupaten MALINAU Provinsi KALIMANTAN UTARA,POINT(116.37288811283358 3.222286049060239),Katie Clark Harris,616713/10625310/349786,560131781054,apotik-nusantara-farmasi-jaya-farma-sehat,476
Lestari Medic Prima Bakti Medik Pharma,Jl. Ikan Cepat Daerah 58 Kota/Kabupaten MERAUKE Provinsi PAPUA,POINT(140.4243940237764 -8.055877428440699),Megan Jones Taylor,684521/623480/7210383,6861060177483,lestari-medic-prima-bakti-medik-pharma,312
Terang Mawar Surya Prima Medik Sejahtera,Jl. Duku Besar Wilayah 35 Kota/Kabupaten MAPPI Provinsi PAPUA,POINT(139.15494268096012 -6.737428061558117),Megan Taylor Harris,7109514/523683/391303,202445821128,terang-mawar-surya-prima-medik-sejahtera,77
Mawar Resep Amanah Bahagia Farma Sejahtera,Jl. Kuda Tinggi Cluster 49 Kota/Kabupaten SORONG SELATAN Provinsi PAPUA BARAT,POINT(132.10031724324992 -1.3666699102201196),Tom Johnson Williams,8410861/762325/2061083,71801101006048,mawar-resep-amanah-bahagia-farma-sejahtera,847
Apotik Surya Kimia Sentorsa Jaya Bersama,Jl. Mangga Kecil Wilayah 11 Kota/Kabupaten BELITUNG TIMUR Provinsi KEPULAUAN BANGKA BELITUNG,POINT(108.00115604113056 -2.7569400440944865),Emily Roberts Moore,714505/572941/997403,8501676684710,apotik-surya-kimia-sentorsa-jaya-bersama,294
Makmur Bintang Indah Mawar Farma Bersama,Jl. Balai Cerdas Daerah 8 Kota/Kabupaten PEGUNUNGAN BINTANG Provinsi PAPUA,POINT(140.99484300918184 -5.012108498555716),John Harris Martin,150193/271192/309847,3981015110119,makmur-bintang-indah-mawar-farma-bersama,832
Bakti Amanah Makmur Harmoni Farma Bersama,Jl. Rambutan Pendek Wilayah 5 Kota/Kabupaten MURUNG RAYA Provinsi KALIMANTAN TENGAH,POINT(114.54425938509848 0.5975400865855196),Jason Adams Thomas,17101109/783002/1108639,138818310210,bakti-amanah-makmur-harmoni-farma-bersama,492
Lestari Sentorsa Tenaga Prima Apotik Pharma,Jl. Pisang Kecil Komplek 19 Kota/Kabupaten KEEROM Provinsi PAPUA,POINT(140.6454117256493 -3.5540310823000345),Megan Clark Moore,461957/4107254/3571051,4290441821107,lestari-sentorsa-tenaga-prima-apotik-pharma,362
Sejahtera Bakti Toko Cemerlang Pharma Medik,Jl. Ikan Indah Blok 74 Kota/Kabupaten TANA TORAJA Provinsi SULAWESI SELATAN,POINT(119.6167103409142 -2.750376140521606),Ashley Carter Martin,1014467/244462/110063,80361010618105,sejahtera-bakti-toko-cemerlang-pharma-medik,58
Jaya Mutiara Surya Farmasi Farma Apotek,Jl. Duku Pendek Daerah 80 Kota/Kabupaten MERAUKE Provinsi PAPUA,POINT(140.8823510789421 -7.285390474848912),Allison Smith Williams,417385/560223/382120,5308410179742,jaya-mutiara-surya-farmasi-farma-apotek,277
Makmur Bahagia Medic Nusantara Sejahtera Apotek,Jl. Durian Tinggi Blok 1 Kota/Kabupaten KOTAWARINGIN TIMUR Provinsi KALIMANTAN TENGAH,POINT(112.4111298207116 -1.5526618570615405),Chris Martinez Johnson,161694/2106190/348317,892318720858,makmur-bahagia-medic-nusantara-sejahtera-apotek,484
Sentorsa Surya Lestari Harmoni Sejahtera Sejahtera,Jl. Kucing Pendek Blok 78 Kota/Kabupaten LUWU TIMUR Provinsi SULAWESI SELATAN,POINT(120.9094892883737 -2.355250787622316),Katie Carter Thomas,167144/202040/293741,603418178309,sentorsa-surya-lestari-harmoni-sejahtera-sejahtera,290
Sejahtera Surya Jaya Bahagia Jaya Pharm,Jl. Gedung Sari Daerah 47 Kota/Kabupaten PEGUNUNGAN BINTANG Provinsi PAPUA,POINT(140.68884983371157 -4.091403400887571),Ashley Brown Wilson,800147/231273/5391102,268806611083,sejahtera-surya-jaya-bahagia-jaya-pharm,105
Terang Indah Badan Medic Sehat Medika,Jl. Gunung Cerdas Wilayah 51 Kota/Kabupaten BARITO TIMUR Provinsi KALIMANTAN TENGAH,POINT(115.32977757599691 -1.684934110566342),Ashley Taylor Jackson,1013128/729177/937482,8178150230102,terang-indah-badan-medic-sehat-medika,124
Bintang Makmur Surya Sejahtera Medik Jaya,Jl. Ikan Pendek Komplek 75 Kota/Kabupaten TOBA SAMOSIR Provinsi SUMATERA UTARA,POINT(99.3973465323095 2.51966631275114),David White Miller,9182101/6912107/933495,722188908528,bintang-makmur-surya-sejahtera-medik-jaya,27
Badan Amanah Terang Berkah Apotik Pharma,Jl. Kucing Kecil Blok 5 Kota/Kabupaten BOVEN DIGOEL Provinsi PAPUA,POINT(140.96878372596478 -5.6318053615366255),Rachel Martinez Martin,159244/832080/271380,427130300518,badan-amanah-terang-berkah-apotik-pharma,223
Toko Medic Jaya Kimia Bersama Apotik,Jl. Gedung Kecil Cluster 78 Kota/Kabupaten KUPANG Provinsi NUSA TENGGARA TIMUR,POINT(123.9631377623292 -10.078898928147712),Jessica Jones Garcia,981694/494332/10410334,860041806550,toko-medic-jaya-kimia-bersama-apotik,193
Jaya Sentorsa Toko Sehat Pharma Jaya,Jl. Gunung Pintar Cluster 84 Kota/Kabupaten MAMBERAMO RAYA Provinsi PAPUA,POINT(137.71258543599794 -2.3990436354520157),Emily Brown Smith,9101331/323201/837523,10681986201054,jaya-sentorsa-toko-sehat-pharma-jaya,596
Murni Sehat Resep Tubuh Medika Medik,Jl. Durian Cerdas Daerah 48 Kota/Kabupaten BEKASI Provinsi JAWA BARAT,POINT(107.06816808827232 -6.34800808292248),Katie Johnson Anderson,333170/870026/7351092,982920108908,murni-sehat-resep-tubuh-medika-medik,424
Sehat Jaya Obat Resep Apotik Medika,Jl. Pisang Sari Daerah 68 Kota/Kabupaten BENGKAYANG Provinsi KALIMANTAN BARAT,POINT(108.9387015563558 0.6721991210210536),Brittany Carter Garcia,301123/1067829/2111013,108010061610162,sehat-jaya-obat-resep-apotik-medika,383
Cemerlang Tenaga Sentorsa Bintang Pharma Sejahtera,Jl. Jeruk Jenius Cluster 30 Kota/Kabupaten OGAN KOMERING ULU TIMUR Provinsi SUMATERA SELATAN,POINT(104.80133061891874 -3.905521090540394),Jessica Lewis Wilson,235871/876025/3398104,110461813301,cemerlang-tenaga-sentorsa-bintang-pharma-sejahtera,220
Mawar Jaya Badan Bakti Sejahtera Medika,Jl. Kebun Indah Cluster 58 Kota/Kabupaten SARMI Provinsi PAPUA,POINT(138.5373522592062 -2.0579844589190746),Chris Johnson Harris,61031021/8128109/6534010,683882175088,mawar-jaya-badan-bakti-sejahtera-medika,82
Surya Medic Farmasi Harmoni Jaya Bersama,Jl. Sawah Tinggi Komplek 8 Kota/Kabupaten MURUNG RAYA Provinsi KALIMANTAN TENGAH,POINT(113.59809730751444 -0.1701530338514008),Chris Harris Davis,317114/521439/406362,28101001065377,surya-medic-farmasi-harmoni-jaya-bersama,491
Sentorsa Tubuh Amanah Jaya Jaya Sejahtera,Jl. Kota Sari Cluster 46 Kota/Kabupaten KAIMANA Provinsi PAPUA BARAT,POINT(134.96167322274832 -3.921372278717892),Sarah Lewis Thomas,133931/212572/264135,228308881473,sentorsa-tubuh-amanah-jaya-jaya-sejahtera,964
Sejahtera Tubuh Toko Resep Jaya Sejahtera,Jl. Kota Sejahtera Komplek 93 Kota/Kabupaten BANGKALAN Provinsi JAWA TIMUR,POINT(113.350764272369 -7.12278688541657),Brittany Jones Williams,201917/348269/5310985,7081062910508,sejahtera-tubuh-toko-resep-jaya-sejahtera,122
Jaya Tubuh Mutiara Farmasi Sejahtera Pharm,Jl. Kebun Kecil Daerah 64 Kota/Kabupaten DOMPU Provinsi NUSA TENGGARA BARAT,POINT(117.9376200689334 -8.29686372519717),Alex Clark Martin,1018800/242997/800730,61910132048110,jaya-tubuh-mutiara-farmasi-sejahtera-pharm,376
Bintang Sejahtera Berkah Tubuh Pharma Apotik,Jl. Anjing Indah Blok 40 Kota/Kabupaten MALUKU TENGGARA BARAT Provinsi MALUKU,POINT(131.2564334901178 -7.703568646407902),Katie Clark Johnson,282713/5421073/530286,1824010879754,bintang-sejahtera-berkah-tubuh-pharma-apotik,376
Mawar Bintang Sentorsa Resep Apotik Sejahtera,Jl. Balai Kecil Komplek 22 Kota/Kabupaten LUWU UTARA Provinsi SULAWESI SELATAN,POINT(119.79278181414313 -2.3515054237428945),John Jackson Davis,913181/126611/3935810,443967840158,mawar-bintang-sentorsa-resep-apotik-sejahtera,930
Murni Bintang Farmasi Medic Apotik Bersama,Jl. Tembok Pendek Daerah 71 Kota/Kabupaten MUARO JAMBI Provinsi JAMBI,POINT(104.15283628916386 -1.5945078675354534),Sarah Williams Martinez,4272110/1210578/598380,708221868934,murni-bintang-farmasi-medic-apotik-bersama,735
Sehat Tubuh Medic Lestari Apotek Pharm,Jl. Sawah Kecil Wilayah 70 Kota/Kabupaten MELAWI Provinsi KALIMANTAN BARAT,POINT(111.30022762602846 -0.6802382179012465),John Smith Brown,9100100/322064/3557110,940201691478,sehat-tubuh-medic-lestari-apotek-pharm,68
Terang Indah Mawar Bintang Sehat Farma,Jl. Anjing Kecil Blok 20 Kota/Kabupaten BLORA Provinsi JAWA TENGAH,POINT(111.276491508686 -7.109846375716994),Rachel Nelson Martin,101082101/651502/1074436,102085710611015,terang-indah-mawar-bintang-sehat-farma,436
Terang Sejahtera Tenaga Medic Apotik Pharm,Jl. Sirih Indah Blok 48 Kota/Kabupaten MAMBERAMO RAYA Provinsi PAPUA,POINT(137.6679790786693 -2.890630875163556),Allison Jackson Garcia,509110/510102910/867030,10104080810370,terang-sejahtera-tenaga-medic-apotik-pharm,302
Jaya Sentorsa Mawar Surya Bersama Apotik,Jl. Durian Kecil Cluster 100 Kota/Kabupaten REJANG LEBONG Provinsi BENGKULU,POINT(102.48307855861005 -3.442328833885078),David Adams Martinez,6915710/1092366/610340,1012091318176,jaya-sentorsa-mawar-surya-bersama-apotik,724
Surya Indah Tenaga Jaya Apotik Sejahtera,Jl. Gunung Jenius Daerah 92 Kota/Kabupaten ASMAT Provinsi PAPUA,POINT(138.72849050402846 -4.772531909415268),Alex Roberts Martin,583641/752244/635803,1014275809154,surya-indah-tenaga-jaya-apotik-sejahtera,679
Sehat Cemerlang Makmur Bumi Sejahtera Pharm,Jl. Durian Cerah Daerah 65 Kota/Kabupaten SUMENEP Provinsi JAWA TIMUR,POINT(112.96982709915056 -7.172053222570864),Sarah Thomas Robinson,578110/924206/159623,1020380168428,sehat-cemerlang-makmur-bumi-sejahtera-pharm,961
Harmoni Kimia Sentorsa Badan Jaya Apotek,Jl. Gunung Indah Komplek 72 Kota/Kabupaten ACEH SELATAN Provinsi ACEH,POINT(97.53344656520449 3.119704177889348),John White Johnson,815328/828252/365876,991860192408,harmoni-kimia-sentorsa-badan-jaya-apotek,53
Kimia Prima Murni Jaya Sejahtera Medika,Jl. Durian Cerdas Daerah 44 Kota/Kabupaten ROKAN HULU Provinsi RIAU,POINT(100.35359372749087 1.2032330966988931),Katie Roberts Smith,6311810/7501012/3310489,4180105578804,kimia-prima-murni-jaya-sejahtera-medika,34
Tenaga Sehat Kimia Mawar Medika Medik,Jl. Ikan Cerdas Daerah 94 Kota/Kabupaten POSO Provinsi SULAWESI TENGAH,POINT(120.33848431887564 -1.2453205794998343),Emily Smith Martinez,5510107/138299/855539,681732908503,tenaga-sehat-kimia-mawar-medika-medik,799
Prima Sehat Lestari Harmoni Medika Bersama,Jl. Kucing Indah Blok 85 Kota/Kabupaten PEGUNUNGAN BINTANG Provinsi PAPUA,POINT(140.72795122955338 -5.164310332701696),Tom Carter Martinez,179582/195232/3380010,4670086210101,prima-sehat-lestari-harmoni-medika-bersama,58
Sentorsa Farmasi Harmoni Mutiara Apotek Bersama,Jl. Gedung Kecil Cluster 98 Kota/Kabupaten SINTANG Provinsi KALIMANTAN BARAT,POINT(112.0339716558005 -0.0772728226455683),Matt White Jackson,180349/8253810/935575,15108310825042,sentorsa-farmasi-harmoni-mutiara-apotek-bersama,168
Obat Toko Bakti Surya Sejahtera Sehat,Jl. Sawah Cerah Daerah 8 Kota/Kabupaten HALMAHERA TENGAH Provinsi MALUKU UTARA,POINT(127.9212831359506 0.5415868706190423),Katie Clark Miller,2419100/101024710/616391,1064446769810,obat-toko-bakti-surya-sejahtera-sehat,18
Surya Bintang Prima Resep Apotik Sejahtera,Jl. Kucing Indah Blok 3 Kota/Kabupaten MERANGIN Provinsi JAMBI,POINT(101.8919074692917 -1.851463667845595),Mark Lewis Jones,841402/515526/130080,501538564151,surya-bintang-prima-resep-apotik-sejahtera,867
Sehat Sejahtera Tenaga Jaya Sejahtera Sejahtera,Jl. Gajah Cerdas Daerah 75 Kota/Kabupaten KEPULAUAN MENTAWAI Provinsi SUMATERA BARAT,POINT(100.07945951728672 -2.605347977530082),Allison Taylor Williams,1108400/432209/864033,809885262512,sehat-sejahtera-tenaga-jaya-sejahtera-sejahtera,465
Apotik Harmoni Jaya Berkah Medika Farma,Jl. Balai Kecil Blok 57 Kota/Kabupaten SINTANG Provinsi KALIMANTAN BARAT,POINT(113.3411453624354 0.0033040104106643),Megan Smith Martinez,121376/603923/533325,818118010717,apotik-harmoni-jaya-berkah-medika-farma,99
Indah Prima Tubuh Sehat Sejahtera Pharma,Jl. Rambutan Jenius Komplek 82 Kota/Kabupaten TANJUNG JABUNG TIMUR Provinsi JAMBI,POINT(103.92375157680556 -1.1665439430060385),Steve Smith Smith,896116/271702/4710379,2417744801056,indah-prima-tubuh-sehat-sejahtera-pharma,807
Prima Bakti Bahagia Obat Bersama Sehat,Jl. Gunung Tinggi Komplek 69 Kota/Kabupaten INDRAGIRI HILIR Provinsi RIAU,POINT(103.7375937341712 0.0549149601148002),Mark Adams Thomas,419992/932981/3901100,45810108084710,prima-bakti-bahagia-obat-bersama-sehat,262
Medic Prima Kimia Bintang Pharm Medika,Jl. Kota Pendek Daerah 17 Kota/Kabupaten BANJAR Provinsi KALIMANTAN SELATAN,POINT(115.32503691579576 -3.070358832741056),John Taylor Moore,116323/827015/254763,10109861771006,medic-prima-kimia-bintang-pharm-medika,718
Kimia Surya Terang Bintang Apotek Farma,Jl. Duku Indah Cluster 90 Kota/Kabupaten MINAHASA TENGGARA Provinsi SULAWESI UTARA,POINT(124.630417329438 1.0894391049154013),Jason Thomas Martin,5813108/250498/118382,401804439856,kimia-surya-terang-bintang-apotek-farma,529
Sentorsa Badan Kimia Harmoni Medik Apotik,Jl. Kota Jenius Wilayah 37 Kota/Kabupaten TIMOR TENGAH SELATAN Provinsi NUSA TENGGARA TIMUR,POINT(124.30794814819085 -10.066733512959702),Ashley Smith Jones,218016/3296105/555837,7373781017870,sentorsa-badan-kimia-harmoni-medik-apotik,69
Amanah Farmasi Sentorsa Makmur Apotik Pharm,Jl. Jeruk Cepat Wilayah 13 Kota/Kabupaten KEPULAUAN MENTAWAI Provinsi SUMATERA BARAT,POINT(98.83830568048958 -1.2787564590028868),Chris Anderson Martin,1101965/220328/283434,13510805610840,amanah-farmasi-sentorsa-makmur-apotik-pharm,49
Berkah Sejahtera Obat Medical Sejahtera Bersama,Jl. Gajah Jenius Daerah 85 Kota/Kabupaten TELUK BINTUNI Provinsi PAPUA BARAT,POINT(132.6386329974033 -1.7849648233476518),Chris Johnson Harris,100503/222263/266349,9515871004010,berkah-sejahtera-obat-medical-sejahtera-bersama,336
Jaya Badan Mutiara Bintang Sejahtera Bersama,Jl. Durian Kecil Blok 70 Kota/Kabupaten MAMBERAMO RAYA Provinsi PAPUA,POINT(137.76596205692337 -2.763768816764172),Alex White Harris,823418/4773102/2351084,1840743338107,jaya-badan-mutiara-bintang-sejahtera-bersama,741
Tenaga Terang Berkah Resep Sejahtera Medika,Jl. Mangga Cepat Komplek 16 Kota/Kabupaten KUANTAN SINGINGI Provinsi RIAU,POINT(101.47027562756382 -0.4253235731879776),Megan White Thomas,1091085/112494/9108735,104580072071,tenaga-terang-berkah-resep-sejahtera-medika,648
Bintang Lestari Amanah Prima Jaya Sejahtera,Jl. Sawah Kecil Blok 29 Kota/Kabupaten JAYAPURA Provinsi PAPUA,POINT(140.2127997182721 -2.58208807769028),Emily Brown Williams,8213106/207752/942239,913650009082,bintang-lestari-amanah-prima-jaya-sejahtera,545
Tenaga Bahagia Surya Bakti Sehat Sejahtera,Jl. Pisang Besar Cluster 56 Kota/Kabupaten TAPANULI UTARA Provinsi SUMATERA UTARA,POINT(98.89991135850612 1.771725723086217),Sarah Harris Jones,4101742/21081073/262342,420084099091,tenaga-bahagia-surya-bakti-sehat-sejahtera,346
Kimia Sejahtera Bakti Medic Apotek Farma,Jl. Kebun Jenius Komplek 7 Kota/Kabupaten BANGGAI Provinsi SULAWESI TENGAH,POINT(122.16190243025518 -1.4584488971094078),Ashley Parker Robinson,586811/121260/1098380,6110610718215,kimia-sejahtera-bakti-medic-apotek-farma,348
Obat Jaya Sejahtera Murni Pharm Apotek,Jl. Duku Indah Blok 60 Kota/Kabupaten MAYBRAT Provinsi PAPUA BARAT,POINT(132.5640814288375 -1.4330905014499835),Rachel Parker Johnson,710457/261171/1013317,4652811170410,obat-jaya-sejahtera-murni-pharm-apotek,22
Bintang Makmur Apotik Surya Apotek Pharma,Jl. Tembok Indah Daerah 25 Kota/Kabupaten PUNCAK JAYA Provinsi PAPUA,POINT(137.9186225852132 -3.2364214497080006),Jessica Johnson Jackson,2636101/7992710/368386,947880801470,bintang-makmur-apotik-surya-apotek-pharma,262
Mutiara Farmasi Bahagia Sentorsa Pharma Pharm,Jl. Kuda Pintar Blok 63 Kota/Kabupaten BENGKALIS Provinsi RIAU,POINT(101.70680142063269 1.3082440069988763),Chris Nelson White,1633110/10421072/3037109,313059834837,mutiara-farmasi-bahagia-sentorsa-pharma-pharm,179
Obat Mutiara Jaya Badan Jaya Apotek,Jl. Kucing Kecil Cluster 63 Kota/Kabupaten MUSI RAWAS Provinsi SUMATERA SELATAN,POINT(103.20663677297492 -2.806581633514893),Michael Williams Taylor,1009157/3100752/931329,6735110942180,obat-mutiara-jaya-badan-jaya-apotek,929
Sejahtera Murni Medic Berkah Farma Bersama,Jl. Anjing Besar Blok 36 Kota/Kabupaten PAKPAK BHARAT Provinsi SUMATERA UTARA,POINT(98.24725221345318 2.4222293455813286),John Martinez Miller,371492/751273/1005135,1639408010711,sejahtera-murni-medic-berkah-farma-bersama,55
Jaya Farmasi Terang Bahagia Apotik Medika,Jl. Duku Tinggi Komplek 91 Kota/Kabupaten MAGETAN Provinsi JAWA TIMUR,POINT(111.4067602579436 -7.663311200979663),Steve Adams Williams,361217/214283/5610322,747084515980,jaya-farmasi-terang-bahagia-apotik-medika,180
Medical Indah Resep Bumi Medik Medika,Jl. Gajah Pendek Komplek 20 Kota/Kabupaten NABIRE Provinsi PAPUA,POINT(136.07628383951527 -3.4514782838483065),Steve Harris Anderson,996519/3750210/530393,219871885901,medical-indah-resep-bumi-medik-medika,456
Badan Bakti Cemerlang Medical Jaya Sejahtera,Jl. Kuda Indah Daerah 55 Kota/Kabupaten NDUGA Provinsi PAPUA,POINT(138.19486833699787 -4.5181702770386085),Jason Jones Thomas,5931014/321009/330353,1401081056501010,badan-bakti-cemerlang-medical-jaya-sejahtera,62
Amanah Sentorsa Mawar Kimia Jaya Pharm,Jl. Balai Besar Wilayah 5 Kota/Kabupaten MERAUKE Provinsi PAPUA,POINT(138.5639846399888 -8.119285745799234),Steve Adams Thompson,612596/625143/323087,289962180671,amanah-sentorsa-mawar-kimia-jaya-pharm,27
Harmoni Bintang Sehat Sentorsa Farma Sehat,Jl. Durian Besar Daerah 59 Kota/Kabupaten KATINGAN Provinsi KALIMANTAN TENGAH,POINT(112.86192454563508 -0.9338331566011692),Emily Carter Wilson,4116103/922520/143813,501733886186,harmoni-bintang-sehat-sentorsa-farma-sehat,76
Bumi Harmoni Surya Makmur Bersama Apotek,Jl. Apel Pintar Komplek 35 Kota/Kabupaten KAIMANA Provinsi PAPUA BARAT,POINT(133.26467559102187 -4.213013181854348),Michael Thomas Williams,1016651/8267310/630627,1094110108810304,bumi-harmoni-surya-makmur-bersama-apotek,192
Bahagia Terang Tubuh Apotik Medika Sejahtera,Jl. Apel Indah Komplek 70 Kota/Kabupaten PARIGI MOUTONG Provinsi SULAWESI TENGAH,POINT(120.15481458463157 0.4564061518218043),Brittany Smith Anderson,1098918/1036425/803024,4110817308120,bahagia-terang-tubuh-apotik-medika-sejahtera,355
Harmoni Apotik Obat Indah Apotek Sejahtera,Jl. Mangga Cermat Wilayah 43 Kota/Kabupaten MERAUKE Provinsi PAPUA,POINT(140.07540775998245 -8.16673058327452),Chris Parker Taylor,671122/228964/5899310,4016618010867,harmoni-apotik-obat-indah-apotek-sejahtera,407
Kimia Resep Tubuh Amanah Pharma Jaya,Jl. Anjing Sari Cluster 77 Kota/Kabupaten SUMENEP Provinsi JAWA TIMUR,POINT(113.1175926913349 -7.073684285435604),Chris Taylor Jones,166163/1081233/7899103,10811138100284,kimia-resep-tubuh-amanah-pharma-jaya,31
Medic Sehat Toko Nusantara Sehat Apotik,Jl. Gajah Pintar Cluster 82 Kota/Kabupaten ACEH SINGKIL Provinsi ACEH,POINT(97.77835564680127 2.3749152873073847),Sarah Smith Williams,742014/3220910/953834,10715028107362,medic-sehat-toko-nusantara-sehat-apotik,134
Murni Prima Jaya Tenaga Sehat Farma,Jl. Ikan Kecil Blok 6 Kota/Kabupaten KUTAI BARAT Provinsi KALIMANTAN TIMUR,POINT(115.59412503876835 -0.0979303820382337),Ashley Carter Johnson,841532/670262/299330,878105273994,murni-prima-jaya-tenaga-sehat-farma,262
Harmoni Sentorsa Obat Sehat Sehat Apotek,Jl. Pisang Jenius Wilayah 23 Kota/Kabupaten KONAWE Provinsi SULAWESI TENGGARA,POINT(121.501770947156 -3.1626350250479662),Lauren Lewis Anderson,4110017/10227410/9102345,107418057471010,harmoni-sentorsa-obat-sehat-sehat-apotek,662
Amanah Tenaga Prima Medical Medik Pharma,Jl. Tembok Cerah Daerah 82 Kota/Kabupaten INDRAGIRI HULU Provinsi RIAU,POINT(102.4393052988889 -0.7394535263607551),Lauren Clark Brown,5110590/389024/384374,1831708810284,amanah-tenaga-prima-medical-medik-pharma,80
Sejahtera Badan Prima Prima Medik Sejahtera,Jl. Mangga Pintar Cluster 97 Kota/Kabupaten NATUNA Provinsi KEPULAUAN RIAU,POINT(108.04961885254608 3.97533763485675),Brittany Jones Anderson,1101022/4201022/743077,31081021094471,sejahtera-badan-prima-prima-medik-sejahtera,23
Obat Tenaga Murni Farmasi Apotek Pharma,Jl. Gajah Besar Wilayah 50 Kota/Kabupaten PANGANDARAN Provinsi JAWA BARAT,POINT(108.43713654448844 -7.820190001219336),Alex Smith Davis,1801043/352085/737013,1081801259515,obat-tenaga-murni-farmasi-apotek-pharma,386
Toko Lestari Apotik Makmur Sejahtera Pharma,Jl. Balai Tinggi Wilayah 33 Kota/Kabupaten MAPPI Provinsi PAPUA,POINT(140.03134426381848 -6.81336037474325),Brittany Smith Thomas,2101366/2210108/1036011,1090018746811,toko-lestari-apotik-makmur-sejahtera-pharma,642
Cemerlang Bakti Jaya Sehat Bersama Sejahtera,Jl. Gajah Sejahtera Wilayah 3 Kota/Kabupaten INDRAGIRI HILIR Provinsi RIAU,POINT(103.1633654459614 0.1113048718314946),Chris Parker Davis,1489010/928024/997103,1513907793810,cemerlang-bakti-jaya-sehat-bersama-sejahtera,233
Resep Obat Badan Surya Apotek Pharm,Jl. Mangga Pendek Wilayah 2 Kota/Kabupaten GAYO LUES Provinsi ACEH,POINT(97.12526475823408 4.140323704073092),Emily Lewis Davis,107072/11024100/3421088,89760611012710,resep-obat-badan-surya-apotek-pharm,306
Terang Nusantara Kimia Mutiara Apotek Sejahtera,Jl. Tembok Kecil Komplek 68 Kota/Kabupaten SERANG Provinsi BANTEN,POINT(106.2997281787601 -6.300662929949687),Sarah Roberts Thomas,4143107/91062100/399187,98210110441090,terang-nusantara-kimia-mutiara-apotek-sejahtera,410
Mawar Harmoni Toko Tubuh Sejahtera Pharm,Jl. Sirih Pendek Cluster 76 Kota/Kabupaten KAMPAR Provinsi RIAU,POINT(101.50820674968116 0.2023190950568505),Sarah Jones Johnson,10291041/2171008/10531103,6850108862102,mawar-harmoni-toko-tubuh-sejahtera-pharm,690
Sejahtera Berkah Obat Badan Apotik Sejahtera,Jl. Kucing Besar Cluster 78 Kota/Kabupaten EMPAT LAWANG Provinsi SUMATERA SELATAN,POINT(102.92696328879452 -3.8924520630247006),Alex Hill Wilson,824103/926662/692341,1812560809810,sejahtera-berkah-obat-badan-apotik-sejahtera,89
Bintang Badan Tenaga Indah Jaya Pharma,Jl. Apel Pendek Blok 75 Kota/Kabupaten BUOL Provinsi SULAWESI TENGAH,POINT(121.1600328289794 0.960618839525056),Rachel Adams Harris,1210071/862030/503207,820580541236,bintang-badan-tenaga-indah-jaya-pharma,348
Jaya Berkah Nusantara Cemerlang Jaya Sejahtera,Jl. Pisang Sejahtera Cluster 94 Kota/Kabupaten MESUJI Provinsi LAMPUNG,POINT(105.35879714590564 -3.957571695108104),Rachel Lewis Smith,785491/618240/813000,770793282197,jaya-berkah-nusantara-cemerlang-jaya-sejahtera,717
Resep Harmoni Surya Murni Bersama Sehat,Jl. Gunung Cerdas Daerah 78 Kota/Kabupaten BANGGAI Provinsi SULAWESI TENGAH,POINT(122.06268820074118 -1.149056894337214),Megan Adams Martinez,645197/910102/1043731,831840951960,resep-harmoni-surya-murni-bersama-sehat,557
Jaya Toko Jaya Indah Farma Pharm,Jl. Sawah Tinggi Blok 14 Kota/Kabupaten SIDENRENG RAPPANG Provinsi SULAWESI SELATAN,POINT(120.18600944165335 -3.660028224832323),Alex Williams Robinson,1090163/300229/1032704,842147014128,jaya-toko-jaya-indah-farma-pharm,419
Bumi Terang Mutiara Resep Farma Sehat,Jl. Anjing Cepat Blok 30 Kota/Kabupaten DAIRI Provinsi SUMATERA UTARA,POINT(98.19360633290584 3.004079621787472),Rachel Thomas Martin,9192810/2202710/3101616,780074101017010,bumi-terang-mutiara-resep-farma-sehat,872
Nusantara Bahagia Berkah Sentorsa Medik Pharm,Jl. Kebun Indah Komplek 46 Kota/Kabupaten PEGUNUNGAN BINTANG Provinsi PAPUA,POINT(140.39477009160373 -4.160910626139907),Matt Thomas Thompson,513637/232076/639674,604884815041,nusantara-bahagia-berkah-sentorsa-medik-pharm,269
Apotik Berkah Sejahtera Mawar Jaya Farma,Jl. Gunung Pendek Cluster 77 Kota/Kabupaten BERAU Provinsi KALIMANTAN TIMUR,POINT(118.38925015284144 1.4028372975294872),Sarah Jackson Robinson,1321026/4271410/909503,1026851205100,apotik-berkah-sejahtera-mawar-jaya-farma,217
Prima Surya Toko Kimia Sejahtera Sejahtera,Jl. Mangga Jenius Blok 32 Kota/Kabupaten BERAU Provinsi KALIMANTAN TIMUR,POINT(118.60432377609928 1.1409557753684307),Ashley Nelson Jones,625291/712757/518137,5901810697380,prima-surya-toko-kimia-sejahtera-sejahtera,510
Sentorsa Surya Sejahtera Badan Apotek Sejahtera,Jl. Gedung Besar Blok 86 Kota/Kabupaten LAHAT Provinsi SUMATERA SELATAN,POINT(103.73353035900266 -3.588318993717925),Brittany Carter Garcia,131880/9410291/369119,24023311031018,sentorsa-surya-sejahtera-badan-apotek-sejahtera,461
Lestari Surya Medical Resep Sejahtera Medika,Jl. Rambutan Besar Blok 61 Kota/Kabupaten BARITO SELATAN Provinsi KALIMANTAN TENGAH,POINT(114.93493500903156 -1.806659192135788),Michael Hill Harris,780111/8306210/303741,190283305639,lestari-surya-medical-resep-sejahtera-medika,969
Surya Harmoni Mawar Badan Sejahtera Apotek,Jl. Kebun Indah Wilayah 93 Kota/Kabupaten KUBU RAYA Provinsi KALIMANTAN BARAT,POINT(109.44866098327142 -0.828918717887964),Mark Taylor Anderson,261248/8210247/8010883,803138370015,surya-harmoni-mawar-badan-sejahtera-apotek,462
Toko Bintang Bahagia Prima Apotek Pharm,Jl. Apel Jenius Blok 38 Kota/Kabupaten KUANTAN SINGINGI Provinsi RIAU,POINT(101.574414919469 -0.5131663822389729),Katie Brown Johnson,591547/545226/339077,8218441020551,toko-bintang-bahagia-prima-apotek-pharm,121
Mawar Jaya Tubuh Amanah Sejahtera Medik,Jl. Durian Cermat Komplek 84 Kota/Kabupaten SUMBA BARAT DAYA Provinsi NUSA TENGGARA TIMUR,POINT(119.1602668612194 -9.455161612674106),Brittany Jones Taylor,7100911/952010/432232,811023207585,mawar-jaya-tubuh-amanah-sejahtera-medik,832
Harmoni Mawar Lestari Surya Pharm Sejahtera,Jl. Rambutan Kecil Cluster 16 Kota/Kabupaten BERAU Provinsi KALIMANTAN TIMUR,POINT(118.06892161673608 1.3738677114787876),Rachel Hill Taylor,1366810/255730/347743,652069508451,harmoni-mawar-lestari-surya-pharm-sejahtera,430
Prima Badan Medic Nusantara Pharma Apotek,Jl. Anjing Kecil Komplek 51 Kota/Kabupaten ACEH TIMUR Provinsi ACEH,POINT(97.66579065626506 5.047379816023303),Allison Carter Garcia,739193/1075249/3503104,6841090510544,prima-badan-medic-nusantara-pharma-apotek,808
Toko Prima Amanah Sentorsa Sejahtera Sejahtera,Jl. Jeruk Besar Blok 31 Kota/Kabupaten PEMALANG Provinsi JAWA TENGAH,POINT(109.36243593369814 -6.946078694623257),Tom Taylor Taylor,7441410/9764210/223646,814802155938,toko-prima-amanah-sentorsa-sejahtera-sejahtera,949
Lestari Prima Indah Sentorsa Pharm Sehat,Jl. Apel Kecil Blok 4 Kota/Kabupaten BERAU Provinsi KALIMANTAN TIMUR,POINT(117.03518815964432 2.166612646494663),Ashley Clark Harris,2108419/220236/386580,1077901351487,lestari-prima-indah-sentorsa-pharm-sehat,334
Medical Terang Prima Sejahtera Farma Pharm,Jl. Pisang Cermat Daerah 57 Kota/Kabupaten MERAUKE Provinsi PAPUA,POINT(140.58280118648523 -8.723766547739324),Chris Thomas Davis,309918/6010020/2309103,17108782802110,medical-terang-prima-sejahtera-farma-pharm,325
Jaya Toko Medical Tubuh Medik Apotek,Jl. Sirih Besar Daerah 61 Kota/Kabupaten BULUNGAN Provinsi KALIMANTAN UTARA,POINT(116.67962483573343 2.673799679604256),Michael Parker Taylor,3013109/321464/632656,10110546080741,jaya-toko-medical-tubuh-medik-apotek,436
Jaya Tubuh Bintang Nusantara Bersama Pharma,Jl. Gunung Cermat Cluster 15 Kota/Kabupaten MAMBERAMO RAYA Provinsi PAPUA,POINT(138.0521942246856 -2.484007652033668),Lauren Parker Harris,1016784/646222/382877,325875178650,jaya-tubuh-bintang-nusantara-bersama-pharma,261
Sentorsa Toko Amanah Farmasi Sehat Medika,Jl. Gunung Indah Wilayah 39 Kota/Kabupaten ASAHAN Provinsi SUMATERA UTARA,POINT(99.61572577560824 2.8515362091997787),David Jackson Brown,4358101/1721076/439048,814211578035,sentorsa-toko-amanah-farmasi-sehat-medika,697
Mawar Lestari Medic Amanah Apotik Pharm,Jl. Kuda Besar Blok 69 Kota/Kabupaten LOMBOK TENGAH Provinsi NUSA TENGGARA BARAT,POINT(116.16942820077168 -8.79557137798458),Lauren Carter Smith,549106/4829109/942431,102891034560110,mawar-lestari-medic-amanah-apotik-pharm,248
Kimia Harmoni Tenaga Lestari Apotek Farma,Jl. Tembok Pintar Wilayah 41 Kota/Kabupaten KOTAWARINGIN TIMUR Provinsi KALIMANTAN TENGAH,POINT(112.59056878024694 -1.2542628198350236),Alex Anderson Jackson,595811/4771052/882435,5006371041081,kimia-harmoni-tenaga-lestari-apotek-farma,31
Bakti Surya Cemerlang Prima Apotik Apotek,Jl. Kebun Sejahtera Cluster 51 Kota/Kabupaten BANGKA TENGAH Provinsi KEPULAUAN BANGKA BELITUNG,POINT(106.17598835298868 -2.460298502968712),Jessica Adams Johnson,6321015/564152/357805,140648932886,bakti-surya-cemerlang-prima-apotik-apotek,715
Farmasi Amanah Berkah Medic Sehat Apotek,Jl. Ikan Sejahtera Blok 46 Kota/Kabupaten BIAK NUMFOR Provinsi PAPUA,POINT(135.9023387634875 -0.8748492068411995),Lauren Johnson Moore,10149110/392203/934016,201279874771,farmasi-amanah-berkah-medic-sehat-apotek,15
Mawar Sehat Jaya Kimia Bersama Pharm,Jl. Kuda Cerdas Daerah 12 Kota/Kabupaten KUTAI KARTANEGARA Provinsi KALIMANTAN TIMUR,POINT(117.30807976585024 -0.7046444454818914),Emily Williams Wilson,119981/241022/1080333,801617915682,mawar-sehat-jaya-kimia-bersama-pharm,235
Makmur Jaya Badan Harmoni Medik Apotik,Jl. Apel Pendek Cluster 31 Kota/Kabupaten LOMBOK UTARA Provinsi NUSA TENGGARA BARAT,POINT(116.31953143706208 -8.325407282577684),Megan Thomas Martinez,158804/629533/3210135,18110103851004,makmur-jaya-badan-harmoni-medik-apotik,29
Surya Bakti Terang Apotik Bersama Farma,Jl. Ikan Kecil Wilayah 8 Kota/Kabupaten MAYBRAT Provinsi PAPUA BARAT,POINT(132.2404674268355 -1.0783662160657863),Matt Jones Harris,10301109/243544/124513,347143851091,surya-bakti-terang-apotik-bersama-farma,53
Medic Prima Kimia Murni Pharm Pharma,Jl. Rambutan Indah Blok 26 Kota/Kabupaten BARITO UTARA Provinsi KALIMANTAN TENGAH,POINT(114.96184488595406 -0.7732031252727669),Alex Parker Harris,767135/15710210/98310102,6172006852103,medic-prima-kimia-murni-pharm-pharma,69
Terang Cemerlang Lestari Apotik Apotik Pharma,Jl. Anjing Sejahtera Wilayah 68 Kota/Kabupaten KEPULAUAN SELAYAR Provinsi SULAWESI SELATAN,POINT(120.54056846081689 -5.996914031635423),Megan Roberts Smith,1071151/922421/1351072,8420123809010,terang-cemerlang-lestari-apotik-apotik-pharma,969
Bakti Makmur Surya Prima Jaya Sejahtera,Jl. Gedung Besar Blok 97 Kota/Kabupaten TELUK WONDAMA Provinsi PAPUA BARAT,POINT(133.98290397829763 -2.2086664742429942),John Roberts Johnson,10108116/296822/376552,901125809428,bakti-makmur-surya-prima-jaya-sejahtera,23
Medic Harmoni Mutiara Bahagia Pharma Farma,Jl. Gajah Kecil Komplek 71 Kota/Kabupaten LUWU TIMUR Provinsi SULAWESI SELATAN,POINT(121.52548525732855 -2.881246022997938),Steve Roberts Moore,484144/250836/287361,5102731888104,medic-harmoni-mutiara-bahagia-pharma-farma,755
Sehat Indah Prima Toko Jaya Pharma,Jl. Kuda Sari Daerah 42 Kota/Kabupaten PELALAWAN Provinsi RIAU,POINT(102.480169972459 -0.0319953722768957),Allison Carter Anderson,770157/9527102/6655310,10803187110451,sehat-indah-prima-toko-jaya-pharma,613
Indah Berkah Farmasi Amanah Pharm Apotek,Jl. Kuda Cerah Daerah 84 Kota/Kabupaten KOTAWARINGIN TIMUR Provinsi KALIMANTAN TENGAH,POINT(112.46602656603037 -1.703800657054451),John Martinez Thompson,8021110/335218/137374,1085381892013,indah-berkah-farmasi-amanah-pharm-apotek,166
Toko Lestari Nusantara Terang Sehat Farma,Jl. Gedung Indah Komplek 87 Kota/Kabupaten ASAHAN Provinsi SUMATERA UTARA,POINT(99.49065782759604 2.808161355252347),David Nelson Williams,793931/229625/364730,3405089710501,toko-lestari-nusantara-terang-sehat-farma,11
Medical Harmoni Bumi Berkah Pharm Farma,Jl. Tembok Cepat Wilayah 55 Kota/Kabupaten MAHAKAM ULU Provinsi KALIMANTAN TIMUR,POINT(115.50893095924776 0.4869686096156993),Steve Williams Taylor,1007310/382719/947336,128401971881,medical-harmoni-bumi-berkah-pharm-farma,174
Tubuh Bumi Harmoni Kimia Medika Sejahtera,Jl. Rambutan Jenius Blok 80 Kota/Kabupaten KOTA SINGKAWANG Provinsi KALIMANTAN BARAT,POINT(109.02012259197704 0.8587857405262493),John Harris Robinson,118288/8106321/533333,40110101834733,tubuh-bumi-harmoni-kimia-medika-sejahtera,148
Sejahtera Jaya Berkah Prima Apotek Medik,Jl. Kota Sejahtera Blok 65 Kota/Kabupaten PEGUNUNGAN BINTANG Provinsi PAPUA,POINT(140.68111839980804 -4.154847540088301),Allison Jones Martin,517442/333842/3294410,990811528004,sejahtera-jaya-berkah-prima-apotek-medik,282
Obat Prima Sehat Jaya Pharma Farma,Jl. Ikan Pendek Komplek 43 Kota/Kabupaten PEGUNUNGAN BINTANG Provinsi PAPUA,POINT(140.38640447697756 -4.423553209017268),Alex Thomas Anderson,228001/1982810/2933103,191070148108,obat-prima-sehat-jaya-pharma-farma,342
Amanah Sentorsa Cemerlang Mutiara Medika Bersama,Jl. Ikan Pendek Cluster 69 Kota/Kabupaten MALINAU Provinsi KALIMANTAN UTARA,POINT(115.72520344619528 1.9618248289904687),Jessica Thomas Brown,9661310/527547/903362,171360837196,amanah-sentorsa-cemerlang-mutiara-medika-bersama,654
Amanah Murni Kimia Bakti Apotik Farma,Jl. Kebun Cepat Komplek 44 Kota/Kabupaten KEEROM Provinsi PAPUA,POINT(140.7357939009019 -3.244065292372908),Rachel Parker Williams,21100104/526417/134858,832401300867,amanah-murni-kimia-bakti-apotik-farma,3
Tubuh Toko Berkah Apotik Apotik Pharm,Jl. Apel Kecil Komplek 31 Kota/Kabupaten REJANG LEBONG Provinsi BENGKULU,POINT(102.59361206219134 -3.399101656189424),David Adams Harris,307671/763829/517033,350843772971,tubuh-toko-berkah-apotik-apotik-pharm,120
Prima Harmoni Murni Sejahtera Medik Jaya,Jl. Gedung Kecil Cluster 92 Kota/Kabupaten PELALAWAN Provinsi RIAU,POINT(102.49502598608872 0.5343990477448681),Tom Jackson Brown,6761810/142291/236263,573341820161,prima-harmoni-murni-sejahtera-medik-jaya,648
Resep Sejahtera Toko Amanah Sejahtera Apotik,Jl. Gunung Sejahtera Daerah 98 Kota/Kabupaten LUWU UTARA Provinsi SULAWESI SELATAN,POINT(119.89278552659816 -2.152171518711423),John Clark Williams,1110790/729291/343165,118975138605,resep-sejahtera-toko-amanah-sejahtera-apotik,496
Amanah Bintang Obat Bakti Farma Medika,Jl. Sirih Pintar Wilayah 8 Kota/Kabupaten WAROPEN Provinsi PAPUA,POINT(136.8371312926694 -2.6265487605498787),Emily Johnson Jones,5010214/250988/933387,9074838061410,amanah-bintang-obat-bakti-farma-medika,148
Murni Medic Lestari Obat Farma Sejahtera,Jl. Anjing Sari Wilayah 17 Kota/Kabupaten DHARMASRAYA Provinsi SUMATERA BARAT,POINT(101.4978132926376 -1.1155679835175825),David Clark Smith,346741/229856/350583,5020891041510,murni-medic-lestari-obat-farma-sejahtera,13
Bumi Sejahtera Resep Kimia Medik Pharma,Jl. Kucing Besar Daerah 13 Kota/Kabupaten GAYO LUES Provinsi ACEH,POINT(96.98783267985084 3.9939488941062073),Allison Harris Martinez,9120110/763293/826431,555118818120,bumi-sejahtera-resep-kimia-medik-pharma,277
Murni Jaya Mutiara Harmoni Sehat Sejahtera,Jl. Pisang Cerdas Daerah 5 Kota/Kabupaten LANGKAT Provinsi SUMATERA UTARA,POINT(98.29653468481308 3.735212436029311),John Jones Moore,156806/175932/393640,1817300108165,murni-jaya-mutiara-harmoni-sehat-sejahtera,169
Berkah Makmur Surya Tubuh Sehat Apotek,Jl. Mangga Besar Wilayah 6 Kota/Kabupaten MAGETAN Provinsi JAWA TIMUR,POINT(111.39395040194675 -7.5455578132403955),Steve Clark Thompson,810266/8210246/8485103,811321404420,berkah-makmur-surya-tubuh-sehat-apotek,395
Terang Jaya Harmoni Prima Medik Pharm,Jl. Rambutan Tinggi Wilayah 74 Kota/Kabupaten KERINCI Provinsi JAMBI,POINT(101.19062941731173 -1.8941829452324264),Brittany Harris Taylor,727188/1441020/5623100,9019762410834,terang-jaya-harmoni-prima-medik-pharm,154
Obat Badan Kimia Amanah Sejahtera Apotik,Jl. Ikan Cermat Komplek 30 Kota/Kabupaten KOTABARU Provinsi KALIMANTAN SELATAN,POINT(116.14486566262136 -3.729828674358069),Allison Thomas Martinez,189664/729222/333041,996138260183,obat-badan-kimia-amanah-sejahtera-apotik,868
Sejahtera Murni Prima Prima Sejahtera Bersama,Jl. Kuda Pendek Wilayah 98 Kota/Kabupaten BUTON UTARA Provinsi SULAWESI TENGGARA,POINT(123.08156975587288 -4.51609657940114),Emily Clark Moore,894710/258910/2104374,229000981910,sejahtera-murni-prima-prima-sejahtera-bersama,354
Terang Berkah Badan Medic Pharma Medika,Jl. Jeruk Kecil Blok 32 Kota/Kabupaten KUTAI TIMUR Provinsi KALIMANTAN TIMUR,POINT(117.0078396843382 1.0619899351205628),Emily Parker Harris,1131049/331423/3570100,761768820989,terang-berkah-badan-medic-pharma-medika,999
Lestari Harmoni Surya Bakti Apotek Pharma,Jl. Kucing Kecil Cluster 35 Kota/Kabupaten KEPULAUAN MENTAWAI Provinsi SUMATERA BARAT,POINT(99.68642819504072 -2.174558479133891),Katie White Brown,3701016/203580/327505,570618087706,lestari-harmoni-surya-bakti-apotek-pharma,872
Bakti Resep Kimia Indah Sejahtera Jaya,Jl. Gedung Cepat Cluster 9 Kota/Kabupaten BERAU Provinsi KALIMANTAN TIMUR,POINT(116.71609678534809 2.322685557666567),Alex Parker Johnson,1326110/829540/5610703,3105410048144,bakti-resep-kimia-indah-sejahtera-jaya,109
Kimia Sejahtera Bakti Nusantara Farma Apotik,Jl. Gedung Jenius Komplek 80 Kota/Kabupaten JAYAPURA Provinsi PAPUA,POINT(139.49206123400674 -3.430891122496802),David Parker Brown,2921071/2108599/3347510,7110002142380,kimia-sejahtera-bakti-nusantara-farma-apotik,841
Nusantara Jaya Cemerlang Bakti Medika Medik,Jl. Kuda Indah Komplek 18 Kota/Kabupaten PEGUNUNGAN BINTANG Provinsi PAPUA,POINT(139.9878377370105 -4.11518574350329),Alex Clark Smith,114829/178892/3310395,118500770346,nusantara-jaya-cemerlang-bakti-medika-medik,253
Toko Amanah Berkah Tubuh Farma Sehat,Jl. Apel Besar Komplek 24 Kota/Kabupaten MAMUJU Provinsi SULAWESI BARAT,POINT(119.46299993163105 -2.3376068878447445),Tom Jackson Garcia,5011056/994952/433119,716785383808,toko-amanah-berkah-tubuh-farma-sehat,397
Tenaga Prima Tubuh Surya Apotek Pharm,Jl. Kuda Kecil Cluster 100 Kota/Kabupaten MUSI BANYUASIN Provinsi SUMATERA SELATAN,POINT(104.0366270063463 -2.7341430118801124),John Roberts Harris,566215/682906/6427310,1301064861008,tenaga-prima-tubuh-surya-apotek-pharm,774
Murni Berkah Bakti Badan Medik Bersama,Jl. Pisang Kecil Wilayah 94 Kota/Kabupaten PADANG LAWAS UTARA Provinsi SUMATERA UTARA,POINT(100.1178954511404 1.4506377256558078),Megan Roberts Anderson,100509/692647/749368,5584106011068,murni-berkah-bakti-badan-medik-bersama,407
Bumi Indah Tubuh Sejahtera Apotek Medik,Jl. Tembok Cermat Cluster 62 Kota/Kabupaten PASAMAN BARAT Provinsi SUMATERA BARAT,POINT(99.64743913342622 0.3981540969874828),Jessica Martinez Miller,571309/642645/1106130,9485010125186,bumi-indah-tubuh-sejahtera-apotek-medik,832
Jaya Tenaga Mawar Toko Jaya Apotek,Jl. Gedung Cerdas Daerah 25 Kota/Kabupaten WAY KANAN Provinsi LAMPUNG,POINT(104.41272533686784 -4.698420024619352),Matt Adams Martinez,1086711/553278/3037610,90101815441009,jaya-tenaga-mawar-toko-jaya-apotek,642
Resep Lestari Mutiara Jaya Apotik Medik,Jl. Duku Cerah Cluster 12 Kota/Kabupaten ACEH TENGAH Provinsi ACEH,POINT(96.74159837491914 4.651423344646295),John Hill White,258214/254232/381763,4795841081054,resep-lestari-mutiara-jaya-apotik-medik,142
Bakti Toko Murni Mawar Farma Apotik,Jl. Kucing Sari Daerah 3 Kota/Kabupaten KEEROM Provinsi PAPUA,POINT(140.68787677668504 -3.721352136257514),Steve Clark Moore,3191051/502281/395544,3445010126882,bakti-toko-murni-mawar-farma-apotik,526
Mawar Bahagia Bakti Mutiara Jaya Farma,Jl. Jeruk Cermat Daerah 22 Kota/Kabupaten KUBU RAYA Provinsi KALIMANTAN BARAT,POINT(109.72557576364316 -0.16019593427648),Chris Taylor Robinson,225221/834392/434117,186400235833,mawar-bahagia-bakti-mutiara-jaya-farma,69
Apotik Prima Farmasi Surya Sehat Farma,Jl. Rambutan Indah Wilayah 96 Kota/Kabupaten LAMPUNG BARAT Provinsi LAMPUNG,POINT(104.07888771604163 -5.004545195163477),Allison Parker Garcia,841242/2910622/531722,99310781106809,apotik-prima-farmasi-surya-sehat-farma,185
Obat Sentorsa Mutiara Prima Apotek Apotik,Jl. Ikan Cerdas Wilayah 66 Kota/Kabupaten PULAU MOROTAI Provinsi MALUKU UTARA,POINT(128.3072745594393 2.404266255970745),Sarah Hill Garcia,956136/1162510/651493,485551422701,obat-sentorsa-mutiara-prima-apotek-apotik,49
Amanah Berkah Mutiara Cemerlang Sejahtera Pharma,Jl. Durian Cepat Blok 47 Kota/Kabupaten INDRAGIRI HULU Provinsi RIAU,POINT(101.90746348208968 -0.8253282161113358),Mark Jackson Martin,381174/2102060/324315,788980571535,amanah-berkah-mutiara-cemerlang-sejahtera-pharma,604
Berkah Kimia Terang Jaya Apotik Medika,Jl. Balai Besar Komplek 46 Kota/Kabupaten GUNUNGKIDUL Provinsi DAERAH ISTIMEWA YOGYAKARTA,POINT(110.42377613743692 -8.014326227246244),Lauren Williams Anderson,110054/352710/1002310,1049405181123,berkah-kimia-terang-jaya-apotik-medika,121
Berkah Murni Lestari Jaya Sejahtera Apotik,Jl. Mangga Sari Wilayah 70 Kota/Kabupaten MERAUKE Provinsi PAPUA,POINT(140.91323913853887 -7.740003340315573),Katie Williams Moore,301312/4102441/3103651,3108330010745,berkah-murni-lestari-jaya-sejahtera-apotik,168
Medic Bahagia Sentorsa Surya Pharma Bersama,Jl. Rambutan Cepat Wilayah 84 Kota/Kabupaten MAHAKAM ULU Provinsi KALIMANTAN TIMUR,POINT(114.05037605986342 0.8467395226435404),Jason Nelson Miller,9101851/6210819/469173,905382918092,medic-bahagia-sentorsa-surya-pharma-bersama,168
Sentorsa Sehat Jaya Resep Sejahtera Medika,Jl. Duku Kecil Komplek 77 Kota/Kabupaten INDRAGIRI HULU Provinsi RIAU,POINT(102.21474096987914 -0.4609497823541186),Allison Adams Harris,701930/826623/192632,1108532103118,sentorsa-sehat-jaya-resep-sejahtera-medika,343
Mawar Surya Jaya Berkah Farma Apotek,Jl. Gedung Cerah Komplek 92 Kota/Kabupaten KEPULAUAN YAPEN Provinsi PAPUA,POINT(136.82730262813158 -1.8102245931512329),Allison Williams Jackson,1011764/1024828/1032026,2706040108151,mawar-surya-jaya-berkah-farma-apotek,287
Farmasi Bakti Surya Toko Apotik Farma,Jl. Apel Pintar Cluster 38 Kota/Kabupaten BANGKA Provinsi KEPULAUAN BANGKA BELITUNG,POINT(106.0609911140873 -1.991889145052946),Katie Parker Wilson,1106731/892131/435377,1026665498130,farmasi-bakti-surya-toko-apotik-farma,812
Jaya Bahagia Murni Surya Farma Bersama,Jl. Rambutan Cerah Cluster 5 Kota/Kabupaten SIMALUNGUN Provinsi SUMATERA UTARA,POINT(99.26261220333032 3.1333350988934363),Sarah Williams Miller,200015/852294/543156,7578780110431,jaya-bahagia-murni-surya-farma-bersama,973
Tubuh Sejahtera Murni Bintang Sejahtera Medik,Jl. Kota Cerdas Daerah 66 Kota/Kabupaten SIMEULUE Provinsi ACEH,POINT(96.36470426105105 2.378277990667496),Rachel Roberts Thompson,411572/826327/365098,2701038263149,tubuh-sejahtera-murni-bintang-sejahtera-medik,403
Resep Nusantara Prima Tenaga Medik Pharma,Jl. Apel Cermat Blok 45 Kota/Kabupaten DELI SERDANG Provinsi SUMATERA UTARA,POINT(98.66578298345792 3.854327038728057),John Smith Davis,190575/5052810/167134,113832864770,resep-nusantara-prima-tenaga-medik-pharma,684
Lestari Mawar Bumi Medical Sejahtera Pharma,Jl. Tembok Tinggi Wilayah 79 Kota/Kabupaten MURUNG RAYA Provinsi KALIMANTAN TENGAH,POINT(114.427470886693 0.3077780889300889),Jessica Williams Wilson,314461/139820/5396106,8167051948108,lestari-mawar-bumi-medical-sejahtera-pharma,125
Lestari Obat Sentorsa Indah Sejahtera Medika,Jl. Kota Indah Cluster 46 Kota/Kabupaten DOGIYAI Provinsi PAPUA,POINT(135.79506691663985 -4.141729414012265),Emily Brown Harris,2103581/392992/10553100,7102089571345,lestari-obat-sentorsa-indah-sejahtera-medika,122
Sentorsa Terang Murni Prima Pharma Medika,Jl. Rambutan Pintar Blok 48 Kota/Kabupaten BULUNGAN Provinsi KALIMANTAN UTARA,POINT(117.72506484620328 2.3539223774277485),David Smith Jones,696361/4205103/5731033,854579391002,sentorsa-terang-murni-prima-pharma-medika,111
Obat Lestari Mawar Bintang Jaya Apotik,Jl. Gedung Cerah Komplek 98 Kota/Kabupaten TANGGAMUS Provinsi LAMPUNG,POINT(104.75938370547962 -5.308120395601755),Ashley Hill Harris,418131/822563/537713,1088125120585,obat-lestari-mawar-bintang-jaya-apotik,531
Mawar Resep Medic Bumi Pharma Jaya,Jl. Sawah Jenius Cluster 9 Kota/Kabupaten BANJAR Provinsi KALIMANTAN SELATAN,POINT(115.3672849943012 -3.4998293404527425),Michael Hill Harris,131725/67101028/317911,876861082010,mawar-resep-medic-bumi-pharma-jaya,67
Apotik Bahagia Prima Tubuh Sejahtera Medika,Jl. Pisang Pintar Wilayah 88 Kota/Kabupaten DHARMASRAYA Provinsi SUMATERA BARAT,POINT(101.66018981470866 -1.2930056465630635),Brittany Harris Johnson,474172/9546102/539099,113801341756,apotik-bahagia-prima-tubuh-sejahtera-medika,175
Resep Terang Apotik Sentorsa Pharm Apotik,Jl. Ikan Sejahtera Wilayah 69 Kota/Kabupaten KUTAI KARTANEGARA Provinsi KALIMANTAN TIMUR,POINT(115.57767414227952 1.2115959751405203),Katie Parker Robinson,188180/962915/6163102,846902718899,resep-terang-apotik-sentorsa-pharm-apotik,246
Berkah Bahagia Sentorsa Cemerlang Apotek Pharma,Jl. Sirih Pendek Blok 33 Kota/Kabupaten LANGKAT Provinsi SUMATERA UTARA,POINT(98.19912553877263 4.296078638066158),Jason Smith Johnson,49101102/6110283/3966510,8487467310710,berkah-bahagia-sentorsa-cemerlang-apotek-pharma,541
Lestari Tubuh Amanah Cemerlang Apotik Medika,Jl. Kucing Besar Cluster 68 Kota/Kabupaten MURUNG RAYA Provinsi KALIMANTAN TENGAH,POINT(114.24999461497312 -0.3154861989442761),Allison Roberts Johnson,691328/823682/435770,319003222580,lestari-tubuh-amanah-cemerlang-apotik-medika,34
Medic Kimia Surya Bumi Farma Apotek,Jl. Gedung Cermat Blok 19 Kota/Kabupaten PAKPAK BHARAT Provinsi SUMATERA UTARA,POINT(98.34378240198654 2.6544521293987597),Jessica Clark Brown,152824/372250/287063,485101100096,medic-kimia-surya-bumi-farma-apotek,277
Harmoni Bakti Surya Bintang Jaya Medika,Jl. Durian Cerah Komplek 8 Kota/Kabupaten MAPPI Provinsi PAPUA,POINT(139.85488595970762 -6.783613496635344),Brittany Nelson Taylor,115149/2291084/3110290,101928890263,harmoni-bakti-surya-bintang-jaya-medika,761
Resep Prima Bahagia Surya Sejahtera Jaya,Jl. Mangga Besar Daerah 11 Kota/Kabupaten NGAWI Provinsi JAWA TIMUR,POINT(111.5982157181448 -7.484833953984647),Emily Carter Thomas,8791104/6321042/71033810,2331761011081,resep-prima-bahagia-surya-sejahtera-jaya,198
Medic Nusantara Sejahtera Prima Medika Sehat,Jl. Gedung Tinggi Blok 57 Kota/Kabupaten MERAUKE Provinsi PAPUA,POINT(140.9275262387571 -8.920212403500921),Tom Johnson Thompson,411120/551102/531336,6863515401007,medic-nusantara-sejahtera-prima-medika-sehat,101
Sentorsa Surya Kimia Bintang Farma Jaya,Jl. Duku Pintar Cluster 20 Kota/Kabupaten BEKASI Provinsi JAWA BARAT,POINT(107.16485238068118 -6.3964156087923465),Brittany White Thomas,8191088/642722/891934,761001067081810,sentorsa-surya-kimia-bintang-farma-jaya,311
Bumi Lestari Mutiara Harmoni Jaya Medik,Jl. Pisang Besar Cluster 43 Kota/Kabupaten MADIUN Provinsi JAWA TIMUR,POINT(111.63743367272572 -7.508152408332787),Ashley Clark Martinez,650148/5110892/10381042,606032817486,bumi-lestari-mutiara-harmoni-jaya-medik,174
Kimia Amanah Sejahtera Apotik Jaya Sejahtera,Jl. Gunung Besar Komplek 55 Kota/Kabupaten PANDEGLANG Provinsi BANTEN,POINT(105.66080164737052 -6.637090785276949),John Lewis Harris,111510/526950/10758310,805095102080,kimia-amanah-sejahtera-apotik-jaya-sejahtera,180
Jaya Amanah Obat Terang Pharma Jaya,Jl. Apel Sejahtera Daerah 50 Kota/Kabupaten NUNUKAN Provinsi KALIMANTAN UTARA,POINT(117.53505285024062 4.137640621038003),Megan Johnson Brown,9361010/1088882/7533102,10401741781093,jaya-amanah-obat-terang-pharma-jaya,67
Nusantara Berkah Prima Cemerlang Pharm Apotik,Jl. Durian Jenius Wilayah 44 Kota/Kabupaten KOTAWARINGIN TIMUR Provinsi KALIMANTAN TENGAH,POINT(112.8526895937309 -2.605660678791468),Rachel Smith Robinson,108106/262662/139618,174281521603,nusantara-berkah-prima-cemerlang-pharm-apotik,435
Surya Jaya Terang Amanah Medik Apotek,Jl. Kucing Pendek Wilayah 98 Kota/Kabupaten MAPPI Provinsi PAPUA,POINT(139.4206057772504 -5.894835060044093),Emily Nelson Miller,305061/2410326/841938,802164307811,surya-jaya-terang-amanah-medik-apotek,342
Obat Apotik Farmasi Toko Jaya Sejahtera,Jl. Sawah Tinggi Blok 61 Kota/Kabupaten KAPUAS HULU Provinsi KALIMANTAN BARAT,POINT(112.73740734656744 1.3476178405593426),John Harris Garcia,111684/8210566/348786,170048751033,obat-apotik-farmasi-toko-jaya-sejahtera,415
Mutiara Indah Obat Lestari Medik Sehat,Jl. Balai Kecil Wilayah 87 Kota/Kabupaten PASER Provinsi KALIMANTAN TIMUR,POINT(116.13048826691733 -1.6877152692506456),John Clark Williams,916191/569527/704385,1808492421610,mutiara-indah-obat-lestari-medik-sehat,436
Jaya Medical Farmasi Murni Medik Pharma,Jl. Kebun Pintar Cluster 12 Kota/Kabupaten SEKADAU Provinsi KALIMANTAN BARAT,POINT(110.82831031753602 -0.5659637341509729),Katie Thomas Anderson,10116108/2100038/630333,806101111010912,jaya-medical-farmasi-murni-medik-pharma,15
Apotik Berkah Obat Sentorsa Bersama Farma,Jl. Apel Kecil Wilayah 16 Kota/Kabupaten MAMBERAMO RAYA Provinsi PAPUA,POINT(137.48726045429552 -2.003855869337558),Alex Jackson Taylor,190231/323082/4107321,118060002040,apotik-berkah-obat-sentorsa-bersama-farma,614
Bakti Mutiara Bumi Resep Sejahtera Jaya,Jl. Kucing Tinggi Wilayah 71 Kota/Kabupaten SORONG SELATAN Provinsi PAPUA BARAT,POINT(132.06687525652336 -1.1837965052907826),Lauren Nelson Thompson,871144/58102510/3661036,107082826770,bakti-mutiara-bumi-resep-sejahtera-jaya,445
Murni Badan Sentorsa Cemerlang Medik Sehat,Jl. Mangga Pintar Cluster 99 Kota/Kabupaten BERAU Provinsi KALIMANTAN TIMUR,POINT(116.58064250038082 1.595347333328588),David Anderson Taylor,146632/6971024/3105744,9968191023086,murni-badan-sentorsa-cemerlang-medik-sehat,338
Bintang Terang Obat Kimia Medika Jaya,Jl. Gedung Besar Wilayah 23 Kota/Kabupaten SINTANG Provinsi KALIMANTAN BARAT,POINT(112.0001022886274 0.1806481519845029),Brittany Hill Thomas,145329/240378/1073402,607159928685,bintang-terang-obat-kimia-medika-jaya,173
Mawar Tubuh Surya Tenaga Sejahtera Medika,Jl. Jeruk Cerah Cluster 87 Kota/Kabupaten PULANG PISAU Provinsi KALIMANTAN TENGAH,POINT(114.20169155911248 -2.3259529176167355),Sarah Williams Moore,1102060/972733/325491,28801011402210,mawar-tubuh-surya-tenaga-sejahtera-medika,109
Kimia Medic Sejahtera Toko Sejahtera Bersama,Jl. Sirih Pintar Blok 74 Kota/Kabupaten SEKADAU Provinsi KALIMANTAN BARAT,POINT(110.79908517406672 -0.3574030085808228),Allison Nelson Moore,18661010/1210396/334038,554786280186,kimia-medic-sejahtera-toko-sejahtera-bersama,802
Prima Harmoni Medical Jaya Sejahtera Medik,Jl. Gedung Indah Cluster 82 Kota/Kabupaten BUNGO Provinsi JAMBI,POINT(102.06851897651318 -1.6429131248223214),Ashley Williams Robinson,181110/276822/1012038,12104101028917,prima-harmoni-medical-jaya-sejahtera-medik,763
Sehat Medical Terang Mawar Sejahtera Apotik,Jl. Anjing Cerdas Wilayah 53 Kota/Kabupaten JAYAWIJAYA Provinsi PAPUA,POINT(138.66759026267997 -4.04639414644654),Alex Roberts Taylor,451014/602481/1013025,4509283182109,sehat-medical-terang-mawar-sejahtera-apotik,176
Jaya Harmoni Medic Lestari Medika Bersama,Jl. Gunung Sari Komplek 65 Kota/Kabupaten INTAN JAYA Provinsi PAPUA,POINT(136.78387614208697 -3.4469691541952647),John Parker Williams,751239/921458/956133,981360550401,jaya-harmoni-medic-lestari-medika-bersama,164
Obat Surya Lestari Mutiara Medika Pharm,Jl. Mangga Besar Daerah 1 Kota/Kabupaten KAUR Provinsi BENGKULU,POINT(103.60756662988244 -4.620969030889109),Matt Thomas Taylor,511120/1010222/413789,182093903157,obat-surya-lestari-mutiara-medika-pharm,132
Cemerlang Medic Prima Farmasi Sehat Bersama,Jl. Anjing Tinggi Blok 31 Kota/Kabupaten BARITO UTARA Provinsi KALIMANTAN TENGAH,POINT(114.52143455635044 -0.93233150537311),Allison Williams Robinson,1310418/8278510/9103272,10808001106108,cemerlang-medic-prima-farmasi-sehat-bersama,87
Medical Jaya Terang Lestari Jaya Apotik,Jl. Rambutan Cerdas Daerah 37 Kota/Kabupaten LINGGA Provinsi KEPULAUAN RIAU,POINT(104.5712553167652 -0.4511046131708429),Alex Nelson Smith,558351/6251109/820314,102354233418,medical-jaya-terang-lestari-jaya-apotik,117
Prima Bintang Amanah Sejahtera Pharma Farma,Jl. Mangga Kecil Daerah 7 Kota/Kabupaten LABUHANBATU Provinsi SUMATERA UTARA,POINT(99.81753637661504 2.106521091223989),Steve Jones Robinson,124471/4210745/1109313,5281901285710,prima-bintang-amanah-sejahtera-pharma-farma,695
Terang Sehat Jaya Surya Bersama Sejahtera,Jl. Pisang Jenius Daerah 55 Kota/Kabupaten JAYAPURA Provinsi PAPUA,POINT(140.11742880494427 -3.473136068548817),Allison White Thomas,516515/7102602/5103597,8410124157900,terang-sehat-jaya-surya-bersama-sejahtera,551
Badan Medical Harmoni Bintang Sejahtera Medika,Jl. Gedung Kecil Wilayah 64 Kota/Kabupaten BANGKA SELATAN Provinsi KEPULAUAN BANGKA BELITUNG,POINT(106.49164090142943 -2.673297266156736),Emily Johnson Thompson,7341103/7610213/353810,8570211072284,badan-medical-harmoni-bintang-sejahtera-medika,491
Tenaga Jaya Bumi Lestari Jaya Apotik,Jl. Sirih Jenius Cluster 28 Kota/Kabupaten SINTANG Provinsi KALIMANTAN BARAT,POINT(111.67223955278736 -0.0690468082855879),Megan Thomas Miller,201135/1008823/10230103,1361064069683,tenaga-jaya-bumi-lestari-jaya-apotik,317
Prima Mutiara Medic Sejahtera Sehat Medika,Jl. Gajah Sejahtera Komplek 34 Kota/Kabupaten SORONG SELATAN Provinsi PAPUA BARAT,POINT(132.3486463579181 -1.9446567644975747),Michael Jones Jones,512018/858250/8103269,930078614863,prima-mutiara-medic-sejahtera-sehat-medika,23
Badan Berkah Apotik Mutiara Apotik Pharm,Jl. Jeruk Besar Komplek 29 Kota/Kabupaten MALINAU Provinsi KALIMANTAN UTARA,POINT(116.09247915170307 4.07578629694385),Jessica Lewis Harris,1510694/237322/638477,486180930531,badan-berkah-apotik-mutiara-apotik-pharm,423
Kimia Indah Resep Toko Apotek Medik,Jl. Kota Cerdas Wilayah 61 Kota/Kabupaten BULUNGAN Provinsi KALIMANTAN UTARA,POINT(116.51772150727209 2.5443688015503803),Katie Martinez White,1336102/2108495/333864,434058041804,kimia-indah-resep-toko-apotek-medik,249
Berkah Medical Prima Bakti Medika Sehat,Jl. Gajah Sejahtera Daerah 86 Kota/Kabupaten KEEROM Provinsi PAPUA,POINT(140.54911086557047 -3.028684801484258),Matt Hill Miller,1006713/702226/539835,8101910808028,berkah-medical-prima-bakti-medika-sehat,998
Murni Farmasi Bakti Sejahtera Medika Sehat,Jl. Sirih Jenius Komplek 32 Kota/Kabupaten BERAU Provinsi KALIMANTAN TIMUR,POINT(117.9629585754134 1.4634281727048393),Brittany Williams Harris,1165107/80110102/315203,9970510608251,murni-farmasi-bakti-sejahtera-medika-sehat,193
Prima Obat Amanah Medical Sejahtera Apotik,Jl. Anjing Cerdas Blok 17 Kota/Kabupaten KUTAI KARTANEGARA Provinsi KALIMANTAN TIMUR,POINT(117.32584910384509 -0.0514629245837507),Allison Anderson Wilson,112231/2996102/335320,5801604101097,prima-obat-amanah-medical-sejahtera-apotik,433
Prima Kimia Badan Lestari Farma Bersama,Jl. Gedung Pendek Wilayah 19 Kota/Kabupaten KOLAKA TIMUR Provinsi SULAWESI TENGGARA,POINT(121.99505018356156 -4.172600524137912),Emily Williams Taylor,211472/380723/371068,9288039110201,prima-kimia-badan-lestari-farma-bersama,76
Surya Kimia Bintang Bahagia Medik Apotek,Jl. Balai Pintar Wilayah 77 Kota/Kabupaten SANGGAU Provinsi KALIMANTAN BARAT,POINT(110.11437007233506 0.0371615079656617),Steve White Harris,7109121/914201/682323,10720101080518,surya-kimia-bintang-bahagia-medik-apotek,189
Tubuh Surya Kimia Surya Pharma Jaya,Jl. Jeruk Cepat Komplek 92 Kota/Kabupaten NDUGA Provinsi PAPUA,POINT(137.8976923743852 -4.477723620048233),Jessica Smith Johnson,186787/325598/10101305,101018181332010,tubuh-surya-kimia-surya-pharma-jaya,75
Sejahtera Nusantara Terang Amanah Jaya Medik,Jl. Balai Cepat Daerah 13 Kota/Kabupaten MERANGIN Provinsi JAMBI,POINT(101.83514320478211 -2.321186580643907),Megan Lewis Thomas,705114/10241020/3210153,104150821621,sejahtera-nusantara-terang-amanah-jaya-medik,403
Sehat Bahagia Terang Bumi Apotek Jaya,Jl. Jeruk Kecil Komplek 74 Kota/Kabupaten BANGKA SELATAN Provinsi KEPULAUAN BANGKA BELITUNG,POINT(106.1765150574682 -2.642507538405047),Sarah Smith Taylor,562103/266299/463340,9581013810552,sehat-bahagia-terang-bumi-apotek-jaya,225
Bumi Mutiara Farmasi Cemerlang Bersama Apotik,Jl. Pisang Kecil Daerah 69 Kota/Kabupaten MERANGIN Provinsi JAMBI,POINT(102.31129876232242 -2.190740257491182),Alex White Garcia,2321014/662411/3106992,8775011087301,bumi-mutiara-farmasi-cemerlang-bersama-apotik,622
Obat Bahagia Indah Prima Farma Sehat,Jl. Balai Kecil Blok 72 Kota/Kabupaten BENER MERIAH Provinsi ACEH,POINT(96.83242919039976 4.671671764362092),Jessica Parker Moore,8110492/1006612/736028,184782336022,obat-bahagia-indah-prima-farma-sehat,551
Terang Jaya Farmasi Obat Sejahtera Apotek,Jl. Sirih Cerdas Wilayah 49 Kota/Kabupaten LUWU Provinsi SULAWESI SELATAN,POINT(120.21893766314804 -3.242803139320777),Rachel Adams Martin,283177/32210102/235077,4209510112581,terang-jaya-farmasi-obat-sejahtera-apotek,532
Makmur Badan Lestari Bakti Apotek Farma,Jl. Gajah Kecil Komplek 100 Kota/Kabupaten LOMBOK TIMUR Provinsi NUSA TENGGARA BARAT,POINT(116.51431263394488 -8.66915878892267),Mark Carter Smith,314982/520706/344819,10801104887907,makmur-badan-lestari-bakti-apotek-farma,321
Surya Tenaga Bakti Prima Sejahtera Apotek,Jl. Kuda Kecil Wilayah 25 Kota/Kabupaten KONAWE UTARA Provinsi SULAWESI TENGGARA,POINT(122.11289473872472 -3.162298280997275),Emily Adams Williams,1084189/362592/1034274,2108680152854,surya-tenaga-bakti-prima-sejahtera-apotek,198
Tubuh Apotik Tenaga Amanah Pharm Medika,Jl. Sawah Besar Blok 70 Kota/Kabupaten TELUK BINTUNI Provinsi PAPUA BARAT,POINT(134.07396953862911 -2.868151310096364),Steve Thomas Miller,874176/630422/9121034,610702781015810,tubuh-apotik-tenaga-amanah-pharm-medika,332
Nusantara Harmoni Resep Murni Jaya Medik,Jl. Rambutan Kecil Daerah 2 Kota/Kabupaten MALINAU Provinsi KALIMANTAN UTARA,POINT(114.76312057682534 1.3189288419302638),Lauren Clark Wilson,13107310/41091022/1310438,2101045892314,nusantara-harmoni-resep-murni-jaya-medik,115
Lestari Terang Berkah Amanah Sejahtera Jaya,Jl. Kucing Sari Wilayah 68 Kota/Kabupaten PULAU TALIABU Provinsi MALUKU UTARA,POINT(124.49957980270248 -1.8971937684338709),Mark Anderson Moore,511604/11022010/255321,221901275818,lestari-terang-berkah-amanah-sejahtera-jaya,869
Bintang Bahagia Tubuh Toko Farma Jaya,Jl. Jeruk Pintar Daerah 74 Kota/Kabupaten BANYUASIN Provinsi SUMATERA SELATAN,POINT(104.41048857656097 -2.50843779961059),Jason Lewis Miller,1057916/225825/236756,288719974090,bintang-bahagia-tubuh-toko-farma-jaya,23
Farmasi Medic Kimia Makmur Medik Bersama,Jl. Gajah Kecil Wilayah 39 Kota/Kabupaten NATUNA Provinsi KEPULAUAN RIAU,POINT(108.35959840257728 3.991721585387772),Allison Nelson White,1051106/226774/385325,8899111006256,farmasi-medic-kimia-makmur-medik-bersama,931
Berkah Nusantara Medical Tenaga Apotek Sejahtera,Jl. Kota Sari Cluster 69 Kota/Kabupaten KETAPANG Provinsi KALIMANTAN BARAT,POINT(110.08913271365728 -1.6684317488039664),Tom Taylor Thomas,184254/10121026/3610718,8913710100155,berkah-nusantara-medical-tenaga-apotek-sejahtera,612
Jaya Nusantara Bumi Prima Pharm Apotik,Jl. Kuda Cermat Cluster 22 Kota/Kabupaten KAPUAS HULU Provinsi KALIMANTAN BARAT,POINT(112.56248136975935 1.0785899249885684),Matt Parker Moore,176515/5104728/3101173,4710454118610,jaya-nusantara-bumi-prima-pharm-apotik,201
Harmoni Badan Surya Bakti Jaya Bersama,Jl. Gajah Sari Blok 75 Kota/Kabupaten MAMUJU Provinsi SULAWESI BARAT,POINT(119.52914805966635 -2.2966144999721685),Steve Roberts Harris,71091810/210103210/101031000,9154001083338,harmoni-badan-surya-bakti-jaya-bersama,343
Berkah Amanah Tubuh Prima Pharm Sejahtera,Jl. Jeruk Kecil Daerah 63 Kota/Kabupaten MAPPI Provinsi PAPUA,POINT(139.24276479243574 -7.176019610705621),Emily Jones Harris,1048147/301524/7431109,440737836189,berkah-amanah-tubuh-prima-pharm-sejahtera,89
Terang Indah Makmur Cemerlang Sehat Pharma,Jl. Sawah Pintar Daerah 50 Kota/Kabupaten SERAM BAGIAN TIMUR Provinsi MALUKU,POINT(130.5124912923848 -3.202132053232515),Sarah Williams Robinson,865971/2801000/376413,8191099601010010,terang-indah-makmur-cemerlang-sehat-pharma,46
Indah Sejahtera Farmasi Medic Sejahtera Sejahtera,Jl. Ikan Indah Daerah 49 Kota/Kabupaten MERANGIN Provinsi JAMBI,POINT(102.12614426403704 -2.0246744601823465),Katie Williams Williams,1736109/244885/783232,6812678107509,indah-sejahtera-farmasi-medic-sejahtera-sejahtera,153
Amanah Apotik Farmasi Sejahtera Pharm Medik,Jl. Sawah Cepat Komplek 16 Kota/Kabupaten FAKFAK Provinsi PAPUA BARAT,POINT(133.31681581326558 -2.8093167184733865),Allison White Miller,421189/1002844/1311081,1088883403210,amanah-apotik-farmasi-sejahtera-pharm-medik,127
Mawar Surya Indah Sejahtera Sehat Sejahtera,Jl. Kucing Indah Daerah 70 Kota/Kabupaten BONDOWOSO Provinsi JAWA TIMUR,POINT(114.02878162022937 -7.853771837544299),Michael Adams Miller,108639/525820/683993,45181041001839,mawar-surya-indah-sejahtera-sehat-sejahtera,353
Badan Medical Mutiara Tubuh Sehat Sejahtera,Jl. Tembok Pendek Cluster 75 Kota/Kabupaten TOJO UNA-UNA Provinsi SULAWESI TENGAH,POINT(121.87683465245698 -1.2996501552066704),Jessica Nelson Jones,3225101/4012210/169837,8010218510674,badan-medical-mutiara-tubuh-sehat-sejahtera,16
Obat Farmasi Terang Harmoni Sehat Jaya,Jl. Kebun Cerah Komplek 33 Kota/Kabupaten BIAK NUMFOR Provinsi PAPUA,POINT(136.15111247865886 -1.1617422959898036),Brittany Clark Davis,6750110/250117/632623,7930284110761,obat-farmasi-terang-harmoni-sehat-jaya,271
Toko Obat Harmoni Prima Pharma Apotek,Jl. Duku Cermat Blok 43 Kota/Kabupaten DOGIYAI Provinsi PAPUA,POINT(135.86404517788867 -4.149626572020543),Tom Harris Taylor,6432101/412021/31010630,1009658033001,toko-obat-harmoni-prima-pharma-apotek,25
Prima Terang Mawar Prima Apotek Sejahtera,Jl. Sirih Kecil Komplek 2 Kota/Kabupaten KOTA DEPOK Provinsi JAWA BARAT,POINT(106.87821034273432 -6.400830499697294),Sarah Carter Jones,194084/292220/423227,5925210018682,prima-terang-mawar-prima-apotek-sejahtera,44
Tubuh Jaya Sejahtera Tenaga Apotek Pharm,Jl. Kebun Besar Daerah 98 Kota/Kabupaten KAPUAS HULU Provinsi KALIMANTAN BARAT,POINT(112.14655027328048 1.063338212173317),Tom White Davis,761893/812950/6651053,983740103829,tubuh-jaya-sejahtera-tenaga-apotek-pharm,957
Tenaga Prima Indah Bumi Sehat Pharma,Jl. Kucing Cermat Komplek 27 Kota/Kabupaten SORONG SELATAN Provinsi PAPUA BARAT,POINT(132.24156876646165 -1.718404592694),Jason Nelson Jackson,688781/277202/631088,723818907724,tenaga-prima-indah-bumi-sehat-pharma,107
Makmur Bakti Sehat Jaya Jaya Sejahtera,Jl. Jeruk Sari Blok 51 Kota/Kabupaten LAHAT Provinsi SUMATERA SELATAN,POINT(103.53819180981196 -4.055455809810769),David Carter Jones,378311/553572/555063,507830170288,makmur-bakti-sehat-jaya-jaya-sejahtera,180
Prima Bahagia Amanah Berkah Sehat Sejahtera,Jl. Pisang Jenius Wilayah 80 Kota/Kabupaten MIMIKA Provinsi PAPUA,POINT(136.18973642606636 -4.4593855179305),David Jackson White,378021/278072/3110370,8841101606522,prima-bahagia-amanah-berkah-sehat-sejahtera,526
Kimia Tubuh Obat Surya Farma Pharm,Jl. Jeruk Sejahtera Wilayah 15 Kota/Kabupaten KAPUAS HULU Provinsi KALIMANTAN BARAT,POINT(113.32441492459752 0.8441225162194606),Mark Brown Robinson,159515/552329/1037744,8106283045210,kimia-tubuh-obat-surya-farma-pharm,370
Berkah Obat Bahagia Bumi Pharm Medik,Jl. Apel Pintar Daerah 36 Kota/Kabupaten KETAPANG Provinsi KALIMANTAN BARAT,POINT(110.36725303865909 -0.8033558044224662),John Williams Smith,711251/709332/7103312,896263071741,berkah-obat-bahagia-bumi-pharm-medik,309
Berkah Sejahtera Tubuh Bumi Sejahtera Sehat,Jl. Ikan Pendek Wilayah 3 Kota/Kabupaten KUPANG Provinsi NUSA TENGGARA TIMUR,POINT(123.88420733616684 -10.04710575605887),Matt Parker Miller,591113/143072/923062,1970612181018,berkah-sejahtera-tubuh-bumi-sejahtera-sehat,706
Prima Kimia Indah Berkah Apotik Sehat,Jl. Kota Indah Blok 31 Kota/Kabupaten BENGKALIS Provinsi RIAU,POINT(101.73238378372928 1.964330404701906),Brittany Martinez Smith,8417104/331203/4810233,742071243058,prima-kimia-indah-berkah-apotik-sehat,498
Sentorsa Mawar Apotik Amanah Medik Jaya,Jl. Duku Pintar Wilayah 86 Kota/Kabupaten PELALAWAN Provinsi RIAU,POINT(102.19319418737632 -0.1140807193581192),Emily Clark Martinez,343861/4310424/269236,36910196801101,sentorsa-mawar-apotik-amanah-medik-jaya,672
Sentorsa Bakti Berkah Sejahtera Apotik Sejahtera,Jl. Pisang Kecil Wilayah 61 Kota/Kabupaten BANGGAI Provinsi SULAWESI TENGAH,POINT(123.21810572389047 -0.8060391570916092),Matt Martinez Taylor,104938/101010842/334154,1106501014860,sentorsa-bakti-berkah-sejahtera-apotik-sejahtera,421
Terang Farmasi Surya Medic Sejahtera Pharm,Jl. Anjing Tinggi Wilayah 5 Kota/Kabupaten SUMBA TIMUR Provinsi NUSA TENGGARA TIMUR,POINT(120.43425518645908 -9.664928382846266),Michael Anderson Miller,1652010/987020/792370,940081849252,terang-farmasi-surya-medic-sejahtera-pharm,178
Medic Toko Sentorsa Surya Bersama Farma,Jl. Tembok Cepat Blok 3 Kota/Kabupaten TABALONG Provinsi KALIMANTAN SELATAN,POINT(115.38761594175878 -1.605367253255217),Mark Parker Jackson,234391/7247106/6734610,6108104948493,medic-toko-sentorsa-surya-bersama-farma,510
Cemerlang Harmoni Jaya Bakti Medik Pharm,Jl. Sawah Besar Cluster 92 Kota/Kabupaten EMPAT LAWANG Provinsi SUMATERA SELATAN,POINT(102.86527722390176 -3.911069491808176),Jessica Jones Taylor,10102714/45104210/309338,460881504341,cemerlang-harmoni-jaya-bakti-medik-pharm,281
Bintang Cemerlang Surya Bakti Pharma Apotek,Jl. Gajah Kecil Wilayah 95 Kota/Kabupaten KEPULAUAN SELAYAR Provinsi SULAWESI SELATAN,POINT(120.62074303022604 -7.080284464433545),Brittany Brown Davis,101061010/608029/373739,6401015899079,bintang-cemerlang-surya-bakti-pharma-apotek,396
Badan Obat Medic Tubuh Jaya Sehat,Jl. Kebun Cepat Komplek 56 Kota/Kabupaten NDUGA Provinsi PAPUA,POINT(138.62931550607658 -4.585605676519163),Steve Lewis Thomas,828122/586182/832057,10981031305246,badan-obat-medic-tubuh-jaya-sehat,338
Cemerlang Berkah Terang Indah Jaya Bersama,Jl. Mangga Pendek Blok 42 Kota/Kabupaten SINTANG Provinsi KALIMANTAN BARAT,POINT(112.3716981617311 0.1087938338024976),Jason Lewis Brown,853121/2011026/447537,897014810117,cemerlang-berkah-terang-indah-jaya-bersama,774
Bahagia Surya Bakti Prima Medika Farma,Jl. Tembok Indah Cluster 63 Kota/Kabupaten JAYAPURA Provinsi PAPUA,POINT(139.9345966820863 -2.8641339791488782),Allison Hill Jones,10449110/8102474/320394,880011386460,bahagia-surya-bakti-prima-medika-farma,49
Mawar Sehat Terang Toko Pharm Jaya,Jl. Gunung Kecil Wilayah 96 Kota/Kabupaten WAROPEN Provinsi PAPUA,POINT(136.60611372334932 -2.5634898428724),Chris White Wilson,828414/552975/557367,748059901866,mawar-sehat-terang-toko-pharm-jaya,91
Sehat Indah Harmoni Bahagia Farma Medik,Jl. Gajah Cerdas Wilayah 49 Kota/Kabupaten KETAPANG Provinsi KALIMANTAN BARAT,POINT(110.2403600459348 -2.444688902991887),Mark Anderson Jones,6103172/213146/3810693,148914847604,sehat-indah-harmoni-bahagia-farma-medik,49
Indah Kimia Lestari Cemerlang Medik Apotek,Jl. Sirih Sari Cluster 41 Kota/Kabupaten HALMAHERA TIMUR Provinsi MALUKU UTARA,POINT(128.64776930362913 1.2150730361705495),Jessica Nelson White,10164010/329021/342396,10308051107911,indah-kimia-lestari-cemerlang-medik-apotek,681
Medic Bumi Sejahtera Makmur Apotek Medika,Jl. Jeruk Jenius Cluster 21 Kota/Kabupaten KUBU RAYA Provinsi KALIMANTAN BARAT,POINT(109.45032099841409 -0.8481197946612404),Jason White Brown,1046810/250410/288340,371180019241,medic-bumi-sejahtera-makmur-apotek-medika,355
Sehat Medic Kimia Bumi Medika Sejahtera,Jl. Durian Pendek Blok 42 Kota/Kabupaten PANDEGLANG Provinsi BANTEN,POINT(105.85521039139408 -6.623733395015746),Brittany Martinez White,40101105/217760/323063,58100102087519,sehat-medic-kimia-bumi-medika-sejahtera,168
Sentorsa Mutiara Badan Sehat Pharm Apotik,Jl. Tembok Pendek Cluster 93 Kota/Kabupaten KEEROM Provinsi PAPUA,POINT(140.47372767623108 -3.746290972961936),Megan Jackson Taylor,427481/576222/2387109,9811098900764,sentorsa-mutiara-badan-sehat-pharm-apotik,106
Prima Bahagia Jaya Harmoni Jaya Apotek,Jl. Anjing Besar Cluster 64 Kota/Kabupaten JAYAWIJAYA Provinsi PAPUA,POINT(138.63993056950406 -4.405557050518589),Sarah Anderson Jackson,964519/323757/516903,515038740812,prima-bahagia-jaya-harmoni-jaya-apotek,37
Surya Berkah Sehat Badan Pharma Bersama,Jl. Sirih Sari Wilayah 74 Kota/Kabupaten KAYONG UTARA Provinsi KALIMANTAN BARAT,POINT(110.2306745555974 -0.9886730364592092),Mark Jones Taylor,187025/1029160/6106673,9100381825804,surya-berkah-sehat-badan-pharma-bersama,365
Prima Tenaga Badan Sejahtera Medik Pharma,Jl. Kuda Pintar Daerah 60 Kota/Kabupaten KOTAWARINGIN TIMUR Provinsi KALIMANTAN TENGAH,POINT(112.84236515687532 -2.4727742688794194),Lauren Jackson Anderson,9271017/538294/395207,177815119700,prima-tenaga-badan-sejahtera-medik-pharma,807
Obat Sentorsa Jaya Mawar Pharma Medika,Jl. Gedung Kecil Komplek 69 Kota/Kabupaten SERUYAN Provinsi KALIMANTAN TENGAH,POINT(112.03286666626308 -2.2294984882668274),Jason Thomas Williams,61051210/51061025/3300100,11010837066703,obat-sentorsa-jaya-mawar-pharma-medika,769
Jaya Tubuh Bumi Badan Sehat Pharma,Jl. Kucing Sejahtera Wilayah 7 Kota/Kabupaten MURUNG RAYA Provinsi KALIMANTAN TENGAH,POINT(114.06256371954058 0.2186300212187149),John Parker Martinez,9195109/820447/2310553,1489810107071,jaya-tubuh-bumi-badan-sehat-pharma,48
Prima Badan Jaya Cemerlang Farma Apotik,Jl. Durian Pintar Daerah 17 Kota/Kabupaten PENUKAL ABAB LEMATANG ILIR Provinsi SUMATERA SELATAN,POINT(103.88890673188082 -3.292171799902576),Tom Nelson Smith,178164/3108792/5601023,950068981629,prima-badan-jaya-cemerlang-farma-apotik,467
Cemerlang Mutiara Bakti Surya Medik Sejahtera,Jl. Kebun Sari Komplek 26 Kota/Kabupaten TELUK WONDAMA Provinsi PAPUA BARAT,POINT(134.29402695582863 -3.280184758658856),Steve Smith White,863148/720345/596732,11031089753022,cemerlang-mutiara-bakti-surya-medik-sejahtera,529
Bahagia Badan Surya Makmur Apotik Pharm,Jl. Duku Sejahtera Blok 6 Kota/Kabupaten MANGGARAI TIMUR Provinsi NUSA TENGGARA TIMUR,POINT(120.74351334298052 -8.60420896678507),Jason Johnson Brown,501055/5103626/10303101,25049102010108,bahagia-badan-surya-makmur-apotik-pharm,348
Cemerlang Resep Medic Mutiara Pharma Jaya,Jl. Gajah Kecil Daerah 39 Kota/Kabupaten BERAU Provinsi KALIMANTAN TIMUR,POINT(116.61582715502506 1.6144202191642787),Brittany Johnson Brown,581671/631852/3101029,1210551844720,cemerlang-resep-medic-mutiara-pharma-jaya,263
Terang Resep Amanah Badan Pharm Medika,Jl. Tembok Cepat Wilayah 95 Kota/Kabupaten KUTAI TIMUR Provinsi KALIMANTAN TIMUR,POINT(117.09754512200756 0.5197957164788782),Ashley Williams White,172003/512192/355050,603189421810,terang-resep-amanah-badan-pharm-medika,42
Jaya Sentorsa Surya Harmoni Apotik Jaya,Jl. Gedung Besar Blok 51 Kota/Kabupaten RAJA AMPAT Provinsi PAPUA BARAT,POINT(130.16335643804354 -2.0147301144602867),Ashley Harris Jackson,335917/902267/9873102,2087001083951,jaya-sentorsa-surya-harmoni-apotik-jaya,168
Surya Mawar Prima Lestari Apotek Medika,Jl. Mangga Sejahtera Wilayah 33 Kota/Kabupaten SAROLANGUN Provinsi JAMBI,POINT(102.46990104856812 -2.3297246437368937),David Parker Taylor,213947/413265/364319,308118267815,surya-mawar-prima-lestari-apotek-medika,902
Murni Medic Toko Obat Bersama Medika,Jl. Sawah Jenius Cluster 65 Kota/Kabupaten ROKAN HULU Provinsi RIAU,POINT(100.66701335947349 0.78530006092954),Lauren Smith Garcia,5851001/423791/433654,541468181910,murni-medic-toko-obat-bersama-medika,694
Toko Resep Kimia Sejahtera Pharm Apotek,Jl. Kota Kecil Wilayah 86 Kota/Kabupaten ASMAT Provinsi PAPUA,POINT(138.75386229351716 -5.264459597407241),Matt Johnson Thompson,9611090/56104102/155130,803289621059,toko-resep-kimia-sejahtera-pharm-apotek,349
Obat Terang Surya Farmasi Apotek Farma,Jl. Durian Indah Daerah 19 Kota/Kabupaten KAPUAS HULU Provinsi KALIMANTAN BARAT,POINT(113.60609382167657 0.8179621642738564),John Jones Jones,534811/621213/702316,1058058172907,obat-terang-surya-farmasi-apotek-farma,571
Bumi Mawar Apotik Harmoni Sejahtera Bersama,Jl. Durian Cermat Cluster 78 Kota/Kabupaten ROKAN HULU Provinsi RIAU,POINT(100.39601745172703 0.8549855168071261),Alex Anderson Brown,621080/3226106/713813,138600081180,bumi-mawar-apotik-harmoni-sejahtera-bersama,371
Amanah Prima Bintang Tenaga Apotik Bersama,Jl. Sirih Cepat Komplek 47 Kota/Kabupaten SEKADAU Provinsi KALIMANTAN BARAT,POINT(110.98637366852591 0.1014909507341279),Alex Thomas Taylor,1511610/8289810/795375,7614080710024,amanah-prima-bintang-tenaga-apotik-bersama,203
Tubuh Jaya Surya Medical Apotik Apotek,Jl. Gajah Besar Daerah 15 Kota/Kabupaten OGAN KOMERING ULU SELATAN Provinsi SUMATERA SELATAN,POINT(104.2019903904082 -4.846576854453953),Sarah Parker Davis,1056185/2110242/9103448,66741710110850,tubuh-jaya-surya-medical-apotik-apotek,170
Tenaga Kimia Surya Medical Farma Bersama,Jl. Apel Cermat Wilayah 33 Kota/Kabupaten GAYO LUES Provinsi ACEH,POINT(97.3530679532532 4.042895482605758),David Parker Johnson,169574/1520105/4105387,10085040010451,tenaga-kimia-surya-medical-farma-bersama,583
Obat Lestari Cemerlang Murni Sejahtera Bersama,Jl. Gajah Sari Komplek 1 Kota/Kabupaten BANGGAI Provinsi SULAWESI TENGAH,POINT(122.38573732437192 -1.2066541815894103),Ashley Thomas Wilson,682137/2105407/3116100,1073641410886,obat-lestari-cemerlang-murni-sejahtera-bersama,799
Toko Kimia Berkah Obat Pharma Medika,Jl. Rambutan Kecil Cluster 20 Kota/Kabupaten BOVEN DIGOEL Provinsi PAPUA,POINT(140.80481988872123 -5.406257654969249),Brittany Hill Garcia,741709/1003232/8102737,6951048968010,toko-kimia-berkah-obat-pharma-medika,532
Obat Berkah Murni Apotik Sejahtera Bersama,Jl. Kota Sejahtera Daerah 48 Kota/Kabupaten NGADA Provinsi NUSA TENGGARA TIMUR,POINT(121.02472423824592 -8.621502124810817),Tom Harris Jackson,156007/224023/1032530,1661210485000,obat-berkah-murni-apotik-sejahtera-bersama,12
Sentorsa Medic Harmoni Toko Pharm Sejahtera,Jl. Duku Tinggi Komplek 94 Kota/Kabupaten TIMOR TENGAH SELATAN Provinsi NUSA TENGGARA TIMUR,POINT(124.422620369259 -9.711348998768246),Matt White Thomas,8101727/332100/440359,700648422104,sentorsa-medic-harmoni-toko-pharm-sejahtera,443
Lestari Tenaga Prima Nusantara Jaya Sejahtera,Jl. Ikan Cermat Blok 8 Kota/Kabupaten NDUGA Provinsi PAPUA,POINT(138.11918165423285 -4.538005699578073),Allison Nelson Taylor,178292/2510363/7033101,4103803570157,lestari-tenaga-prima-nusantara-jaya-sejahtera,375
Makmur Lestari Bintang Badan Medika Farma,Jl. Gajah Besar Blok 58 Kota/Kabupaten ENREKANG Provinsi SULAWESI SELATAN,POINT(119.99222681767093 -3.512338561634606),Jessica Martinez Brown,669717/2831059/783374,884532790016,makmur-lestari-bintang-badan-medika-farma,179
Kimia Bahagia Terang Jaya Jaya Sejahtera,Jl. Durian Indah Wilayah 40 Kota/Kabupaten BENGKALIS Provinsi RIAU,POINT(101.55637318193108 1.0403622646536697),Chris Anderson Jackson,301328/2574105/458323,718522104885,kimia-bahagia-terang-jaya-jaya-sejahtera,180
Bahagia Makmur Badan Nusantara Medika Sejahtera,Jl. Jeruk Jenius Cluster 94 Kota/Kabupaten YAHUKIMO Provinsi PAPUA,POINT(140.06093273508108 -4.943988279728043),Michael Taylor Brown,1102215/225524/540322,1009087311897,bahagia-makmur-badan-nusantara-medika-sejahtera,848
Murni Surya Sehat Farmasi Jaya Sehat,Jl. Kuda Besar Wilayah 54 Kota/Kabupaten KUBU RAYA Provinsi KALIMANTAN BARAT,POINT(109.76747429438552 -0.0714935523208879),David Jones Moore,519844/1293010/365204,9134675011008,murni-surya-sehat-farmasi-jaya-sehat,355
Resep Tubuh Bumi Tenaga Pharm Pharma,Jl. Kucing Cerdas Wilayah 71 Kota/Kabupaten KOTA TIDORE KEPULAUAN Provinsi MALUKU UTARA,POINT(127.6519274101342 0.7251221540290089),Emily Parker Harris,513089/929345/3341040,710710101002380,resep-tubuh-bumi-tenaga-pharm-pharma,807
Harmoni Amanah Resep Bintang Pharm Pharma,Jl. Duku Pintar Wilayah 67 Kota/Kabupaten TAPANULI UTARA Provinsi SUMATERA UTARA,POINT(99.18102779370524 2.058949279316914),Sarah Parker Anderson,9091012/1036522/233437,44901098510178,harmoni-amanah-resep-bintang-pharm-pharma,508
Sehat Surya Bintang Surya Pharm Apotik,Jl. Kucing Cepat Wilayah 78 Kota/Kabupaten MALINAU Provinsi KALIMANTAN UTARA,POINT(115.82096145493036 1.4879616268803757),Alex Taylor Garcia,100126/160241/2134310,818018106743,sehat-surya-bintang-surya-pharm-apotik,439
Kimia Tenaga Resep Toko Bersama Apotik,Jl. Rambutan Sari Wilayah 71 Kota/Kabupaten CIANJUR Provinsi JAWA BARAT,POINT(107.1095090644613 -7.182296883493638),Brittany Martinez Jackson,113168/282664/4441030,7301085218805,kimia-tenaga-resep-toko-bersama-apotik,37
Farmasi Cemerlang Nusantara Badan Sejahtera Bersama,Jl. Kucing Besar Daerah 82 Kota/Kabupaten SINTANG Provinsi KALIMANTAN BARAT,POINT(111.4025620956624 0.7895876305472189),David Harris Thomas,974141/10222110/263195,10401067312638,farmasi-cemerlang-nusantara-badan-sejahtera-bersama,521
Bintang Mutiara Amanah Surya Apotek Pharm,Jl. Apel Jenius Daerah 72 Kota/Kabupaten KUTAI TIMUR Provinsi KALIMANTAN TIMUR,POINT(116.9457356705159 0.9840003729064808),Rachel Adams Miller,1241015/205518/733523,8265061052351,bintang-mutiara-amanah-surya-apotek-pharm,212
Nusantara Tubuh Bumi Surya Medik Apotik,Jl. Sirih Indah Blok 62 Kota/Kabupaten MALINAU Provinsi KALIMANTAN UTARA,POINT(115.52872830808016 2.6984176012006635),Megan Hill Jones,9550110/527229/8382210,1380410398859,nusantara-tubuh-bumi-surya-medik-apotik,526
Jaya Sejahtera Cemerlang Prima Pharm Medika,Jl. Apel Cepat Cluster 47 Kota/Kabupaten KUNINGAN Provinsi JAWA BARAT,POINT(108.45533659896428 -6.894280074806536),Steve Hill Moore,1005001/950723/173093,8086769411044,jaya-sejahtera-cemerlang-prima-pharm-medika,473
Jaya Mutiara Makmur Sejahtera Sejahtera Sehat,Jl. Kucing Kecil Daerah 6 Kota/Kabupaten TELUK WONDAMA Provinsi PAPUA BARAT,POINT(134.09385128346327 -1.7744581163883275),Michael Brown Brown,411185/239962/7762103,413415896048,jaya-mutiara-makmur-sejahtera-sejahtera-sehat,146
Prima Resep Cemerlang Terang Pharma Bersama,Jl. Pisang Sejahtera Blok 30 Kota/Kabupaten TELUK BINTUNI Provinsi PAPUA BARAT,POINT(133.84722837732187 -2.5700808616359687),Brittany Johnson Brown,819144/9310032/8638104,100102822315110,prima-resep-cemerlang-terang-pharma-bersama,10
Apotik Toko Mawar Medical Jaya Pharma,Jl. Balai Cerah Wilayah 46 Kota/Kabupaten POSO Provinsi SULAWESI TENGAH,POINT(120.18321499089248 -1.8480084568004909),Alex Hill Wilson,3145010/10610271/3835106,9029611007088,apotik-toko-mawar-medical-jaya-pharma,46
Medical Indah Kimia Medic Pharm Farma,Jl. Balai Sejahtera Wilayah 73 Kota/Kabupaten ACEH TENGAH Provinsi ACEH,POINT(96.56804345151474 4.603010930135953),Alex Brown Miller,1101715/7027104/373131,120310948126,medical-indah-kimia-medic-pharm-farma,614
Jaya Tenaga Amanah Mutiara Pharm Farma,Jl. Kebun Cerah Cluster 10 Kota/Kabupaten BERAU Provinsi KALIMANTAN TIMUR,POINT(116.82055385623389 2.120253063053063),Matt Jackson Anderson,134816/201174/84310103,51011044723180,jaya-tenaga-amanah-mutiara-pharm-farma,56
Murni Harmoni Prima Berkah Bersama Jaya,Jl. Tembok Jenius Cluster 97 Kota/Kabupaten FAKFAK Provinsi PAPUA BARAT,POINT(132.86634137375873 -3.795308901756445),Mark Clark Robinson,961135/773552/9491032,20415100108187,murni-harmoni-prima-berkah-bersama-jaya,458
Tenaga Farmasi Medic Berkah Farma Sejahtera,Jl. Balai Pendek Wilayah 86 Kota/Kabupaten PAHUWATO Provinsi GORONTALO,POINT(121.63095152584737 0.6634637795873601),Katie Martinez Harris,519489/2310085/383193,315559418802,tenaga-farmasi-medic-berkah-farma-sejahtera,11
Terang Badan Indah Sejahtera Medika Pharma,Jl. Mangga Jenius Cluster 55 Kota/Kabupaten KAPUAS Provinsi KALIMANTAN TENGAH,POINT(114.32018090772478 -2.3358692387423865),John Martinez Smith,1016729/154725/783796,318709160584,terang-badan-indah-sejahtera-medika-pharma,215
Bumi Medical Jaya Prima Medik Sejahtera,Jl. Apel Pendek Blok 95 Kota/Kabupaten BOLAANG MONGONDOW Provinsi SULAWESI UTARA,POINT(123.9242923335781 0.7167615485423227),Jessica Roberts Robinson,547015/674842/733454,8411097630324,bumi-medical-jaya-prima-medik-sejahtera,519
Jaya Resep Apotik Surya Sejahtera Apotik,Jl. Jeruk Cepat Daerah 67 Kota/Kabupaten PANIAI Provinsi PAPUA,POINT(136.27989530371394 -3.621605516216816),John Williams Harris,141671/10710920/105134,10505087810811,jaya-resep-apotik-surya-sejahtera-apotik,168
Resep Sentorsa Jaya Berkah Medika Medik,Jl. Duku Sari Komplek 32 Kota/Kabupaten CILACAP Provinsi JAWA TENGAH,POINT(108.95744928819816 -7.626338894095666),Katie Williams Jones,243010/2342210/3100768,541460801581,resep-sentorsa-jaya-berkah-medika-medik,264
Farmasi Harmoni Resep Mawar Sejahtera Jaya,Jl. Jeruk Kecil Blok 92 Kota/Kabupaten INDRAGIRI HULU Provinsi RIAU,POINT(102.13222383970536 -0.7581371848767535),David Brown Taylor,757111/362421/4108395,3121696069108,farmasi-harmoni-resep-mawar-sejahtera-jaya,915
Nusantara Toko Sentorsa Bumi Medika Jaya,Jl. Kebun Pintar Komplek 55 Kota/Kabupaten MELAWI Provinsi KALIMANTAN BARAT,POINT(111.87996422368956 -0.4138797480918796),Sarah Parker Thomas,168123/5002710/7035103,3001058410791,nusantara-toko-sentorsa-bumi-medika-jaya,469
Medical Berkah Surya Amanah Pharma Apotik,Jl. Kebun Sejahtera Wilayah 25 Kota/Kabupaten PASAMAN Provinsi SUMATERA BARAT,POINT(100.128489404541 0.753215563299479),Michael Brown Harris,178357/425473/23210106,1041088701101087,medical-berkah-surya-amanah-pharma-apotik,458
Bahagia Surya Indah Toko Sehat Sejahtera,Jl. Sawah Cermat Daerah 15 Kota/Kabupaten ACEH JAYA Provinsi ACEH,POINT(95.90305672904522 4.742728973944924),Megan Harris Taylor,981600/199625/289351,19101918010108,bahagia-surya-indah-toko-sehat-sejahtera,642
Sejahtera Bahagia Obat Cemerlang Pharm Medika,Jl. Pisang Jenius Komplek 17 Kota/Kabupaten KETAPANG Provinsi KALIMANTAN BARAT,POINT(110.95260450229937 -0.5430830087399716),Brittany Smith Jackson,9781017/258262/3310433,58100123810771,sejahtera-bahagia-obat-cemerlang-pharm-medika,23
Mawar Jaya Cemerlang Makmur Pharma Farma,Jl. Anjing Cermat Komplek 93 Kota/Kabupaten SUKAMARA Provinsi KALIMANTAN TENGAH,POINT(111.09097054642476 -2.16707889813692),Katie White Smith,1106991/481922/237230,1806516121081,mawar-jaya-cemerlang-makmur-pharma-farma,686
Medical Mutiara Apotik Cemerlang Apotik Farma,Jl. Pisang Pintar Cluster 16 Kota/Kabupaten MUSI BANYUASIN Provinsi SUMATERA SELATAN,POINT(104.1495106594394 -1.8747371390515024),Alex Martinez Robinson,298184/247824/685830,9961045107518,medical-mutiara-apotik-cemerlang-apotik-farma,671
Bumi Mawar Amanah Sehat Apotek Medik,Jl. Balai Cerah Wilayah 34 Kota/Kabupaten ASMAT Provinsi PAPUA,POINT(139.32183683735258 -5.204746780582105),Megan Anderson Williams,1014126/930712/303720,180683630387,bumi-mawar-amanah-sehat-apotek-medik,107
Prima Sejahtera Lestari Toko Sejahtera Pharma,Jl. Ikan Besar Daerah 28 Kota/Kabupaten ASMAT Provinsi PAPUA,POINT(138.48549041905397 -4.978877520893889),Steve Adams Smith,1584110/79510102/359588,1008606589961,prima-sejahtera-lestari-toko-sejahtera-pharma,767
Sentorsa Bumi Prima Mawar Sehat Medik,Jl. Balai Sari Daerah 29 Kota/Kabupaten KONAWE SELATAN Provinsi SULAWESI TENGGARA,POINT(122.34777277448818 -4.258466659819596),John Roberts White,210126/2324103/233193,78510810102020,sentorsa-bumi-prima-mawar-sehat-medik,210
Resep Sehat Tenaga Prima Pharma Sejahtera,Jl. Kota Sari Wilayah 19 Kota/Kabupaten SINTANG Provinsi KALIMANTAN BARAT,POINT(111.7657522975125 0.1367490101518562),Allison Johnson Miller,114650/920294/8691033,9180110538807,resep-sehat-tenaga-prima-pharma-sejahtera,576
Harmoni Terang Makmur Lestari Medika Sehat,Jl. Gedung Besar Wilayah 74 Kota/Kabupaten LANNY JAYA Provinsi PAPUA,POINT(138.0347539665769 -3.901596388013399),Michael White Thomas,217306/210640/319766,455882189502,harmoni-terang-makmur-lestari-medika-sehat,55
Harmoni Amanah Farmasi Medical Pharm Pharma,Jl. Kebun Besar Cluster 10 Kota/Kabupaten MESUJI Provinsi LAMPUNG,POINT(105.63509889687344 -4.059456200983126),Jessica Thomas Wilson,721150/252385/291443,802118142500,harmoni-amanah-farmasi-medical-pharm-pharma,770
Cemerlang Bumi Sehat Bintang Bersama Apotik,Jl. Kuda Cepat Daerah 98 Kota/Kabupaten MALINAU Provinsi KALIMANTAN UTARA,POINT(115.8362900053264 2.1232745707605023),Jason Adams Garcia,490815/918620/33910010,5285887110620,cemerlang-bumi-sehat-bintang-bersama-apotik,207
Amanah Toko Sentorsa Prima Sejahtera Medika,Jl. Kebun Pendek Blok 68 Kota/Kabupaten MANGGARAI BARAT Provinsi NUSA TENGGARA TIMUR,POINT(120.26246129028596 -8.567467644565882),Megan White Miller,657141/460202/373647,1821610003410,amanah-toko-sentorsa-prima-sejahtera-medika,974
Tenaga Murni Sejahtera Indah Sejahtera Pharma,Jl. Jeruk Cerdas Daerah 54 Kota/Kabupaten BERAU Provinsi KALIMANTAN TIMUR,POINT(118.42642765060243 1.391322318786143),Brittany Taylor Martinez,621913/309142/368993,2441010891540,tenaga-murni-sejahtera-indah-sejahtera-pharma,66
Murni Sentorsa Resep Cemerlang Medika Apotek,Jl. Kebun Jenius Wilayah 82 Kota/Kabupaten BOVEN DIGOEL Provinsi PAPUA,POINT(140.82014514628258 -6.50024193990807),Katie White Anderson,697130/27101027/337187,5660103881781,murni-sentorsa-resep-cemerlang-medika-apotek,186
Bakti Berkah Bumi Prima Apotik Medika,Jl. Kebun Cermat Komplek 60 Kota/Kabupaten LUWU Provinsi SULAWESI SELATAN,POINT(120.32244543585726 -3.5757715796026064),Megan Nelson Martinez,51015610/9621054/537797,605988538091,bakti-berkah-bumi-prima-apotik-medika,178
Mutiara Makmur Surya Cemerlang Jaya Bersama,Jl. Rambutan Pintar Daerah 74 Kota/Kabupaten PARIGI MOUTONG Provinsi SULAWESI TENGAH,POINT(120.45299550646934 0.5621258852406648),Alex Harris Jackson,1105142/10108732/5879310,8400502738110,mutiara-makmur-surya-cemerlang-jaya-bersama,325
Mawar Sejahtera Indah Jaya Farma Jaya,Jl. Jeruk Cepat Daerah 25 Kota/Kabupaten KOTA DUMAI Provinsi RIAU,POINT(101.0796086054584 2.0278078559666337),Mark Adams Jones,13101011/330276/1017304,8661001295290,mawar-sejahtera-indah-jaya-farma-jaya,812
Kimia Bumi Harmoni Medical Medika Medik,Jl. Apel Besar Cluster 79 Kota/Kabupaten YALIMO Provinsi PAPUA,POINT(139.05069526818406 -3.788025992224848),Matt Lewis Harris,800271/853520/153456,408092301819,kimia-bumi-harmoni-medical-medika-medik,13
Harmoni Apotik Sentorsa Cemerlang Apotek Medik,Jl. Gedung Kecil Wilayah 67 Kota/Kabupaten ASMAT Provinsi PAPUA,POINT(138.5349244934751 -5.477265658218713),Mark Parker Moore,158040/735421/202388,189040412511,harmoni-apotik-sentorsa-cemerlang-apotek-medik,408
Prima Mutiara Tenaga Sentorsa Pharma Sejahtera,Jl. Kucing Besar Cluster 63 Kota/Kabupaten BONE Provinsi SULAWESI SELATAN,POINT(120.13107269901208 -4.342478033980713),John Brown Miller,810728/6510228/358572,401280095817,prima-mutiara-tenaga-sentorsa-pharma-sejahtera,565
Tenaga Lestari Badan Farmasi Pharm Medika,Jl. Anjing Cerah Daerah 23 Kota/Kabupaten SUMBA BARAT DAYA Provinsi NUSA TENGGARA TIMUR,POINT(119.27464651231212 -9.637581607426869),Emily Harris Brown,3491910/2696610/193432,1012308195493,tenaga-lestari-badan-farmasi-pharm-medika,729
Farmasi Medical Sentorsa Jaya Apotik Sehat,Jl. Kuda Cepat Blok 85 Kota/Kabupaten MAMUJU UTARA Provinsi SULAWESI BARAT,POINT(119.77000724352052 -1.7143681374646675),Steve Parker Williams,133953/101062210/3560210,786500465281,farmasi-medical-sentorsa-jaya-apotik-sehat,576
Surya Medic Bumi Badan Bersama Jaya,Jl. Durian Jenius Komplek 36 Kota/Kabupaten BONDOWOSO Provinsi JAWA TIMUR,POINT(113.8447923172599 -7.914463912977874),Jessica Carter Martin,196367/2110940/391837,143808567857,surya-medic-bumi-badan-bersama-jaya,845
Apotik Medic Sejahtera Amanah Farma Pharm,Jl. Gedung Pintar Cluster 94 Kota/Kabupaten SUBANG Provinsi JAWA BARAT,POINT(107.8011174169086 -6.218532755275118),Tom Nelson Williams,735106/624822/7710833,19100807105671,apotik-medic-sejahtera-amanah-farma-pharm,408
Indah Prima Murni Tenaga Sejahtera Pharma,Jl. Gajah Cerdas Komplek 48 Kota/Kabupaten SARMI Provinsi PAPUA,POINT(138.39211968047692 -2.057303270544427),David White Robinson,1131050/223736/173393,805188864200,indah-prima-murni-tenaga-sejahtera-pharma,558
Terang Tubuh Berkah Bakti Apotik Farma,Jl. Jeruk Pendek Cluster 54 Kota/Kabupaten SIJUNJUNG Provinsi SUMATERA BARAT,POINT(101.10812654759094 -0.5621717013150782),Tom Parker Davis,8101494/2105040/3910104,873000900611,terang-tubuh-berkah-bakti-apotik-farma,325
Prima Surya Berkah Apotik Medik Sehat,Jl. Gajah Sari Komplek 15 Kota/Kabupaten SUKABUMI Provinsi JAWA BARAT,POINT(106.64844069913836 -7.41547902939868),Alex Brown Moore,2210104/2610805/378359,688108458182,prima-surya-berkah-apotik-medik-sehat,672
Prima Indah Terang Medic Pharm Pharma,Jl. Apel Kecil Wilayah 21 Kota/Kabupaten HUMBANG HASUNDUTAN Provinsi SUMATERA UTARA,POINT(98.77190743920406 2.2695859098043023),Chris Johnson Martin,5141210/2610810/3152103,1052580601035,prima-indah-terang-medic-pharm-pharma,367
Nusantara Terang Berkah Toko Farma Apotek,Jl. Jeruk Cermat Wilayah 14 Kota/Kabupaten LUWU Provinsi SULAWESI SELATAN,POINT(120.2509370232057 -3.303239814738081),Matt Jones Taylor,391512/170277/223401,1046741800172,nusantara-terang-berkah-toko-farma-apotek,180
Sehat Bahagia Farmasi Makmur Apotik Pharma,Jl. Kuda Pendek Blok 61 Kota/Kabupaten YALIMO Provinsi PAPUA,POINT(139.18647128247295 -3.996458939450784),Brittany Parker White,131471/214742/61003105,2711078072498,sehat-bahagia-farmasi-makmur-apotik-pharma,67
Amanah Obat Resep Jaya Apotik Sejahtera,Jl. Apel Sejahtera Blok 92 Kota/Kabupaten JAYAPURA Provinsi PAPUA,POINT(139.9011065020942 -3.340781693144363),David Smith Miller,1712108/667201/3036103,97101010128824,amanah-obat-resep-jaya-apotik-sejahtera,133
Sentorsa Medical Sehat Toko Medik Pharma,Jl. Ikan Cepat Blok 22 Kota/Kabupaten BANGKA TENGAH Provinsi KEPULAUAN BANGKA BELITUNG,POINT(106.1380935321622 -2.398935013901175),Sarah Smith Williams,401204/513259/3811080,909849592781,sentorsa-medical-sehat-toko-medik-pharma,43
Nusantara Bintang Prima Harmoni Pharma Sejahtera,Jl. Anjing Pendek Daerah 47 Kota/Kabupaten TULUNGAGUNG Provinsi JAWA TIMUR,POINT(111.78646285230874 -7.933825197322959),Matt Taylor Thompson,1010312/1098402/7175103,108815671303,nusantara-bintang-prima-harmoni-pharma-sejahtera,740
Kimia Tenaga Farmasi Nusantara Pharma Sejahtera,Jl. Tembok Indah Wilayah 66 Kota/Kabupaten MERAUKE Provinsi PAPUA,POINT(139.5688730413625 -7.667203422215239),Matt Hill Martinez,1010118/1098432/352790,289051896500,kimia-tenaga-farmasi-nusantara-pharma-sejahtera,209
Bintang Kimia Prima Tenaga Medik Pharm,Jl. Kuda Cerah Daerah 42 Kota/Kabupaten MAPPI Provinsi PAPUA,POINT(138.7597902835114 -6.873811362828994),Brittany Jackson Williams,6510121/929083/535808,2128233201002,bintang-kimia-prima-tenaga-medik-pharm,215
Prima Indah Bintang Resep Sejahtera Jaya,Jl. Kuda Cerdas Cluster 85 Kota/Kabupaten MERAUKE Provinsi PAPUA,POINT(140.4449067419478 -8.418179545100635),Jason White Brown,7102751/224960/660354,1655985010571,prima-indah-bintang-resep-sejahtera-jaya,574
Bumi Bahagia Toko Obat Apotik Bersama,Jl. Sawah Cermat Wilayah 41 Kota/Kabupaten WAJO Provinsi SULAWESI SELATAN,POINT(120.24325132680076 -4.084528439529009),Brittany Martinez Taylor,321751/688261/3056109,6083510593014,bumi-bahagia-toko-obat-apotik-bersama,250
Bintang Mawar Medical Kimia Sejahtera Sehat,Jl. Gedung Cepat Cluster 88 Kota/Kabupaten PEGUNUNGAN BINTANG Provinsi PAPUA,POINT(140.93999934136895 -5.006669040594337),Ashley Nelson Johnson,491608/9221025/374714,6480801080091,bintang-mawar-medical-kimia-sejahtera-sehat,68
Lestari Makmur Obat Bakti Sehat Pharm,Jl. Rambutan Cermat Komplek 12 Kota/Kabupaten MAPPI Provinsi PAPUA,POINT(139.60005488481522 -5.343924903376672),Steve Adams Johnson,186136/128131/7331041,880600808651,lestari-makmur-obat-bakti-sehat-pharm,91
Mawar Badan Makmur Jaya Pharm Apotik,Jl. Durian Pintar Blok 6 Kota/Kabupaten KATINGAN Provinsi KALIMANTAN TENGAH,POINT(112.94029518429046 -1.275287638897222),Tom Harris Brown,601750/10910822/7945310,8141095031108,mawar-badan-makmur-jaya-pharm-apotik,627
Sejahtera Surya Badan Sentorsa Pharma Apotek,Jl. Tembok Jenius Wilayah 91 Kota/Kabupaten KETAPANG Provinsi KALIMANTAN BARAT,POINT(110.55362555112931 -2.1670720603417486),Brittany Roberts Anderson,2791013/219379/536536,822982010958,sejahtera-surya-badan-sentorsa-pharma-apotek,551
Makmur Obat Cemerlang Prima Pharma Farma,Jl. Jeruk Kecil Komplek 95 Kota/Kabupaten SARMI Provinsi PAPUA,POINT(139.28088533684002 -3.433679714932282),Ashley Parker Harris,8010071/920869/2100355,81107010910654,makmur-obat-cemerlang-prima-pharma-farma,696
Sentorsa Cemerlang Berkah Nusantara Bersama Apotik,Jl. Kucing Besar Cluster 13 Kota/Kabupaten SERAM BAGIAN BARAT Provinsi MALUKU,POINT(128.78253388061398 -3.257719837336205),Chris Parker Anderson,6106331/591727/99104103,410598264290,sentorsa-cemerlang-berkah-nusantara-bersama-apotik,960
Medic Cemerlang Tenaga Jaya Pharma Jaya,Jl. Kota Indah Cluster 60 Kota/Kabupaten TANAH LAUT Provinsi KALIMANTAN SELATAN,POINT(115.00247427152372 -3.869030718524747),Katie Johnson Martinez,913161/712264/265103,9901810829506,medic-cemerlang-tenaga-jaya-pharma-jaya,630
Sejahtera Murni Jaya Cemerlang Pharm Apotek,Jl. Durian Cerah Wilayah 25 Kota/Kabupaten KARANGASEM Provinsi BALI,POINT(115.54987057382066 -8.30011298795292),Mark Roberts Martin,912406/4361042/3110087,1152863119100,sejahtera-murni-jaya-cemerlang-pharm-apotek,603
Mawar Apotik Jaya Surya Farma Pharm,Jl. Jeruk Cepat Wilayah 10 Kota/Kabupaten MERANGIN Provinsi JAMBI,POINT(102.46852822559693 -1.7719834550525349),Mark Brown Thomas,316619/429514/597734,739022062881,mawar-apotik-jaya-surya-farma-pharm,526
Bahagia Jaya Prima Harmoni Medika Apotek,Jl. Kota Cermat Wilayah 40 Kota/Kabupaten MURUNG RAYA Provinsi KALIMANTAN TENGAH,POINT(113.6095311452868 -0.0943015343404631),Brittany Jones Thomas,2101690/3924108/1063229,4192601371810,bahagia-jaya-prima-harmoni-medika-apotek,914
Obat Mutiara Prima Tubuh Bersama Medik,Jl. Duku Cermat Wilayah 33 Kota/Kabupaten TAMBRAUW Provinsi PAPUA BARAT,POINT(133.23318217856593 -0.8811294217073815),Michael Parker Martin,2010710/652655/810443,531013516986,obat-mutiara-prima-tubuh-bersama-medik,48
Badan Toko Jaya Mutiara Farma Pharma,Jl. Durian Cepat Daerah 52 Kota/Kabupaten PEGUNUNGAN BINTANG Provinsi PAPUA,POINT(140.37458615251248 -4.777063157078242),Emily Clark Williams,461905/207753/1038074,782026149914,badan-toko-jaya-mutiara-farma-pharma,991
Bahagia Bintang Terang Tenaga Pharm Pharma,Jl. Kota Tinggi Wilayah 49 Kota/Kabupaten BUNGO Provinsi JAMBI,POINT(102.10569638678672 -1.7898741769632949),Jason Roberts Martin,812931/1001323/437990,18104010341868,bahagia-bintang-terang-tenaga-pharm-pharma,94
Apotik Farmasi Terang Nusantara Pharm Pharma,Jl. Sawah Kecil Daerah 55 Kota/Kabupaten BENGKALIS Provinsi RIAU,POINT(101.73333337432852 1.4737097710948923),Ashley Brown Taylor,5181098/1022255/630439,90101017121803,apotik-farmasi-terang-nusantara-pharm-pharma,642
Bakti Cemerlang Surya Tubuh Medika Medik,Jl. Gedung Cerah Cluster 80 Kota/Kabupaten MERANGIN Provinsi JAMBI,POINT(101.9887207206078 -2.083530033025937),Jason Harris Thompson,1009717/352994/328989,191405184091,bakti-cemerlang-surya-tubuh-medika-medik,418
Medic Kimia Apotik Jaya Sehat Medik,Jl. Ikan Jenius Komplek 59 Kota/Kabupaten BOVEN DIGOEL Provinsi PAPUA,POINT(140.62663531078772 -6.428039899494381),Rachel Nelson Taylor,5188101/279694/376373,4601100881559,medic-kimia-apotik-jaya-sehat-medik,914
Jaya Obat Sentorsa Harmoni Pharma Medik,Jl. Balai Cermat Cluster 10 Kota/Kabupaten JAYAPURA Provinsi PAPUA,POINT(140.00661361714637 -2.4143219892817243),Jason Martinez Martin,170147/627705/2031026,3151036851307,jaya-obat-sentorsa-harmoni-pharma-medik,365
Lestari Mawar Nusantara Badan Apotik Sejahtera,Jl. Mangga Tinggi Daerah 15 Kota/Kabupaten TANAH DATAR Provinsi SUMATERA BARAT,POINT(100.67613081776064 -0.506817319522419),Ashley Jones Miller,101101059/95211010/4091053,80008491010131,lestari-mawar-nusantara-badan-apotik-sejahtera,588
Apotik Tubuh Bumi Badan Sejahtera Bersama,Jl. Sirih Jenius Wilayah 27 Kota/Kabupaten LANGKAT Provinsi SUMATERA UTARA,POINT(98.45499549790893 3.705252605199599),Chris Martinez Martinez,3210176/3220102/1101293,915942500890,apotik-tubuh-bumi-badan-sejahtera-bersama,23
Obat Indah Mawar Berkah Medika Apotek,Jl. Gunung Sari Daerah 19 Kota/Kabupaten BERAU Provinsi KALIMANTAN TIMUR,POINT(116.43326284342936 1.9839822250874215),Megan Anderson Davis,158099/126881/530851,960226281414,obat-indah-mawar-berkah-medika-apotek,49
Prima Bahagia Farmasi Surya Sehat Jaya,Jl. Kebun Tinggi Cluster 5 Kota/Kabupaten BERAU Provinsi KALIMANTAN TIMUR,POINT(116.66602599922496 1.7363460167225142),Allison Williams Moore,311277/693924/1017923,830401010101230,prima-bahagia-farmasi-surya-sehat-jaya,168
Prima Medic Resep Amanah Sehat Apotek,Jl. Gedung Cermat Komplek 83 Kota/Kabupaten BOVEN DIGOEL Provinsi PAPUA,POINT(140.36393671548416 -5.921267479823842),Allison Martinez Jackson,3810136/2610033/645239,496228673041,prima-medic-resep-amanah-sehat-apotek,541
Makmur Prima Bakti Jaya Pharma Farma,Jl. Apel Sari Blok 46 Kota/Kabupaten MERAUKE Provinsi PAPUA,POINT(140.9017469084724 -8.800492348536903),Alex Jackson Harris,211185/1024749/43510010,168807005221,makmur-prima-bakti-jaya-pharma-farma,598
Resep Obat Bahagia Toko Sehat Sejahtera,Jl. Sirih Kecil Daerah 13 Kota/Kabupaten BANYUASIN Provinsi SUMATERA SELATAN,POINT(104.65617144197142 -2.8327235560410884),Rachel Jones Taylor,11001047/8102001/4331061,3571091009085,resep-obat-bahagia-toko-sehat-sejahtera,779
Bintang Mawar Terang Mutiara Jaya Sejahtera,Jl. Gunung Cermat Blok 59 Kota/Kabupaten TANJUNG JABUNG BARAT Provinsi JAMBI,POINT(102.98114894319076 -1.0419179305866404),Tom Williams Thomas,3104821/847322/105332,469056568311,bintang-mawar-terang-mutiara-jaya-sejahtera,346
Apotik Lestari Surya Badan Jaya Sejahtera,Jl. Sirih Cermat Komplek 45 Kota/Kabupaten PEGUNUNGAN BINTANG Provinsi PAPUA,POINT(140.21761956727184 -4.7020522052883456),Ashley Clark Miller,4119410/912197/353937,9112203210887,apotik-lestari-surya-badan-jaya-sejahtera,830
Apotik Surya Prima Bakti Apotek Sehat,Jl. Ikan Pendek Daerah 73 Kota/Kabupaten SUMBA BARAT Provinsi NUSA TENGGARA TIMUR,POINT(119.41581627507082 -9.426209843227324),Emily Anderson Davis,759416/6203110/51010339,880109494611,apotik-surya-prima-bakti-apotek-sehat,458
Prima Surya Obat Berkah Apotek Jaya,Jl. Kuda Pendek Komplek 80 Kota/Kabupaten PULANG PISAU Provinsi KALIMANTAN TENGAH,POINT(113.84782280963168 -2.4660313171175847),Chris Thomas Moore,194459/191020/1009332,10244041065158,prima-surya-obat-berkah-apotek-jaya,164
Apotik Nusantara Medical Tenaga Sehat Pharma,Jl. Kota Jenius Cluster 80 Kota/Kabupaten KAIMANA Provinsi PAPUA BARAT,POINT(133.92943808879113 -2.9921367359392894),Steve Carter Thomas,109855/260792/5637810,140076050683,apotik-nusantara-medical-tenaga-sehat-pharma,458
Bumi Kimia Medic Harmoni Sejahtera Sejahtera,Jl. Anjing Pendek Wilayah 37 Kota/Kabupaten BOVEN DIGOEL Provinsi PAPUA,POINT(140.0491009871139 -5.529792190135002),Emily Harris Martinez,541511/6102925/3501045,816100798635,bumi-kimia-medic-harmoni-sejahtera-sejahtera,124
Farmasi Cemerlang Jaya Prima Sejahtera Medik,Jl. Ikan Kecil Komplek 86 Kota/Kabupaten KONAWE SELATAN Provinsi SULAWESI TENGGARA,POINT(122.83491815310764 -4.123667842221138),Matt Carter Jones,51910106/822030/384034,709270651813,farmasi-cemerlang-jaya-prima-sejahtera-medik,296
Berkah Surya Indah Terang Apotek Sehat,Jl. Gunung Pendek Daerah 42 Kota/Kabupaten NUNUKAN Provinsi KALIMANTAN UTARA,POINT(115.77686529331024 3.937816709006056),Michael Harris Moore,1081104/6710121/671034,182930182127,berkah-surya-indah-terang-apotek-sehat,262
Murni Amanah Sehat Prima Jaya Sejahtera,Jl. Rambutan Besar Daerah 27 Kota/Kabupaten BERAU Provinsi KALIMANTAN TIMUR,POINT(117.0673095143785 2.364482535231957),Tom Taylor Jackson,1070271/262601/3031025,584530700015,murni-amanah-sehat-prima-jaya-sejahtera,107
Nusantara Sentorsa Surya Prima Sejahtera Medika,Jl. Apel Cerah Daerah 3 Kota/Kabupaten MAPPI Provinsi PAPUA,POINT(138.94482240843047 -6.283246392061517),Chris Carter Martinez,291769/325176/1053143,107208803235,nusantara-sentorsa-surya-prima-sejahtera-medika,913
Bahagia Berkah Nusantara Indah Apotek Jaya,Jl. Tembok Kecil Blok 43 Kota/Kabupaten SINTANG Provinsi KALIMANTAN BARAT,POINT(111.6085457929458 0.7215262198662931),Chris Smith Wilson,494811/2247110/900368,73100751198710,bahagia-berkah-nusantara-indah-apotek-jaya,604
Badan Harmoni Prima Sejahtera Jaya Medik,Jl. Pisang Cerdas Wilayah 62 Kota/Kabupaten HALMAHERA TENGAH Provinsi MALUKU UTARA,POINT(127.86988687885012 0.5078933244601558),John Anderson Anderson,230201/9724102/10336510,510710711030418,badan-harmoni-prima-sejahtera-jaya-medik,827
Murni Apotik Medic Sentorsa Apotek Jaya,Jl. Mangga Kecil Daerah 21 Kota/Kabupaten MURUNG RAYA Provinsi KALIMANTAN TENGAH,POINT(114.2277722402416 -0.562578386534069),Chris Adams Garcia,300316/771021010/331663,4428112101006,murni-apotik-medic-sentorsa-apotek-jaya,938
Prima Apotik Jaya Nusantara Pharm Pharma,Jl. Mangga Sari Komplek 77 Kota/Kabupaten MAPPI Provinsi PAPUA,POINT(139.4831712430712 -6.190533709964964),Matt Taylor Martin,802513/2552106/232353,78026107181067,prima-apotik-jaya-nusantara-pharm-pharma,295
Badan Bahagia Bakti Farmasi Pharm Farma,Jl. Gedung Sari Blok 57 Kota/Kabupaten SAROLANGUN Provinsi JAMBI,POINT(103.07693165034344 -2.0378957404765163),Rachel Martinez Smith,406916/8681052/453708,2101333820120,badan-bahagia-bakti-farmasi-pharm-farma,900
Amanah Toko Jaya Murni Apotek Sejahtera,Jl. Anjing Cerah Cluster 28 Kota/Kabupaten MERAUKE Provinsi PAPUA,POINT(140.38635860516962 -8.273673882807982),Jason Williams Williams,1979104/9102070/830535,86091011000249,amanah-toko-jaya-murni-apotek-sejahtera,381
Nusantara Toko Bumi Medic Medik Apotik,Jl. Ikan Jenius Komplek 80 Kota/Kabupaten LUWU TIMUR Provinsi SULAWESI SELATAN,POINT(120.6956000172484 -2.42241831301242),Lauren Harris Brown,186616/10010278/3421042,710017105810118,nusantara-toko-bumi-medic-medik-apotik,99
Medical Nusantara Apotik Surya Pharma Sehat,Jl. Gajah Jenius Komplek 61 Kota/Kabupaten PINRANG Provinsi SULAWESI SELATAN,POINT(119.71636804783164 -3.6311907698212087),David Parker Wilson,1052371/922702/1003942,820728473715,medical-nusantara-apotik-surya-pharma-sehat,970
Amanah Mutiara Sejahtera Terang Sehat Pharm,Jl. Duku Cermat Daerah 64 Kota/Kabupaten KUNINGAN Provinsi JAWA BARAT,POINT(108.63198843971634 -6.978334991053038),Alex Lewis Thomas,518104/270506/631299,3001051819010,amanah-mutiara-sejahtera-terang-sehat-pharm,724
Indah Bakti Jaya Obat Pharm Farma,Jl. Duku Cerah Wilayah 99 Kota/Kabupaten MUSI BANYUASIN Provinsi SUMATERA SELATAN,POINT(103.8747293504418 -1.9480227614068468),Jessica Smith Davis,1104421/1035882/171734,28915171026010,indah-bakti-jaya-obat-pharm-farma,104
Cemerlang Tenaga Lestari Prima Sehat Jaya,Jl. Ikan Indah Cluster 69 Kota/Kabupaten KAMPAR Provinsi RIAU,POINT(101.24320299552367 0.6252951340411066),John Jones Anderson,218601/4581022/762830,510600189445,cemerlang-tenaga-lestari-prima-sehat-jaya,120
Makmur Indah Nusantara Sentorsa Jaya Sehat,Jl. Durian Cerah Wilayah 51 Kota/Kabupaten MAMBERAMO RAYA Provinsi PAPUA,POINT(138.02169420667224 -2.843557802466071),David Williams Brown,806451/1101324/223377,80100110193862,makmur-indah-nusantara-sentorsa-jaya-sehat,49
Nusantara Bahagia Obat Resep Medik Sehat,Jl. Kota Jenius Blok 68 Kota/Kabupaten PEKALONGAN Provinsi JAWA TENGAH,POINT(109.62066562566494 -6.849834963681391),John Lewis Smith,1101688/229860/7730103,966085711830,nusantara-bahagia-obat-resep-medik-sehat,46
Medic Prima Apotik Lestari Farma Sejahtera,Jl. Ikan Kecil Komplek 39 Kota/Kabupaten BANYUASIN Provinsi SUMATERA SELATAN,POINT(104.70543121903356 -2.480560587826332),Lauren White Jackson,479631/908922/185323,179348397280,medic-prima-apotik-lestari-farma-sejahtera,91
Medic Kimia Jaya Makmur Pharm Sejahtera,Jl. Tembok Sari Komplek 91 Kota/Kabupaten MALINAU Provinsi KALIMANTAN UTARA,POINT(115.18769304412558 1.455913080189882),Rachel Jones Anderson,975361/955235/9510153,219874141403,medic-kimia-jaya-makmur-pharm-sejahtera,499
Mutiara Bahagia Terang Murni Sejahtera Sejahtera,Jl. Kebun Pintar Wilayah 3 Kota/Kabupaten SIAK Provinsi RIAU,POINT(102.3384910239122 0.8733867195999263),Jessica Jackson Martinez,8611410/627176/5891030,262980080681,mutiara-bahagia-terang-murni-sejahtera-sejahtera,65
Medic Surya Surya Murni Apotik Sejahtera,Jl. Ikan Pintar Cluster 41 Kota/Kabupaten KUTAI KARTANEGARA Provinsi KALIMANTAN TIMUR,POINT(116.45561117694692 -0.4089971122755589),Jessica White Garcia,781172/320271/343570,961084204494,medic-surya-surya-murni-apotik-sejahtera,62
Tubuh Terang Surya Sejahtera Pharm Apotik,Jl. Sawah Kecil Daerah 14 Kota/Kabupaten JAYAPURA Provinsi PAPUA,POINT(140.23696307566598 -2.9990268533521416),Sarah Lewis Davis,125843/6621099/943838,4101307880207,tubuh-terang-surya-sejahtera-pharm-apotik,326
Farmasi Nusantara Jaya Tenaga Medik Apotek,Jl. Gunung Cepat Blok 31 Kota/Kabupaten BULUNGAN Provinsi KALIMANTAN UTARA,POINT(116.7062977311539 2.8140677887537717),John Thomas Robinson,511554/21078103/153066,120417908239,farmasi-nusantara-jaya-tenaga-medik-apotek,614
Indah Prima Tenaga Sejahtera Sejahtera Medik,Jl. Gedung Kecil Cluster 87 Kota/Kabupaten YAHUKIMO Provinsi PAPUA,POINT(139.40422420713904 -4.39757711346297),Matt Adams Robinson,956115/225020/371399,810234139705,indah-prima-tenaga-sejahtera-sejahtera-medik,382
Bahagia Tenaga Obat Indah Sehat Apotek,Jl. Tembok Sari Komplek 54 Kota/Kabupaten OGAN KOMERING ILIR Provinsi SUMATERA SELATAN,POINT(105.37333429911024 -3.035415998750959),Rachel White Davis,117330/662277/4361033,625058853195,bahagia-tenaga-obat-indah-sehat-apotek,90
Bahagia Terang Nusantara Lestari Jaya Bersama,Jl. Ikan Cerdas Komplek 85 Kota/Kabupaten SIAK Provinsi RIAU,POINT(102.16580641982192 0.6684684115936079),Lauren Brown Martinez,775123/249516/1095833,8100186384808,bahagia-terang-nusantara-lestari-jaya-bersama,107
Tubuh Mawar Indah Resep Sehat Medik,Jl. Kuda Cermat Blok 6 Kota/Kabupaten KOTA SURABAYA Provinsi JAWA TIMUR,POINT(112.71483810561732 -5.833041614069923),Emily Smith Harris,109793/1059262/9307710,88120769108310,tubuh-mawar-indah-resep-sehat-medik,991
Medic Lestari Harmoni Indah Bersama Medik,Jl. Gedung Tinggi Komplek 97 Kota/Kabupaten KUTAI BARAT Provinsi KALIMANTAN TIMUR,POINT(115.36191570324576 -0.1282553821538385),Alex Johnson Williams,1644710/41210101/2781083,1656194821001,medic-lestari-harmoni-indah-bersama-medik,904
Prima Bakti Medic Sehat Medik Pharm,Jl. Gunung Kecil Daerah 99 Kota/Kabupaten ACEH SELATAN Provinsi ACEH,POINT(97.31384812580592 3.2955735287551957),Sarah Harris Martinez,1591055/404632/4033101,8191031010510044,prima-bakti-medic-sehat-medik-pharm,773
Sehat Surya Bintang Sejahtera Sehat Pharm,Jl. Durian Kecil Wilayah 61 Kota/Kabupaten BOVEN DIGOEL Provinsi PAPUA,POINT(140.30391450229558 -6.366508934747008),Alex Lewis Jackson,781501/126914/123382,777162748100,sehat-surya-bintang-sejahtera-sehat-pharm,959
Lestari Sehat Jaya Bumi Sehat Apotik,Jl. Apel Cermat Wilayah 54 Kota/Kabupaten TUBAN Provinsi JAWA TIMUR,POINT(111.7873458970656 -6.830965253782649),Alex Carter Davis,158604/8104662/9319010,921081343210,lestari-sehat-jaya-bumi-sehat-apotik,67
Terang Prima Harmoni Toko Sejahtera Bersama,Jl. Duku Kecil Wilayah 33 Kota/Kabupaten RAJA AMPAT Provinsi PAPUA BARAT,POINT(131.1426136666037 0.3983114264553755),Ashley Parker Thompson,390941/208838/923389,8509155701101,terang-prima-harmoni-toko-sejahtera-bersama,557
Prima Jaya Nusantara Surya Pharma Sejahtera,Jl. Gajah Kecil Komplek 89 Kota/Kabupaten BANYUMAS Provinsi JAWA TENGAH,POINT(109.12058033898606 -7.441265048815275),Steve Taylor Moore,606193/285420/4773100,7845201081228,prima-jaya-nusantara-surya-pharma-sejahtera,111
Tubuh Mutiara Surya Toko Apotek Bersama,Jl. Rambutan Cermat Daerah 96 Kota/Kabupaten MUSI RAWAS UTARA Provinsi SUMATERA SELATAN,POINT(102.64397933983577 -2.612844058947809),Tom Nelson Smith,71051091/222119/663043,7108955357012,tubuh-mutiara-surya-toko-apotek-bersama,403
Terang Murni Prima Medic Medik Sejahtera,Jl. Apel Kecil Wilayah 22 Kota/Kabupaten JAYAPURA Provinsi PAPUA,POINT(139.93473624203222 -3.3146160689165063),Jessica Harris Harris,193111/928060/769853,371077836035,terang-murni-prima-medic-medik-sejahtera,476
Tubuh Bahagia Obat Bintang Apotik Bersama,Jl. Kota Cepat Komplek 90 Kota/Kabupaten KUPANG Provinsi NUSA TENGGARA TIMUR,POINT(124.10689987767584 -9.515680243296194),Jessica Harris Thomas,812061/152624/294043,8100592100648,tubuh-bahagia-obat-bintang-apotik-bersama,309
Nusantara Makmur Sentorsa Resep Medik Apotik,Jl. Kota Pendek Daerah 80 Kota/Kabupaten MAPPI Provinsi PAPUA,POINT(139.7782647700409 -6.441047808189074),Megan Roberts Davis,158419/2121000/905385,582276730111,nusantara-makmur-sentorsa-resep-medik-apotik,622
Resep Bahagia Tubuh Sejahtera Apotik Bersama,Jl. Anjing Besar Cluster 34 Kota/Kabupaten PASER Provinsi KALIMANTAN TIMUR,POINT(115.99617183686404 -1.85635160041932),Ashley Adams Wilson,641937/249500/2823105,10561104827007,resep-bahagia-tubuh-sejahtera-apotik-bersama,460
Badan Lestari Cemerlang Medical Pharma Jaya,Jl. Kota Indah Cluster 28 Kota/Kabupaten BANGKA SELATAN Provinsi KEPULAUAN BANGKA BELITUNG,POINT(106.61656457707036 -2.835695093308498),Lauren Hill Martinez,125109/624006/389034,1029218294081,badan-lestari-cemerlang-medical-pharma-jaya,238
Bumi Amanah Badan Berkah Sejahtera Apotek,Jl. Sawah Kecil Cluster 7 Kota/Kabupaten JAYAWIJAYA Provinsi PAPUA,POINT(138.88480531946547 -4.105441120488202),Katie Parker Jackson,290881/1023325/1017391,8152214080310,bumi-amanah-badan-berkah-sejahtera-apotek,718
Jaya Mawar Murni Terang Medik Medika,Jl. Sirih Indah Wilayah 20 Kota/Kabupaten KARANGASEM Provinsi BALI,POINT(115.54110280903238 -8.445569599621022),Matt Jones Johnson,1099915/160270/1051368,370468618925,jaya-mawar-murni-terang-medik-medika,25
Mutiara Nusantara Cemerlang Terang Pharma Bersama,Jl. Jeruk Cermat Wilayah 28 Kota/Kabupaten KETAPANG Provinsi KALIMANTAN BARAT,POINT(110.1109726746726 -0.4400078857647926),David Roberts Garcia,297127/724061/536513,87101070172156,mutiara-nusantara-cemerlang-terang-pharma-bersama,351
Resep Prima Mawar Farmasi Sehat Sejahtera,Jl. Gedung Sari Daerah 82 Kota/Kabupaten SORONG SELATAN Provinsi PAPUA BARAT,POINT(132.12048474558824 -2.126041573787184),Tom Hill Davis,193411/291469/546314,51010087138710,resep-prima-mawar-farmasi-sehat-sejahtera,637
Obat Surya Indah Harmoni Sejahtera Medik,Jl. Anjing Kecil Blok 31 Kota/Kabupaten OGAN ILIR Provinsi SUMATERA SELATAN,POINT(104.6045553617729 -3.4200732756860197),Rachel Williams Robinson,21093110/1671012/329511,850035614914,obat-surya-indah-harmoni-sejahtera-medik,92
Sentorsa Indah Toko Sejahtera Bersama Sehat,Jl. Duku Cepat Wilayah 61 Kota/Kabupaten INDRAGIRI HILIR Provinsi RIAU,POINT(102.87764732854568 -0.4640202559793707),Rachel Hill Thompson,144688/206298/513853,41058689201051,sentorsa-indah-toko-sejahtera-bersama-sehat,380
Bumi Bintang Berkah Farmasi Sejahtera Sehat,Jl. Pisang Jenius Komplek 83 Kota/Kabupaten YAHUKIMO Provinsi PAPUA,POINT(139.9388383958543 -4.5909284867348665),Brittany Nelson Jackson,464147/502820/1003647,1920258125101,bumi-bintang-berkah-farmasi-sejahtera-sehat,394
Murni Nusantara Jaya Tenaga Sejahtera Apotek,Jl. Kucing Cermat Blok 46 Kota/Kabupaten GARUT Provinsi JAWA BARAT,POINT(107.91634138845454 -7.181645507569087),Emily Harris Thompson,318788/9104152/364136,106600162081,murni-nusantara-jaya-tenaga-sejahtera-apotek,219
Resep Toko Bumi Apotik Farma Medika,Jl. Kucing Pintar Daerah 19 Kota/Kabupaten PUNCAK Provinsi PAPUA,POINT(137.23106332783848 -3.305992111756553),Emily Parker Taylor,702135/1080624/381589,278143860194,resep-toko-bumi-apotik-farma-medika,793
Bumi Surya Tubuh Sentorsa Apotik Farma,Jl. Durian Indah Blok 71 Kota/Kabupaten MERAUKE Provinsi PAPUA,POINT(138.41102298556092 -8.2924077128987),David Adams Wilson,2122100/723180/3103714,8901915310796,bumi-surya-tubuh-sentorsa-apotik-farma,403
Tenaga Harmoni Bintang Surya Apotik Medik,Jl. Kebun Cerah Blok 89 Kota/Kabupaten HALMAHERA TIMUR Provinsi MALUKU UTARA,POINT(128.6879427966839 1.2579498258191697),Jason Jackson Harris,816260/861523/303365,871100010362,tenaga-harmoni-bintang-surya-apotik-medik,64
Obat Bumi Bahagia Bintang Apotik Sehat,Jl. Gedung Pendek Cluster 72 Kota/Kabupaten LANNY JAYA Provinsi PAPUA,POINT(138.5155500101824 -4.095309945191537),Megan Adams Miller,7143610/122726/230368,27110031016182,obat-bumi-bahagia-bintang-apotik-sehat,110
Tubuh Resep Makmur Harmoni Sejahtera Medik,Jl. Pisang Cermat Blok 94 Kota/Kabupaten SAMBAS Provinsi KALIMANTAN BARAT,POINT(109.38646091674512 1.8728657260849104),Matt Martinez Thomas,194455/8108632/108683,795840017071,tubuh-resep-makmur-harmoni-sejahtera-medik,967
Tubuh Farmasi Murni Kimia Medik Jaya,Jl. Kota Indah Komplek 1 Kota/Kabupaten SERAM BAGIAN BARAT Provinsi MALUKU,POINT(128.17923352786187 -3.0606563141841194),Matt Williams Brown,888192/727706/834595,844314407071,tubuh-farmasi-murni-kimia-medik-jaya,36
Sentorsa Bintang Indah Bakti Sehat Apotik,Jl. Kuda Cerdas Daerah 68 Kota/Kabupaten YAHUKIMO Provinsi PAPUA,POINT(140.06914284403825 -4.99194927115604),Michael Anderson Martinez,6351001/710200/835136,475870681172,sentorsa-bintang-indah-bakti-sehat-apotik,403
Bakti Tubuh Makmur Surya Sehat Pharm,Jl. Gedung Pendek Blok 6 Kota/Kabupaten SELUMA Provinsi BENGKULU,POINT(102.4496636179512 -3.9498976951321287),Alex Johnson Johnson,1071119/145255/340113,8870101012860,bakti-tubuh-makmur-surya-sehat-pharm,469
Tubuh Mutiara Nusantara Obat Farma Apotik,Jl. Kebun Cerdas Wilayah 73 Kota/Kabupaten DOMPU Provinsi NUSA TENGGARA BARAT,POINT(118.33755709149511 -8.551410220620344),David Hill Anderson,139635/1007322/30801010,215008423014,tubuh-mutiara-nusantara-obat-farma-apotik,180
Mawar Cemerlang Berkah Obat Jaya Sehat,Jl. Rambutan Cepat Cluster 41 Kota/Kabupaten KEPULAUAN MENTAWAI Provinsi SUMATERA BARAT,POINT(99.07994482094756 -1.7247100361409178),Ashley Thomas Thompson,468183/982153/396577,5498131009804,mawar-cemerlang-berkah-obat-jaya-sehat,497
Nusantara Resep Amanah Murni Sejahtera Pharma,Jl. Pisang Besar Cluster 32 Kota/Kabupaten BENGKULU UTARA Provinsi BENGKULU,POINT(102.370392939493 -3.5037112646744264),Matt Jones Wilson,845412/503127/390821,7706108947017,nusantara-resep-amanah-murni-sejahtera-pharma,552
Tenaga Murni Cemerlang Amanah Medika Apotek,Jl. Sawah Cerdas Cluster 61 Kota/Kabupaten KOLAKA TIMUR Provinsi SULAWESI TENGGARA,POINT(121.80929785243336 -3.858700324586119),Emily Carter Brown,371864/2010488/7210309,81041908110418,tenaga-murni-cemerlang-amanah-medika-apotek,614
Bahagia Sehat Mutiara Prima Medik Medika,Jl. Durian Sari Daerah 77 Kota/Kabupaten YAHUKIMO Provinsi PAPUA,POINT(139.78687035957483 -4.160860306762657),Brittany White Martinez,720135/111210/340137,81106921707106,bahagia-sehat-mutiara-prima-medik-medika,407
Amanah Nusantara Terang Sehat Apotek Pharma,Jl. Duku Kecil Blok 87 Kota/Kabupaten ENREKANG Provinsi SULAWESI SELATAN,POINT(119.86460881172178 -3.740762352022871),Matt Martinez Brown,11010721/3221091/473700,688921860121,amanah-nusantara-terang-sehat-apotek-pharma,535
Harmoni Makmur Nusantara Mawar Pharm Sejahtera,Jl. Ikan Sejahtera Wilayah 25 Kota/Kabupaten GARUT Provinsi JAWA BARAT,POINT(107.93120124409882 -7.133659701799964),Matt Clark Jackson,173042/622444/339153,702798070610,harmoni-makmur-nusantara-mawar-pharm-sejahtera,553
Lestari Nusantara Medic Kimia Medika Farma,Jl. Gunung Cepat Blok 62 Kota/Kabupaten PULAU TALIABU Provinsi MALUKU UTARA,POINT(124.39713998329545 -1.8646288525446464),Emily Adams White,562192/702675/638623,81010261903819,lestari-nusantara-medic-kimia-medika-farma,991
Indah Harmoni Jaya Prima Bersama Sehat,Jl. Gunung Kecil Blok 20 Kota/Kabupaten PAHUWATO Provinsi GORONTALO,POINT(121.46199599322182 0.6680099646462772),Allison Martinez Martin,3133100/222210/369175,2101685110401,indah-harmoni-jaya-prima-bersama-sehat,133
Bahagia Tenaga Badan Sehat Jaya Medika,Jl. Kota Cepat Daerah 92 Kota/Kabupaten PADANG PARIAMAN Provinsi SUMATERA BARAT,POINT(100.13449816446357 -0.5159733075020707),Megan Nelson Anderson,1148106/166272/351696,65604831061018,bahagia-tenaga-badan-sehat-jaya-medika,220
Murni Amanah Bahagia Mutiara Pharma Apotek,Jl. Jeruk Sejahtera Daerah 45 Kota/Kabupaten MUSI RAWAS Provinsi SUMATERA SELATAN,POINT(102.71679598636447 -3.3043600389707537),Rachel Adams Williams,426581/625606/763823,387157260616,murni-amanah-bahagia-mutiara-pharma-apotek,222
Cemerlang Surya Prima Bahagia Bersama Sejahtera,Jl. Rambutan Indah Cluster 61 Kota/Kabupaten TANJUNG JABUNG TIMUR Provinsi JAMBI,POINT(104.10124211926184 -1.054603899096671),Matt Roberts Johnson,1210818/884328/3341052,8218785067101,cemerlang-surya-prima-bahagia-bersama-sejahtera,309
Berkah Mutiara Medical Farmasi Apotek Medik,Jl. Pisang Pendek Blok 10 Kota/Kabupaten BANYUASIN Provinsi SUMATERA SELATAN,POINT(104.6246333385923 -2.703779380709374),Megan Roberts Martin,171408/2107852/839308,840629176113,berkah-mutiara-medical-farmasi-apotek-medik,541
Obat Kimia Sentorsa Lestari Sejahtera Medik,Jl. Tembok Kecil Komplek 25 Kota/Kabupaten KARO Provinsi SUMATERA UTARA,POINT(98.32149300827392 2.9895815657232845),Megan Taylor White,1100070/544892/398861,1031244385070,obat-kimia-sentorsa-lestari-sejahtera-medik,876
Kimia Sentorsa Mawar Sejahtera Apotik Pharma,Jl. Rambutan Tinggi Cluster 89 Kota/Kabupaten MAMBERAMO RAYA Provinsi PAPUA,POINT(138.75416231623169 -3.151100881472913),Tom Brown Williams,1271050/328148/930447,1201510142896,kimia-sentorsa-mawar-sejahtera-apotik-pharma,377
Nusantara Terang Amanah Obat Farma Sejahtera,Jl. Gajah Cermat Daerah 75 Kota/Kabupaten KEPULAUAN ARU Provinsi MALUKU,POINT(134.505204686951 -6.005243497151972),Katie Parker Brown,1227107/9724108/532936,457182201645,nusantara-terang-amanah-obat-farma-sejahtera,381
Jaya Amanah Bahagia Bintang Sejahtera Medik,Jl. Pisang Jenius Daerah 66 Kota/Kabupaten PASER Provinsi KALIMANTAN TIMUR,POINT(116.04981413612772 -1.3934984804324255),David Martinez Harris,10105118/3642102/812433,960047017058,jaya-amanah-bahagia-bintang-sejahtera-medik,775
Kimia Makmur Tenaga Harmoni Pharma Apotik,Jl. Apel Kecil Cluster 9 Kota/Kabupaten TEBO Provinsi JAMBI,POINT(102.37289479673012 -1.5089340412775076),John Smith Robinson,431731/2633101/3625110,6085016401011,kimia-makmur-tenaga-harmoni-pharma-apotik,964
Jaya Jaya Bintang Prima Jaya Pharma,Jl. Mangga Sari Daerah 78 Kota/Kabupaten ACEH TIMUR Provinsi ACEH,POINT(97.57618606382 4.982359350481261),Steve Harris Moore,9110895/102216/712773,4981001014780,jaya-jaya-bintang-prima-jaya-pharma,198
Jaya Apotik Surya Cemerlang Pharm Apotik,Jl. Apel Indah Komplek 66 Kota/Kabupaten PASER Provinsi KALIMANTAN TIMUR,POINT(116.13101144005442 -1.5004593415836922),Steve Lewis Harris,990918/323109/1003139,9610611687908,jaya-apotik-surya-cemerlang-pharm-apotik,88
Bintang Toko Medical Bumi Pharma Bersama,Jl. Gajah Cermat Daerah 83 Kota/Kabupaten TEBO Provinsi JAMBI,POINT(101.90997084557551 -1.078573722648386),Alex Clark Smith,163680/575210/383306,538810854698,bintang-toko-medical-bumi-pharma-bersama,835
Surya Jaya Mutiara Terang Medika Sejahtera,Jl. Sirih Cermat Cluster 53 Kota/Kabupaten BANGLI Provinsi BALI,POINT(115.33820814052808 -8.182566609391616),Sarah White Jackson,733101/9021058/339763,801481095913,surya-jaya-mutiara-terang-medika-sejahtera,109
Jaya Medic Cemerlang Mawar Bersama Sejahtera,Jl. Gajah Pendek Cluster 33 Kota/Kabupaten MURUNG RAYA Provinsi KALIMANTAN TENGAH,POINT(114.46539197604696 -0.1071814699335735),David Williams Martinez,101191/837722/253515,8997926107102,jaya-medic-cemerlang-mawar-bersama-sejahtera,35
Sentorsa Obat Bahagia Resep Sehat Medika,Jl. Jeruk Kecil Daerah 9 Kota/Kabupaten SUMEDANG Provinsi JAWA BARAT,POINT(107.89714717206547 -6.644283920272863),Brittany Brown Martin,377271/452590/2680310,81085194010589,sentorsa-obat-bahagia-resep-sehat-medika,325
Bintang Berkah Resep Lestari Apotik Sejahtera,Jl. Gunung Cermat Daerah 86 Kota/Kabupaten LANNY JAYA Provinsi PAPUA,POINT(138.4629764828023 -4.171731057861393),Emily Clark Smith,2910169/61051021/3210996,834866405138,bintang-berkah-resep-lestari-apotik-sejahtera,640
Kimia Bumi Jaya Terang Medik Pharm,Jl. Sawah Pendek Wilayah 61 Kota/Kabupaten BELITUNG Provinsi KEPULAUAN BANGKA BELITUNG,POINT(107.6782947292002 -3.1895503567187653),John Clark Anderson,321115/213269/117973,595011902082,kimia-bumi-jaya-terang-medik-pharm,361
Berkah Harmoni Medical Farmasi Pharma Sejahtera,Jl. Durian Pintar Blok 64 Kota/Kabupaten PULAU TALIABU Provinsi MALUKU UTARA,POINT(124.4929709155802 -1.981653026967372),Jessica Adams Davis,1084104/329720/685433,462800308146,berkah-harmoni-medical-farmasi-pharma-sejahtera,192
Berkah Farmasi Murni Lestari Farma Medik,Jl. Kuda Pintar Komplek 75 Kota/Kabupaten KEPULAUAN ARU Provinsi MALUKU,POINT(134.33990108175402 -6.621261544872282),Jason Adams Garcia,154861/829652/931647,61410350628410,berkah-farmasi-murni-lestari-farma-medik,396
Prima Toko Kimia Lestari Pharma Medika,Jl. Gunung Kecil Wilayah 84 Kota/Kabupaten SARMI Provinsi PAPUA,POINT(139.13537274196486 -2.540505095826573),Chris Brown Wilson,510415/526825/387238,8840215918101,prima-toko-kimia-lestari-pharma-medika,548
Harmoni Bakti Bahagia Sejahtera Medika Medik,Jl. Gedung Jenius Wilayah 45 Kota/Kabupaten TAMBRAUW Provinsi PAPUA BARAT,POINT(132.89457089934243 -0.9391160271091934),Jessica Johnson Jones,486711/949652/983939,8317010313715,harmoni-bakti-bahagia-sejahtera-medika-medik,235
Indah Makmur Cemerlang Prima Medika Pharm,Jl. Durian Pendek Cluster 17 Kota/Kabupaten LAHAT Provinsi SUMATERA SELATAN,POINT(103.01601457675427 -4.124166075079758),Brittany Nelson Thompson,2311041/124332/356606,10011000118668,indah-makmur-cemerlang-prima-medika-pharm,56
Mutiara Medical Sehat Makmur Medik Pharma,Jl. Jeruk Pintar Daerah 80 Kota/Kabupaten KUBU RAYA Provinsi KALIMANTAN BARAT,POINT(109.36201431160458 0.1890938710706642),Matt Adams Wilson,841589/2310375/311753,112808703398,mutiara-medical-sehat-makmur-medik-pharma,580
Bakti Indah Prima Medic Sejahtera Jaya,Jl. Kucing Indah Daerah 80 Kota/Kabupaten KOTABARU Provinsi KALIMANTAN SELATAN,POINT(115.64941833882844 -2.913302963917367),Michael White Taylor,441113/432062/4838910,312581873300,bakti-indah-prima-medic-sejahtera-jaya,430
Bakti Prima Indah Harmoni Sehat Bersama,Jl. Anjing Tinggi Blok 92 Kota/Kabupaten SORONG Provinsi PAPUA BARAT,POINT(131.64082626910852 -1.2258574261953168),Ashley Carter Martinez,1930010/579262/10833410,8013610372890,bakti-prima-indah-harmoni-sehat-bersama,157
Prima Farmasi Mutiara Sehat Sehat Sejahtera,Jl. Kebun Cerah Daerah 59 Kota/Kabupaten CIANJUR Provinsi JAWA BARAT,POINT(107.26636342804018 -7.396690164885945),Chris Jackson Moore,8161041/320245/539797,559805186506,prima-farmasi-mutiara-sehat-sehat-sejahtera,535
Amanah Resep Terang Sehat Bersama Sejahtera,Jl. Durian Pendek Wilayah 91 Kota/Kabupaten KUTAI TIMUR Provinsi KALIMANTAN TIMUR,POINT(116.4984439062395 0.8441641670684081),John Jones Anderson,272321/425382/906369,782783106184,amanah-resep-terang-sehat-bersama-sejahtera,228
Mutiara Tubuh Medical Jaya Jaya Sehat,Jl. Kota Cerah Wilayah 17 Kota/Kabupaten BUTON Provinsi SULAWESI TENGGARA,POINT(122.96734178837016 -5.369718074326836),Brittany White Wilson,681155/1021033/139303,101066849181030,mutiara-tubuh-medical-jaya-jaya-sehat,684
Murni Tenaga Indah Tubuh Pharm Apotik,Jl. Ikan Kecil Daerah 41 Kota/Kabupaten MADIUN Provinsi JAWA TIMUR,POINT(111.60533575108994 -7.742076734388648),Lauren Martinez Johnson,1071027/641225/623077,789913435680,murni-tenaga-indah-tubuh-pharm-apotik,603
Jaya Lestari Jaya Berkah Apotik Apotek,Jl. Pisang Kecil Cluster 66 Kota/Kabupaten KETAPANG Provinsi KALIMANTAN BARAT,POINT(110.7871733626346 -1.8705496451031909),Steve Nelson Garcia,108430/267762/920503,110038101091363,jaya-lestari-jaya-berkah-apotik-apotek,385
Bintang Resep Prima Indah Farma Jaya,Jl. Kucing Sari Cluster 87 Kota/Kabupaten ASMAT Provinsi PAPUA,POINT(139.05959687693257 -5.313645833088726),Ashley Smith Thomas,111086/999258/203493,4801050036133,bintang-resep-prima-indah-farma-jaya,133
Bahagia Bintang Medical Makmur Pharm Bersama,Jl. Sirih Pendek Komplek 99 Kota/Kabupaten WAROPEN Provinsi PAPUA,POINT(136.95730961811282 -2.492383957148116),Chris Lewis Taylor,660321/684972/4053109,416723470890,bahagia-bintang-medical-makmur-pharm-bersama,583
Surya Resep Bintang Terang Pharm Jaya,Jl. Rambutan Cermat Cluster 85 Kota/Kabupaten MOROWALI Provinsi SULAWESI TENGAH,POINT(122.42672477106248 -3.159385877759552),Ashley Jackson Martin,795951/929282/381504,655986687018,surya-resep-bintang-terang-pharm-jaya,101
Jaya Jaya Tenaga Bahagia Jaya Apotik,Jl. Kuda Cermat Blok 8 Kota/Kabupaten NGADA Provinsi NUSA TENGGARA TIMUR,POINT(120.87851017231796 -8.745435553038678),Katie Adams Garcia,8086101/2081510/543474,538061690831,jaya-jaya-tenaga-bahagia-jaya-apotik,179
Cemerlang Mawar Mutiara Resep Medik Jaya,Jl. Sawah Besar Blok 100 Kota/Kabupaten SERUYAN Provinsi KALIMANTAN TENGAH,POINT(111.471616885375 -1.3532048545283075),Rachel Adams Thomas,1107457/241302/3381030,4001003198803,cemerlang-mawar-mutiara-resep-medik-jaya,107
Farmasi Sejahtera Sentorsa Makmur Apotik Medik,Jl. Anjing Kecil Komplek 40 Kota/Kabupaten LAMPUNG TENGAH Provinsi LAMPUNG,POINT(105.22017738685264 -5.105189939370816),David Taylor Jones,813454/912784/1106273,1379937781090,farmasi-sejahtera-sentorsa-makmur-apotik-medik,556
Prima Toko Jaya Badan Sejahtera Pharma,Jl. Pisang Cerah Komplek 41 Kota/Kabupaten DONGGALA Provinsi SULAWESI TENGAH,POINT(119.54728979271036 -1.384470206673834),Matt Thomas Robinson,7119100/883302/9360610,288102142840,prima-toko-jaya-badan-sejahtera-pharma,417
Surya Bakti Sejahtera Sehat Medik Sehat,Jl. Sawah Jenius Wilayah 53 Kota/Kabupaten JEMBER Provinsi JAWA TIMUR,POINT(113.6829764935847 -8.321893243919995),Steve Johnson Taylor,1706100/565521/930351,4110233802872,surya-bakti-sejahtera-sehat-medik-sehat,561
Sentorsa Medic Sejahtera Surya Medik Apotik,Jl. Kota Pendek Blok 48 Kota/Kabupaten KONAWE Provinsi SULAWESI TENGGARA,POINT(121.81619796104545 -3.186428023751297),John Roberts Thomas,7514610/81042610/2310313,7105921028061,sentorsa-medic-sejahtera-surya-medik-apotik,576
Mawar Mutiara Farmasi Prima Farma Sejahtera,Jl. Durian Cerdas Wilayah 2 Kota/Kabupaten SANGGAU Provinsi KALIMANTAN BARAT,POINT(110.53913059282074 -0.0529702518742656),Ashley Johnson Williams,713280/1022097/926935,351260380046,mawar-mutiara-farmasi-prima-farma-sejahtera,612
Indah Badan Resep Toko Pharma Medik,Jl. Balai Besar Daerah 74 Kota/Kabupaten KONAWE SELATAN Provinsi SULAWESI TENGGARA,POINT(122.33458244749994 -4.273715218485946),Ashley Smith White,149157/1020585/827403,700851934954,indah-badan-resep-toko-pharma-medik,604
Prima Farmasi Makmur Nusantara Pharma Bersama,Jl. Duku Sejahtera Komplek 19 Kota/Kabupaten BARITO TIMUR Provinsi KALIMANTAN TENGAH,POINT(115.39101322196976 -1.920568049071047),Allison Harris Harris,235701/120424/903650,1081551593050,prima-farmasi-makmur-nusantara-pharma-bersama,143
Nusantara Mutiara Medic Amanah Apotek Jaya,Jl. Kucing Sejahtera Cluster 97 Kota/Kabupaten KOTAWARINGIN TIMUR Provinsi KALIMANTAN TENGAH,POINT(112.46273491066168 -2.018184511620518),Lauren Carter Harris,183081/4710202/5100351,1003841085433,nusantara-mutiara-medic-amanah-apotek-jaya,763
Indah Bakti Resep Mutiara Pharm Jaya,Jl. Tembok Cerdas Wilayah 64 Kota/Kabupaten KUBU RAYA Provinsi KALIMANTAN BARAT,POINT(109.27463859313836 -0.0161984416513369),Matt Anderson Harris,400159/802597/437341,987173521700,indah-bakti-resep-mutiara-pharm-jaya,663
Amanah Farmasi Terang Nusantara Farma Jaya,Jl. Apel Cerdas Cluster 78 Kota/Kabupaten BALANGAN Provinsi KALIMANTAN SELATAN,POINT(115.78904361189934 -2.2350586658463723),Emily Jackson Davis,2471710/92103108/570313,1928141014540,amanah-farmasi-terang-nusantara-farma-jaya,118
Surya Sehat Bahagia Medic Medika Apotek,Jl. Gajah Jenius Daerah 50 Kota/Kabupaten RAJA AMPAT Provinsi PAPUA BARAT,POINT(129.8740693684248 -1.8599886954318272),John Clark Robinson,711878/335727/620384,10025301013888,surya-sehat-bahagia-medic-medika-apotek,508
Makmur Tubuh Prima Mawar Sehat Apotik,Jl. Sirih Jenius Wilayah 35 Kota/Kabupaten KETAPANG Provinsi KALIMANTAN BARAT,POINT(110.84398054594904 -2.0820691451649704),Steve Clark Davis,357119/526782/614539,893151751056,makmur-tubuh-prima-mawar-sehat-apotik,341
Badan Nusantara Kimia Medical Medik Apotik,Jl. Sirih Cerah Cluster 1 Kota/Kabupaten ENREKANG Provinsi SULAWESI SELATAN,POINT(119.965815066735 -3.793630218385049),David Johnson Johnson,71101006/420436/1481030,409105009998,badan-nusantara-kimia-medical-medik-apotik,744
Mutiara Bahagia Jaya Lestari Sejahtera Medik,Jl. Rambutan Pintar Wilayah 7 Kota/Kabupaten LAMPUNG TIMUR Provinsi LAMPUNG,POINT(105.5547516708775 -5.2854892168628),Matt White Wilson,141895/925587/3460101,106595554852,mutiara-bahagia-jaya-lestari-sejahtera-medik,262
Resep Harmoni Farmasi Badan Apotek Medik,Jl. Gedung Kecil Daerah 11 Kota/Kabupaten TEBO Provinsi JAMBI,POINT(102.4525898865445 -1.442366653909355),Allison Hill Johnson,499213/88102103/737956,2162101038980,resep-harmoni-farmasi-badan-apotek-medik,99
Harmoni Terang Resep Medic Farma Jaya,Jl. Kota Cermat Cluster 37 Kota/Kabupaten WAROPEN Provinsi PAPUA,POINT(136.40916774792518 -2.6630672723799407),Ashley Martinez Johnson,5413101/1050582/316648,905208517823,harmoni-terang-resep-medic-farma-jaya,691
Sentorsa Bakti Jaya Bahagia Sehat Apotik,Jl. Apel Sari Daerah 44 Kota/Kabupaten CIAMIS Provinsi JAWA BARAT,POINT(108.41978076674528 -7.378207274670215),Megan Nelson Harris,910468/899210/720231,932016038865,sentorsa-bakti-jaya-bahagia-sehat-apotik,266
Obat Badan Bintang Tubuh Sehat Medika,Jl. Pisang Cermat Cluster 76 Kota/Kabupaten KOTA SURABAYA Provinsi JAWA TIMUR,POINT(114.36596933868027 -7.116494763214716),Allison Harris Thompson,443116/421655/1038122,1967383015109,obat-badan-bintang-tubuh-sehat-medika,303
Tenaga Cemerlang Bumi Berkah Sejahtera Pharma,Jl. Sawah Pintar Wilayah 30 Kota/Kabupaten NIAS SELATAN Provinsi SUMATERA UTARA,POINT(98.54032688640014 -0.2933663173679424),Megan Clark Williams,6401109/457052/342338,805015010022,tenaga-cemerlang-bumi-berkah-sejahtera-pharma,215
Sejahtera Terang Resep Surya Sejahtera Medik,Jl. Gajah Pintar Daerah 13 Kota/Kabupaten GUNUNG MAS Provinsi KALIMANTAN TENGAH,POINT(113.57561390822046 -1.04924337226754),Alex Martinez Taylor,271657/6100520/731040,88421085106108,sejahtera-terang-resep-surya-sejahtera-medik,343
Surya Badan Mawar Sehat Apotek Sejahtera,Jl. Apel Indah Daerah 15 Kota/Kabupaten NUNUKAN Provinsi KALIMANTAN UTARA,POINT(117.23424172165736 4.275952279790776),David White Garcia,611533/268860/730232,835336021373,surya-badan-mawar-sehat-apotek-sejahtera,588
Mutiara Kimia Murni Harmoni Pharm Sehat,Jl. Sawah Cepat Daerah 78 Kota/Kabupaten YAHUKIMO Provinsi PAPUA,POINT(139.43744644571075 -4.805217385974033),Jessica Adams Taylor,3310811/2810265/381878,91110807118105,mutiara-kimia-murni-harmoni-pharm-sehat,792
Resep Prima Indah Medic Apotek Apotik,Jl. Kuda Kecil Blok 7 Kota/Kabupaten YAHUKIMO Provinsi PAPUA,POINT(140.1119889666035 -3.8453401430897696),Chris Roberts Thompson,171595/537213/392617,3811010810050,resep-prima-indah-medic-apotek-apotik,935
Bintang Medic Indah Amanah Sejahtera Pharm,Jl. Tembok Besar Blok 61 Kota/Kabupaten MALANG Provinsi JAWA TIMUR,POINT(112.670953019931 -8.133496125678004),Steve Hill Harris,1060811/562221/5971003,110101080240874,bintang-medic-indah-amanah-sejahtera-pharm,642
Berkah Lestari Surya Badan Apotek Farma,Jl. Kota Cerdas Cluster 75 Kota/Kabupaten PIDIE Provinsi ACEH,POINT(95.9030174780787 5.081655328449431),David Jones Robinson,138491/882956/314700,1062321308921,berkah-lestari-surya-badan-apotek-farma,31
Berkah Amanah Tubuh Nusantara Bersama Sejahtera,Jl. Sawah Jenius Cluster 45 Kota/Kabupaten BERAU Provinsi KALIMANTAN TIMUR,POINT(116.96773166296416 2.260766786923817),Matt Lewis Williams,513565/120609/349416,518290067103,berkah-amanah-tubuh-nusantara-bersama-sejahtera,424
Mutiara Indah Medic Sehat Jaya Farma,Jl. Durian Kecil Wilayah 31 Kota/Kabupaten KATINGAN Provinsi KALIMANTAN TENGAH,POINT(113.01798337289118 -0.6744790244362733),Lauren Clark Anderson,101410105/252113/771321,10106070891289,mutiara-indah-medic-sehat-jaya-farma,250
Surya Mutiara Farmasi Resep Medika Sehat,Jl. Duku Kecil Cluster 1 Kota/Kabupaten SINTANG Provinsi KALIMANTAN BARAT,POINT(111.17799962973012 0.0470501262804035),Emily Taylor Martinez,21101013/1062242/693045,184904883350,surya-mutiara-farmasi-resep-medika-sehat,635
Murni Terang Surya Jaya Bersama Apotik,Jl. Rambutan Cerdas Blok 66 Kota/Kabupaten MUSI BANYUASIN Provinsi SUMATERA SELATAN,POINT(103.9650861674046 -2.911081524149566),Michael Brown Moore,922170/268479/283293,8103610100380,murni-terang-surya-jaya-bersama-apotik,233
Mawar Surya Sejahtera Lestari Farma Medika,Jl. Kebun Sari Wilayah 91 Kota/Kabupaten PAMEKASAN Provinsi JAWA TIMUR,POINT(113.75660608943883 -6.945661790444455),Tom Adams Thompson,1019690/4925010/3520810,7041051227289,mawar-surya-sejahtera-lestari-farma-medika,614
Indah Toko Kimia Amanah Farma Sehat,Jl. Rambutan Indah Cluster 5 Kota/Kabupaten TAPANULI SELATAN Provinsi SUMATERA UTARA,POINT(99.24919920992552 1.1430978495508377),Steve White Miller,711461/21006100/938530,8362810880271,indah-toko-kimia-amanah-farma-sehat,887
Resep Sentorsa Obat Toko Medik Sehat,Jl. Duku Tinggi Daerah 83 Kota/Kabupaten SIDOARJO Provinsi JAWA TIMUR,POINT(112.65033038951334 -7.38238971739813),Mark Taylor Johnson,91105101/992884/671010103,811104911727,resep-sentorsa-obat-toko-medik-sehat,213
Lestari Obat Harmoni Cemerlang Medika Medik,Jl. Sirih Tinggi Blok 13 Kota/Kabupaten BURU Provinsi MALUKU,POINT(126.53157252144284 -3.416142313043947),Rachel Williams Johnson,743191/6103129/1073077,8491804101751,lestari-obat-harmoni-cemerlang-medika-medik,290
Terang Amanah Sejahtera Prima Medik Sejahtera,Jl. Gunung Cerah Wilayah 1 Kota/Kabupaten ASAHAN Provinsi SUMATERA UTARA,POINT(99.4988798991781 2.9050782011181315),Brittany Parker Jones,412781/2102424/5103444,1763510481280,terang-amanah-sejahtera-prima-medik-sejahtera,755
Sehat Tubuh Prima Toko Farma Sejahtera,Jl. Sawah Tinggi Daerah 74 Kota/Kabupaten KOTA SUNGAI PENUH Provinsi JAMBI,POINT(101.405198356305 -2.1032631643979034),Michael Williams Davis,934971/859962/4100713,403112851301,sehat-tubuh-prima-toko-farma-sejahtera,11
Bintang Cemerlang Terang Mutiara Bersama Apotik,Jl. Tembok Sejahtera Wilayah 14 Kota/Kabupaten KETAPANG Provinsi KALIMANTAN BARAT,POINT(110.31093436331813 -1.530810409377505),Sarah Martinez White,1061488/203949/332996,885417003581,bintang-cemerlang-terang-mutiara-bersama-apotik,344
Cemerlang Bintang Nusantara Sejahtera Sehat Apotik,Jl. Gedung Kecil Wilayah 98 Kota/Kabupaten LANDAK Provinsi KALIMANTAN BARAT,POINT(110.07190543107528 0.8219819230459695),Matt White Robinson,101010151/338052/8100237,305980269761,cemerlang-bintang-nusantara-sejahtera-sehat-apotik,113
Sentorsa Mutiara Makmur Sehat Sehat Apotek,Jl. Mangga Kecil Wilayah 43 Kota/Kabupaten PUNCAK Provinsi PAPUA,POINT(137.41986657969363 -3.1466771485241205),Ashley Thomas Robinson,108012/5110213/534116,897701011436,sentorsa-mutiara-makmur-sehat-sehat-apotek,113
Bintang Murni Sejahtera Bumi Sejahtera Apotik,Jl. Sirih Indah Blok 48 Kota/Kabupaten ACEH BARAT Provinsi ACEH,POINT(96.01925522934148 4.421902481501888),Ashley Lewis White,169126/2781059/630315,141204480086,bintang-murni-sejahtera-bumi-sejahtera-apotik,610
Nusantara Jaya Amanah Bahagia Apotik Farma,Jl. Kucing Kecil Komplek 75 Kota/Kabupaten MAMBERAMO RAYA Provinsi PAPUA,POINT(137.93868839945114 -1.5302221786110817),Chris Hill Thomas,116345/425251/904369,896439417303,nusantara-jaya-amanah-bahagia-apotik-farma,3
Toko Prima Murni Indah Sehat Pharm,Jl. Mangga Tinggi Blok 6 Kota/Kabupaten PADANG LAWAS Provinsi SUMATERA UTARA,POINT(100.0195814652764 1.060386886060149),Rachel Brown Robinson,1066110/496295/7933104,81091053027106,toko-prima-murni-indah-sehat-pharm,308
Tubuh Prima Toko Murni Farma Sejahtera,Jl. Apel Indah Cluster 89 Kota/Kabupaten MIMIKA Provinsi PAPUA,POINT(136.57920070044173 -4.755949027351396),Lauren Williams Taylor,195610/112889/318940,713207061384,tubuh-prima-toko-murni-farma-sejahtera,611
Indah Surya Amanah Farmasi Pharm Medika,Jl. Kuda Pendek Cluster 3 Kota/Kabupaten SIJUNJUNG Provinsi SUMATERA BARAT,POINT(100.8878585405138 -0.6901349369339176),Brittany Anderson Williams,408921/502731/151143,100011910107839,indah-surya-amanah-farmasi-pharm-medika,107
Mutiara Jaya Toko Obat Sejahtera Pharma,Jl. Tembok Jenius Cluster 38 Kota/Kabupaten MIMIKA Provinsi PAPUA,POINT(137.45215882966426 -4.421420114617644),Ashley Clark Jones,10211092/817726/63101015,1741015001989,mutiara-jaya-toko-obat-sejahtera-pharma,566
Surya Apotik Tenaga Mutiara Jaya Farma,Jl. Kota Cepat Komplek 93 Kota/Kabupaten KETAPANG Provinsi KALIMANTAN BARAT,POINT(110.50308805278118 -1.8944128226255224),Chris Williams Jackson,919316/363206/134640,875416049439,surya-apotik-tenaga-mutiara-jaya-farma,81
Bakti Berkah Tenaga Kimia Sehat Sejahtera,Jl. Durian Pendek Daerah 41 Kota/Kabupaten LUWU Provinsi SULAWESI SELATAN,POINT(120.21981679869904 -3.5711499129315483),Lauren Carter Wilson,876331/840123/937361,141882250606,bakti-berkah-tenaga-kimia-sehat-sejahtera,881
Bakti Tubuh Resep Prima Jaya Medika,Jl. Gajah Cepat Blok 94 Kota/Kabupaten SEKADAU Provinsi KALIMANTAN BARAT,POINT(110.75837851570311 -0.066944024971649),Lauren Nelson Brown,132185/592324/882723,43105810518610,bakti-tubuh-resep-prima-jaya-medika,419
Apotik Mutiara Medic Cemerlang Sejahtera Jaya,Jl. Sirih Besar Blok 70 Kota/Kabupaten GUNUNGKIDUL Provinsi DAERAH ISTIMEWA YOGYAKARTA,POINT(110.658767527544 -7.879308879857886),Tom Clark Martin,914188/247651/2109346,4493210988108,apotik-mutiara-medic-cemerlang-sejahtera-jaya,746
Tenaga Tubuh Kimia Surya Apotik Bersama,Jl. Pisang Kecil Cluster 99 Kota/Kabupaten JAYAPURA Provinsi PAPUA,POINT(139.85976441501288 -2.7819493979774848),Lauren Harris Thomas,682199/982100/11010043,188180516069,tenaga-tubuh-kimia-surya-apotik-bersama,149
Kimia Bahagia Mutiara Farmasi Pharm Medika,Jl. Sirih Tinggi Cluster 72 Kota/Kabupaten MALINAU Provinsi KALIMANTAN UTARA,POINT(116.53733513675024 3.485335302285181),Jessica Thomas Harris,7106121/222164/837466,82410188041066,kimia-bahagia-mutiara-farmasi-pharm-medika,743
Cemerlang Badan Prima Surya Medika Pharma,Jl. Mangga Kecil Wilayah 7 Kota/Kabupaten LIMA PULUH KOTA Provinsi SUMATERA BARAT,POINT(100.665419648894 0.1699540696722223),Megan Adams Anderson,41041108/230584/209230,1098710428321,cemerlang-badan-prima-surya-medika-pharma,114
Kimia Sentorsa Bintang Terang Jaya Apotik,Jl. Rambutan Kecil Daerah 98 Kota/Kabupaten LUWU TIMUR Provinsi SULAWESI SELATAN,POINT(121.35811250558967 -2.450754974531544),David Jones Moore,659461/512692/626473,1066391678072,kimia-sentorsa-bintang-terang-jaya-apotik,107
Prima Tenaga Bintang Amanah Medik Apotek,Jl. Gedung Indah Daerah 14 Kota/Kabupaten KOTA BITUNG Provinsi SULAWESI UTARA,POINT(125.15932726979422 1.562026642208341),Jason Lewis Thompson,3118310/2468100/4810351,1091885730249,prima-tenaga-bintang-amanah-medik-apotek,157
Jaya Surya Sehat Tubuh Medik Sejahtera,Jl. Jeruk Indah Komplek 34 Kota/Kabupaten SAROLANGUN Provinsi JAMBI,POINT(102.4096538109926 -2.426705021877888),Sarah Roberts Johnson,10491010/7103812/213176,4698613086107,jaya-surya-sehat-tubuh-medik-sejahtera,76
Harmoni Sejahtera Farmasi Tenaga Pharm Farma,Jl. Sirih Cepat Blok 3 Kota/Kabupaten TIMOR TENGAH SELATAN Provinsi NUSA TENGGARA TIMUR,POINT(124.77359535927768 -9.80430686385543),Mark Harris Thomas,360351/2103642/101030,9085783901001,harmoni-sejahtera-farmasi-tenaga-pharm-farma,342
Bumi Prima Indah Cemerlang Bersama Sejahtera,Jl. Mangga Cerah Komplek 88 Kota/Kabupaten TAPANULI TENGAH Provinsi SUMATERA UTARA,POINT(98.88452348161312 1.6480807808069358),Lauren Carter Taylor,6101636/474826/438276,341607187995,bumi-prima-indah-cemerlang-bersama-sejahtera,235
Farmasi Medic Harmoni Makmur Jaya Sehat,Jl. Ikan Cermat Komplek 6 Kota/Kabupaten KAPUAS HULU Provinsi KALIMANTAN BARAT,POINT(112.31019060166956 1.4173575156175833),Michael Williams Robinson,2104162/8510123/255302,7123106088179,farmasi-medic-harmoni-makmur-jaya-sehat,458
Mutiara Bahagia Jaya Makmur Medika Pharm,Jl. Rambutan Cepat Cluster 15 Kota/Kabupaten BONDOWOSO Provinsi JAWA TIMUR,POINT(113.93530459714952 -7.924307574924055),John Jackson Martin,71010106/33101082/433173,2108019439990,mutiara-bahagia-jaya-makmur-medika-pharm,492
Sejahtera Mawar Sentorsa Prima Bersama Pharma,Jl. Sirih Indah Komplek 47 Kota/Kabupaten KAPUAS HULU Provinsi KALIMANTAN BARAT,POINT(112.92239236005676 0.5451450439186303),Emily Williams Johnson,931055/7233210/8210377,4551102908060,sejahtera-mawar-sentorsa-prima-bersama-pharma,259
Mawar Badan Makmur Terang Jaya Sejahtera,Jl. Gedung Sari Cluster 44 Kota/Kabupaten TIMOR TENGAH SELATAN Provinsi NUSA TENGGARA TIMUR,POINT(124.3075561784128 -9.986704775824986),Ashley Roberts Brown,721316/217107/385407,748067912017,mawar-badan-makmur-terang-jaya-sejahtera,559
Berkah Obat Badan Bintang Pharma Jaya,Jl. Sirih Kecil Wilayah 97 Kota/Kabupaten BOLAANG MONGONDOW UTARA Provinsi SULAWESI UTARA,POINT(123.64068212526054 0.685147978763057),Mark Nelson Taylor,1108073/509912/265343,2106320351180,berkah-obat-badan-bintang-pharma-jaya,649
Sentorsa Toko Indah Berkah Sejahtera Jaya,Jl. Kucing Tinggi Blok 55 Kota/Kabupaten TABALONG Provinsi KALIMANTAN SELATAN,POINT(115.38432026601625 -1.7991502619178004),Steve Martinez Smith,741181/843278/1092753,6031210833878,sentorsa-toko-indah-berkah-sejahtera-jaya,649
Lestari Terang Resep Nusantara Pharma Bersama,Jl. Sirih Cermat Komplek 62 Kota/Kabupaten BOVEN DIGOEL Provinsi PAPUA,POINT(140.9542791306468 -6.329950433461721),Tom Clark Harris,158435/772969/680313,183651082933,lestari-terang-resep-nusantara-pharma-bersama,362
Lestari Surya Apotik Jaya Farma Pharm,Jl. Durian Pendek Blok 63 Kota/Kabupaten MUSI BANYUASIN Provinsi SUMATERA SELATAN,POINT(103.34768868120548 -2.461185485627104),Jason Johnson Thompson,218715/912627/180634,1101701869210,lestari-surya-apotik-jaya-farma-pharm,95
Murni Terang Badan Jaya Farma Jaya,Jl. Mangga Cerah Daerah 79 Kota/Kabupaten BOVEN DIGOEL Provinsi PAPUA,POINT(140.68172697881 -6.541446464081742),Matt Nelson Brown,891955/1022347/930244,101740116871010,murni-terang-badan-jaya-farma-jaya,99
Harmoni Medical Toko Farmasi Apotek Sejahtera,Jl. Anjing Indah Blok 71 Kota/Kabupaten SIMALUNGUN Provinsi SUMATERA UTARA,POINT(98.98685550925632 2.9963835293126597),Matt Lewis Anderson,1310357/100200/1090535,8284101109411,harmoni-medical-toko-farmasi-apotek-sejahtera,444
Mawar Badan Prima Bintang Jaya Apotik,Jl. Rambutan Sari Cluster 61 Kota/Kabupaten BELITUNG TIMUR Provinsi KEPULAUAN BANGKA BELITUNG,POINT(108.01998320868856 -3.2172929898757374),Sarah Williams Martin,914326/252783/1097930,879012536009,mawar-badan-prima-bintang-jaya-apotik,407
Bahagia Apotik Obat Medic Pharm Medika,Jl. Kota Kecil Wilayah 91 Kota/Kabupaten BANGKA BARAT Provinsi KEPULAUAN BANGKA BELITUNG,POINT(105.58096099691409 -1.805020130078427),Lauren Williams Moore,9942101/6102058/285355,560781082916,bahagia-apotik-obat-medic-pharm-medika,66
Harmoni Indah Tenaga Jaya Sehat Pharm,Jl. Kuda Sari Wilayah 51 Kota/Kabupaten ACEH BARAT Provinsi ACEH,POINT(96.14053057304346 4.708696019943503),Sarah Smith White,10104181/291663/519358,62175481061090,harmoni-indah-tenaga-jaya-sehat-pharm,617
Amanah Berkah Nusantara Jaya Sejahtera Medik,Jl. Sawah Tinggi Daerah 51 Kota/Kabupaten SORONG Provinsi PAPUA BARAT,POINT(131.54733969428787 -0.9421914186245708),Chris Harris Williams,706561/262214/354553,428088162229,amanah-berkah-nusantara-jaya-sejahtera-medik,70
Badan Bakti Bumi Obat Pharm Apotik,Jl. Durian Sari Cluster 25 Kota/Kabupaten MERAUKE Provinsi PAPUA,POINT(140.80175374894523 -7.098487133893453),Rachel Parker Garcia,819874/728310/567434,882409201847,badan-bakti-bumi-obat-pharm-apotik,192
Jaya Jaya Prima Berkah Farma Sejahtera,Jl. Kebun Tinggi Komplek 43 Kota/Kabupaten JOMBANG Provinsi JAWA TIMUR,POINT(112.21274933802746 -7.398154336541397),Allison White Jones,160336/8910216/986993,486801150278,jaya-jaya-prima-berkah-farma-sejahtera,378
Medic Mutiara Sentorsa Medical Medika Medik,Jl. Kota Cerah Wilayah 73 Kota/Kabupaten ENREKANG Provinsi SULAWESI SELATAN,POINT(119.91415217876067 -3.6362841108091297),Matt Brown Wilson,6410102/312917/1006039,5101184000418,medic-mutiara-sentorsa-medical-medika-medik,934
Resep Prima Bintang Jaya Pharm Apotik,Jl. Gajah Indah Wilayah 63 Kota/Kabupaten LABUHANBATU UTARA Provinsi SUMATERA UTARA,POINT(99.57971492207967 2.122797247910801),Matt Clark Anderson,291351/258676/2410339,9588031020813,resep-prima-bintang-jaya-pharm-apotik,192
Sejahtera Sentorsa Prima Badan Apotik Medika,Jl. Kota Sejahtera Daerah 46 Kota/Kabupaten ENREKANG Provinsi SULAWESI SELATAN,POINT(119.88706892077498 -3.670465496487151),David Hill White,52101021/237813/736383,857950051374,sejahtera-sentorsa-prima-badan-apotik-medika,259
Tenaga Prima Apotik Bakti Farma Sehat,Jl. Kebun Cepat Blok 70 Kota/Kabupaten LAMPUNG UTARA Provinsi LAMPUNG,POINT(104.5319676511588 -4.845984066698015),Allison Anderson Jones,175504/895205/3799107,765282470120,tenaga-prima-apotik-bakti-farma-sehat,176
Surya Resep Tubuh Bakti Pharm Medika,Jl. Balai Cerah Cluster 31 Kota/Kabupaten ACEH TIMUR Provinsi ACEH,POINT(97.39414522543764 4.424359528558972),Jessica Roberts Thompson,5102174/766672/594423,5235031886810,surya-resep-tubuh-bakti-pharm-medika,696
Jaya Bahagia Bakti Kimia Pharm Apotik,Jl. Balai Tinggi Blok 89 Kota/Kabupaten KUTAI KARTANEGARA Provinsi KALIMANTAN TIMUR,POINT(116.11867336812328 0.3065147299663859),Chris Hill Thomas,360711/130286/3109967,150942888345,jaya-bahagia-bakti-kimia-pharm-apotik,98
Bahagia Farmasi Toko Bintang Jaya Pharm,Jl. Durian Pintar Daerah 50 Kota/Kabupaten KONAWE Provinsi SULAWESI TENGGARA,POINT(121.57234357230978 -3.4090153176990565),Rachel White Williams,1410892/213739/159323,41084105104716,bahagia-farmasi-toko-bintang-jaya-pharm,274
Tubuh Surya Sentorsa Harmoni Bersama Medik,Jl. Kuda Cerdas Daerah 76 Kota/Kabupaten INDRAGIRI HULU Provinsi RIAU,POINT(102.33348349598442 -0.3674993410670168),Lauren Adams Jackson,131585/1831002/414113,610318706522,tubuh-surya-sentorsa-harmoni-bersama-medik,312
Lestari Harmoni Tenaga Bintang Apotik Sejahtera,Jl. Kuda Cerah Wilayah 21 Kota/Kabupaten SOLOK SELATAN Provinsi SUMATERA BARAT,POINT(101.0650978795862 -1.529083300144567),Emily Clark Davis,1391012/223163/2108831,207761096820,lestari-harmoni-tenaga-bintang-apotik-sejahtera,578
Amanah Lestari Surya Toko Apotik Pharm,Jl. Durian Kecil Daerah 44 Kota/Kabupaten MALINAU Provinsi KALIMANTAN UTARA,POINT(115.1491511044748 1.790031792005884),Brittany Lewis Robinson,5741910/10827710/5969103,811000889687,amanah-lestari-surya-toko-apotik-pharm,261
Makmur Badan Terang Harmoni Sejahtera Apotek,Jl. Balai Cerah Cluster 22 Kota/Kabupaten BULUKUMBA Provinsi SULAWESI SELATAN,POINT(120.4227219367708 -5.479404901350793),Mark Brown Anderson,617111/628809/883023,2859620758110,makmur-badan-terang-harmoni-sejahtera-apotek,963
Harmoni Sentorsa Bumi Murni Sejahtera Jaya,Jl. Sawah Cepat Daerah 35 Kota/Kabupaten BURU SELATAN Provinsi MALUKU,POINT(126.908669518313 -3.623384288118082),Sarah Roberts White,189473/215700/725823,10407098511028,harmoni-sentorsa-bumi-murni-sejahtera-jaya,334
Medical Bintang Makmur Surya Farma Pharm,Jl. Gedung Cermat Komplek 83 Kota/Kabupaten GARUT Provinsi JAWA BARAT,POINT(107.9130697563221 -7.560007199557262),Steve Smith Martinez,260111/10100929/449133,1010891050764,medical-bintang-makmur-surya-farma-pharm,236
Tubuh Jaya Sejahtera Harmoni Apotek Sejahtera,Jl. Mangga Kecil Cluster 54 Kota/Kabupaten KOLAKA UTARA Provinsi SULAWESI TENGGARA,POINT(121.08049292244624 -3.0339841290797667),Rachel Johnson Miller,7811024/864322/1237104,910380760186,tubuh-jaya-sejahtera-harmoni-apotek-sejahtera,395
Apotik Sejahtera Obat Medical Pharm Sejahtera,Jl. Gajah Kecil Wilayah 16 Kota/Kabupaten SOLOK Provinsi SUMATERA BARAT,POINT(101.0229029450849 -1.0436393312075367),Jessica Taylor Jones,213089/10087210/222432,285091285381,apotik-sejahtera-obat-medical-pharm-sejahtera,163
Sehat Badan Obat Harmoni Jaya Apotik,Jl. Kuda Sari Wilayah 86 Kota/Kabupaten TOLITOLI Provinsi SULAWESI TENGAH,POINT(120.9777836280475 1.1628133189700112),Matt Lewis Thomas,1489102/526469/82103710,637189898059,sehat-badan-obat-harmoni-jaya-apotik,92
Amanah Apotik Mawar Resep Medik Bersama,Jl. Anjing Pendek Daerah 5 Kota/Kabupaten MAPPI Provinsi PAPUA,POINT(139.2431935786734 -5.6886634398771205),Brittany Jones Taylor,248161/24101037/133937,1099381056194,amanah-apotik-mawar-resep-medik-bersama,162
Kimia Bintang Mutiara Bakti Medika Medik,Jl. Tembok Indah Daerah 43 Kota/Kabupaten BANDUNG BARAT Provinsi JAWA BARAT,POINT(107.2188553075461 -6.98956966410274),Allison Jones White,3157102/972994/7410380,40161082023105,kimia-bintang-mutiara-bakti-medika-medik,90
Harmoni Bintang Surya Sejahtera Sehat Medika,Jl. Gunung Sejahtera Cluster 23 Kota/Kabupaten KUTAI TIMUR Provinsi KALIMANTAN TIMUR,POINT(116.19366083192364 0.7554494318756397),Matt Roberts Davis,141431/849261/273523,705718450833,harmoni-bintang-surya-sejahtera-sehat-medika,89
Lestari Mutiara Farmasi Apotik Jaya Medika,Jl. Kebun Pintar Wilayah 34 Kota/Kabupaten BANYUASIN Provinsi SUMATERA SELATAN,POINT(104.42458432137306 -2.536459892487498),Megan Taylor Martin,11018104/601010210/966836,38101064011600,lestari-mutiara-farmasi-apotik-jaya-medika,101
Prima Cemerlang Obat Prima Sejahtera Pharm,Jl. Tembok Cerdas Komplek 34 Kota/Kabupaten BARITO UTARA Provinsi KALIMANTAN TENGAH,POINT(114.96164005129856 -0.8263075658811179),David Hill Brown,1106023/2461064/2103854,21020109551048,prima-cemerlang-obat-prima-sejahtera-pharm,737
Obat Jaya Badan Resep Pharma Sehat,Jl. Balai Pendek Daerah 86 Kota/Kabupaten TAMBRAUW Provinsi PAPUA BARAT,POINT(133.08874487657857 -0.8304227170552103),Jason Harris White,1051942/421923/737120,2106810882050,obat-jaya-badan-resep-pharma-sehat,498
Sejahtera Obat Makmur Jaya Pharm Apotek,Jl. Tembok Cermat Cluster 98 Kota/Kabupaten ASMAT Provinsi PAPUA,POINT(138.55611645031072 -5.9867923775065615),Allison Johnson Martin,5061010/272162/503046,6104710600382,sejahtera-obat-makmur-jaya-pharm-apotek,40
Bakti Jaya Kimia Indah Sehat Sejahtera,Jl. Gajah Pendek Cluster 1 Kota/Kabupaten INTAN JAYA Provinsi PAPUA,POINT(136.34464192297378 -3.058055221700796),Jessica Jones Thompson,910351/412816/324400,255712658509,bakti-jaya-kimia-indah-sehat-sejahtera,648
Prima Bahagia Resep Surya Apotik Pharma,Jl. Sawah Jenius Daerah 91 Kota/Kabupaten BANGKA Provinsi KEPULAUAN BANGKA BELITUNG,POINT(105.88678679516048 -2.1044000868671877),Ashley Jones Davis,620118/2410527/973099,61082101001620,prima-bahagia-resep-surya-apotik-pharma,76
Kimia Lestari Bumi Jaya Apotek Medik,Jl. Durian Cermat Daerah 44 Kota/Kabupaten SINTANG Provinsi KALIMANTAN BARAT,POINT(112.13971827519752 -0.3020417528932189),Rachel White Miller,275130/727453/2131047,158067108169,kimia-lestari-bumi-jaya-apotek-medik,267
Resep Sehat Indah Terang Medika Apotik,Jl. Kucing Sari Blok 36 Kota/Kabupaten MUARA ENIM Provinsi SUMATERA SELATAN,POINT(104.62914655839911 -3.0961887496951848),Ashley Nelson Smith,919387/352737/9163105,10510511110080,resep-sehat-indah-terang-medika-apotik,294
Makmur Prima Prima Obat Jaya Pharm,Jl. Durian Besar Daerah 15 Kota/Kabupaten MIMIKA Provinsi PAPUA,POINT(135.00282406169495 -4.203228944647552),Ashley Carter Jackson,431292/960624/813002,1065251027328,makmur-prima-prima-obat-jaya-pharm,335
Makmur Bintang Sentorsa Jaya Bersama Pharm,Jl. Anjing Cerdas Komplek 72 Kota/Kabupaten KOTA PALANGKARAYA Provinsi KALIMANTAN TENGAH,POINT(113.71989765771188 -2.2327979986919733),Matt Adams Jones,1991110/91001027/835487,101811010106102,makmur-bintang-sentorsa-jaya-bersama-pharm,960
Nusantara Surya Makmur Cemerlang Pharma Jaya,Jl. Gunung Sejahtera Cluster 30 Kota/Kabupaten MUSI RAWAS UTARA Provinsi SUMATERA SELATAN,POINT(102.43339328943368 -2.896417035965859),John Martinez Johnson,319110/10104422/233997,8475610088141,nusantara-surya-makmur-cemerlang-pharma-jaya,848
Obat Amanah Terang Surya Apotek Apotik,Jl. Apel Cerdas Komplek 40 Kota/Kabupaten MIMIKA Provinsi PAPUA,POINT(137.02300023267398 -4.6577963553572),Katie Hill Anderson,801717/920842/467630,401001813101098,obat-amanah-terang-surya-apotek-apotik,675
Nusantara Berkah Obat Makmur Medika Pharm,Jl. Gajah Cerdas Cluster 69 Kota/Kabupaten MAMBERAMO RAYA Provinsi PAPUA,POINT(138.63415379823357 -3.1896135735543183),Jessica Parker Garcia,871920/325915/3310604,7880110330748,nusantara-berkah-obat-makmur-medika-pharm,424
Bahagia Bumi Makmur Toko Sehat Bersama,Jl. Kota Kecil Blok 45 Kota/Kabupaten KUANTAN SINGINGI Provinsi RIAU,POINT(101.39523584802495 -0.6308958076632312),Matt Jones Wilson,808411/505260/10033106,3310810177758,bahagia-bumi-makmur-toko-sehat-bersama,898
Lestari Bakti Murni Surya Medik Apotik,Jl. Duku Cerdas Komplek 82 Kota/Kabupaten MALINAU Provinsi KALIMANTAN UTARA,POINT(115.25415508838002 2.048478124470174),Chris Smith Martin,281034/432507/905038,10910809310604,lestari-bakti-murni-surya-medik-apotik,583
Mutiara Prima Bumi Apotik Jaya Medika,Jl. Gunung Pendek Komplek 88 Kota/Kabupaten SORONG SELATAN Provinsi PAPUA BARAT,POINT(132.1878390780321 -2.054300445618793),Katie Martinez Robinson,111143/127722/753641,6761101038841,mutiara-prima-bumi-apotik-jaya-medika,385
Terang Makmur Mawar Lestari Pharma Apotek,Jl. Kebun Sari Komplek 72 Kota/Kabupaten LUWU UTARA Provinsi SULAWESI SELATAN,POINT(120.53023891390586 -2.5691326736972204),Steve Roberts Robinson,533151/604298/573712,1058798130301,terang-makmur-mawar-lestari-pharma-apotek,297
Medical Terang Makmur Jaya Bersama Apotik,Jl. Durian Sejahtera Daerah 60 Kota/Kabupaten MUSI BANYUASIN Provinsi SUMATERA SELATAN,POINT(104.18613405431783 -2.4379010917529502),Alex Harris Harris,468761/220909/258131,978251865037,medical-terang-makmur-jaya-bersama-apotik,38
Nusantara Bintang Lestari Medical Pharm Bersama,Jl. Pisang Cermat Cluster 37 Kota/Kabupaten BANGKA Provinsi KEPULAUAN BANGKA BELITUNG,POINT(106.04406627614853 -2.0663466277284464),Katie White Jackson,560361/7181025/31098010,1280804073106,nusantara-bintang-lestari-medical-pharm-bersama,904
Mutiara Bahagia Terang Toko Farma Apotik,Jl. Durian Sejahtera Komplek 75 Kota/Kabupaten MALINAU Provinsi KALIMANTAN UTARA,POINT(115.38950403676093 2.044147032366194),Sarah Parker Robinson,3928110/266404/843398,1085100028502,mutiara-bahagia-terang-toko-farma-apotik,615
Obat Medic Sehat Surya Sehat Sejahtera,Jl. Sirih Cerah Cluster 58 Kota/Kabupaten ACEH TENGAH Provinsi ACEH,POINT(97.15342451544484 4.513566308635626),Tom Harris Martin,882108/1042543/4318104,747100828245,obat-medic-sehat-surya-sehat-sejahtera,113
Apotik Jaya Murni Indah Medika Farma,Jl. Jeruk Indah Daerah 70 Kota/Kabupaten KOTAWARINGIN BARAT Provinsi KALIMANTAN TENGAH,POINT(111.44346498082524 -2.691732876714523),Brittany Hill Williams,120729/421550/331301,7487701908107,apotik-jaya-murni-indah-medika-farma,508
Apotik Kimia Terang Sentorsa Pharm Sejahtera,Jl. Pisang Cerah Cluster 6 Kota/Kabupaten KETAPANG Provinsi KALIMANTAN BARAT,POINT(110.25364847157026 -2.531583150341964),John Johnson Brown,287167/548920/351393,1021031018074102,apotik-kimia-terang-sentorsa-pharm-sejahtera,28
Mutiara Toko Medical Medic Bersama Sejahtera,Jl. Ikan Sejahtera Daerah 19 Kota/Kabupaten MAMBERAMO RAYA Provinsi PAPUA,POINT(137.70108456418433 -2.4305779085808474),Rachel Hill Johnson,313298/866421/101010383,2648181019509,mutiara-toko-medical-medic-bersama-sejahtera,31
Obat Jaya Tubuh Jaya Bersama Apotik,Jl. Gunung Kecil Blok 65 Kota/Kabupaten BIMA Provinsi NUSA TENGGARA BARAT,POINT(118.0853494133739 -8.288689840115385),Jessica Johnson Harris,971754/10101247/925853,6130794101418,obat-jaya-tubuh-jaya-bersama-apotik,63
Tubuh Murni Mawar Apotik Pharma Bersama,Jl. Kuda Cerdas Komplek 91 Kota/Kabupaten TANGGAMUS Provinsi LAMPUNG,POINT(105.02961463482782 -5.74921032828833),Emily Brown Wilson,10131076/916892/3910070,74002010311083,tubuh-murni-mawar-apotik-pharma-bersama,180
Obat Indah Sentorsa Medical Pharma Sejahtera,Jl. Pisang Besar Wilayah 16 Kota/Kabupaten TELUK BINTUNI Provinsi PAPUA BARAT,POINT(133.24007186435563 -1.5494722266572616),Emily Thomas Robinson,931617/2101027/6853105,605738410061,obat-indah-sentorsa-medical-pharma-sejahtera,71
Jaya Mutiara Cemerlang Obat Sejahtera Jaya,Jl. Durian Cerah Wilayah 85 Kota/Kabupaten NDUGA Provinsi PAPUA,POINT(137.64052418600133 -4.514267599072816),Steve Harris Harris,428814/202451/1093273,4461056801023,jaya-mutiara-cemerlang-obat-sejahtera-jaya,259
Makmur Bahagia Indah Toko Pharm Farma,Jl. Gajah Indah Komplek 5 Kota/Kabupaten TOLIKARA Provinsi PAPUA,POINT(138.50223185358243 -3.574120418426018),David Roberts Jones,440517/52101055/802031,4780510341115,makmur-bahagia-indah-toko-pharm-farma,57
Jaya Medical Badan Sehat Pharma Medika,Jl. Anjing Sari Daerah 92 Kota/Kabupaten BANGGAI Provinsi SULAWESI TENGAH,POINT(123.38342239438444 -0.946664418433981),Tom Nelson Martin,961022/7210329/311739,13110096071810,jaya-medical-badan-sehat-pharma-medika,158
Bahagia Sehat Toko Kimia Medik Sehat,Jl. Gunung Indah Komplek 40 Kota/Kabupaten KOTA BATAM Provinsi KEPULAUAN RIAU,POINT(103.93234192212724 1.105988383028082),Matt Brown Johnson,1851110/922698/1104365,87610182231001,bahagia-sehat-toko-kimia-medik-sehat,537
Berkah Jaya Kimia Nusantara Apotek Pharma,Jl. Sawah Indah Blok 84 Kota/Kabupaten MIMIKA Provinsi PAPUA,POINT(137.903675059733 -4.257775770038027),Tom Johnson Brown,1089641/2710626/333383,10138018108710,berkah-jaya-kimia-nusantara-apotek-pharma,295
Lestari Mutiara Badan Prima Jaya Bersama,Jl. Jeruk Sari Komplek 93 Kota/Kabupaten BANGGAI KEPULAUAN Provinsi SULAWESI TENGAH,POINT(122.8492372851083 -1.5199400033606256),Tom Hill Martinez,697138/323666/101803,5154581099101,lestari-mutiara-badan-prima-jaya-bersama,286
Obat Bakti Bintang Sejahtera Jaya Bersama,Jl. Gunung Tinggi Blok 84 Kota/Kabupaten BANTUL Provinsi DAERAH ISTIMEWA YOGYAKARTA,POINT(110.47647751413702 -7.902760718889169),Steve Martinez Brown,1827108/315284/362603,11256010810108,obat-bakti-bintang-sejahtera-jaya-bersama,97
Bahagia Bintang Surya Kimia Jaya Sejahtera,Jl. Apel Pintar Komplek 39 Kota/Kabupaten KAUR Provinsi BENGKULU,POINT(103.5402599123855 -4.861010828361187),Matt Nelson White,702513/122524/335358,11681010351001,bahagia-bintang-surya-kimia-jaya-sejahtera,106
Kimia Mawar Sentorsa Berkah Sehat Jaya,Jl. Pisang Cerdas Komplek 72 Kota/Kabupaten PANIAI Provinsi PAPUA,POINT(136.1747270891081 -3.5144594112203213),Steve Thomas Smith,1061701/288558/933913,54028010281110,kimia-mawar-sentorsa-berkah-sehat-jaya,309
Terang Jaya Tenaga Surya Medika Sejahtera,Jl. Durian Tinggi Blok 1 Kota/Kabupaten DOGIYAI Provinsi PAPUA,POINT(136.21032446543245 -3.991905382309442),Tom Jackson Brown,545214/812342/378635,27411010706408,terang-jaya-tenaga-surya-medika-sejahtera,217
Nusantara Berkah Farmasi Harmoni Pharm Apotik,Jl. Sawah Kecil Daerah 10 Kota/Kabupaten FAKFAK Provinsi PAPUA BARAT,POINT(133.3721483146599 -3.0408112962986413),Rachel Martinez Smith,111635/320361/6836110,541608098877,nusantara-berkah-farmasi-harmoni-pharm-apotik,109
Surya Tenaga Jaya Obat Sehat Apotik,Jl. Jeruk Cerdas Daerah 46 Kota/Kabupaten CIANJUR Provinsi JAWA BARAT,POINT(107.18438594750144 -6.935948299872601),Jessica Martinez Jones,1107015/372929/1047253,1019002016468,surya-tenaga-jaya-obat-sehat-apotik,442
Bumi Berkah Amanah Terang Sejahtera Jaya,Jl. Jeruk Sari Cluster 83 Kota/Kabupaten ASMAT Provinsi PAPUA,POINT(137.7637520819357 -4.712651346121927),Brittany Harris Moore,627991/734925/66910310,731890109101810,bumi-berkah-amanah-terang-sejahtera-jaya,737
Resep Berkah Mutiara Bumi Medika Farma,Jl. Kucing Besar Cluster 13 Kota/Kabupaten MAHAKAM ULU Provinsi KALIMANTAN TIMUR,POINT(114.37628443150976 1.4218571901905612),Jessica Johnson White,1011942/172293/103191010,1758315650810,resep-berkah-mutiara-bumi-medika-farma,526
Mawar Jaya Lestari Medical Farma Bersama,Jl. Mangga Cermat Cluster 38 Kota/Kabupaten KOTA SUBULUSSALAM Provinsi ACEH,POINT(97.86953459025688 2.631599854983534),Allison Smith Taylor,781827/276602/463329,1081482800818,mawar-jaya-lestari-medical-farma-bersama,106
Surya Medic Indah Tubuh Pharma Sejahtera,Jl. Gedung Jenius Cluster 76 Kota/Kabupaten TAKALAR Provinsi SULAWESI SELATAN,POINT(119.56811768840278 -5.402171821550193),Jessica White Harris,211179/215787/9131037,712082849418,surya-medic-indah-tubuh-pharma-sejahtera,404
Tenaga Toko Bahagia Obat Sejahtera Bersama,Jl. Balai Cermat Wilayah 64 Kota/Kabupaten BARITO SELATAN Provinsi KALIMANTAN TENGAH,POINT(114.70710430133596 -2.4075823898363087),Mark Martinez Harris,1081109/2979106/37610610,6670735108291,tenaga-toko-bahagia-obat-sejahtera-bersama,262
Toko Surya Jaya Makmur Medik Pharma,Jl. Balai Pendek Komplek 25 Kota/Kabupaten BUOL Provinsi SULAWESI TENGAH,POINT(121.0643508357931 0.8430812060742063),Sarah Parker Martinez,146139/240345/162734,611019843636,toko-surya-jaya-makmur-medik-pharma,287
Tubuh Makmur Bakti Bahagia Bersama Jaya,Jl. Kucing Sari Cluster 59 Kota/Kabupaten MALUKU TENGGARA Provinsi MALUKU,POINT(132.7106180712449 -5.592074000662375),Chris Parker Wilson,118236/630782/831773,1160803013910,tubuh-makmur-bakti-bahagia-bersama-jaya,365
Jaya Cemerlang Tenaga Mutiara Medik Apotek,Jl. Kota Tinggi Blok 69 Kota/Kabupaten MOROWALI UTARA Provinsi SULAWESI TENGAH,POINT(121.01791753946434 -1.829931288609256),Chris Parker Miller,9310710/64101042/91043106,568321021010410,jaya-cemerlang-tenaga-mutiara-medik-apotek,180
Indah Prima Tenaga Resep Apotek Bersama,Jl. Kota Besar Komplek 50 Kota/Kabupaten PEMALANG Provinsi JAWA TENGAH,POINT(109.44015037376542 -7.113428155218792),John Martinez Smith,497191/772792/830280,186514709976,indah-prima-tenaga-resep-apotek-bersama,872
Medic Amanah Nusantara Bintang Pharma Bersama,Jl. Gunung Kecil Blok 64 Kota/Kabupaten YALIMO Provinsi PAPUA,POINT(139.56052225891167 -3.781011453548963),Allison Brown Martinez,621006/1210129/4310730,8102440771919,medic-amanah-nusantara-bintang-pharma-bersama,133
Farmasi Tubuh Indah Sentorsa Medik Sejahtera,Jl. Pisang Cerah Blok 38 Kota/Kabupaten BENGKULU UTARA Provinsi BENGKULU,POINT(102.05925597063684 -3.096555143523048),Matt Jackson Martinez,717860/747222/3311041,917548150293,farmasi-tubuh-indah-sentorsa-medik-sejahtera,519
Bumi Bintang Medic Harmoni Sejahtera Apotik,Jl. Jeruk Tinggi Wilayah 55 Kota/Kabupaten BONE Provinsi SULAWESI SELATAN,POINT(120.29838226301024 -4.790414050187877),Allison Nelson Williams,8110659/2402210/273578,2580018108795,bumi-bintang-medic-harmoni-sejahtera-apotik,520
Prima Nusantara Bintang Bumi Sehat Sejahtera,Jl. Duku Besar Cluster 14 Kota/Kabupaten OGAN KOMERING ULU SELATAN Provinsi SUMATERA SELATAN,POINT(103.63474376640784 -4.3955087806184165),Sarah Hill Thompson,919813/521558/9103601,8446811076490,prima-nusantara-bintang-bumi-sehat-sejahtera,245
Amanah Jaya Mawar Indah Farma Bersama,Jl. Balai Sari Wilayah 45 Kota/Kabupaten JAYAPURA Provinsi PAPUA,POINT(140.0440058400046 -3.5241630324230657),Steve Jones Martin,10989110/3102329/317437,383805034186,amanah-jaya-mawar-indah-farma-bersama,660
Farmasi Tubuh Bakti Apotik Bersama Pharm,Jl. Apel Kecil Wilayah 37 Kota/Kabupaten BANGKA SELATAN Provinsi KEPULAUAN BANGKA BELITUNG,POINT(106.23980250779326 -2.7125902616163344),Michael Hill Martinez,5310011/10100312/3146210,43890110610058,farmasi-tubuh-bakti-apotik-bersama-pharm,797
Murni Bumi Jaya Terang Medika Pharma,Jl. Duku Besar Wilayah 61 Kota/Kabupaten KEEROM Provinsi PAPUA,POINT(140.5929823588575 -2.7922973378322613),Katie Nelson Davis,141473/619275/758138,701615809681,murni-bumi-jaya-terang-medika-pharma,385
Bahagia Apotik Resep Surya Sejahtera Medika,Jl. Balai Sejahtera Blok 65 Kota/Kabupaten PESISIR SELATAN Provinsi SUMATERA BARAT,POINT(101.24601246411632 -2.282037472748426),Matt Nelson Williams,412925/2410629/325633,7802517102691,bahagia-apotik-resep-surya-sejahtera-medika,647
Obat Nusantara Cemerlang Sehat Sejahtera Bersama,Jl. Anjing Kecil Blok 12 Kota/Kabupaten SANGGAU Provinsi KALIMANTAN BARAT,POINT(110.28776696706696 0.3645006267046877),Jason Clark Brown,6851610/296895/263187,4100109372986,obat-nusantara-cemerlang-sehat-sejahtera-bersama,346
Mutiara Surya Obat Surya Sejahtera Sehat,Jl. Rambutan Cepat Daerah 32 Kota/Kabupaten SERUYAN Provinsi KALIMANTAN TENGAH,POINT(111.9873536703845 -1.231594591822013),Rachel Carter Davis,450135/1012508/3104861,840158500981,mutiara-surya-obat-surya-sejahtera-sehat,640
Murni Cemerlang Resep Tenaga Farma Medik,Jl. Mangga Sari Blok 12 Kota/Kabupaten BARITO KUALA Provinsi KALIMANTAN SELATAN,POINT(114.3821202382722 -3.4005851101412894),Steve Roberts White,479010/522407/4510030,3153156910840,murni-cemerlang-resep-tenaga-farma-medik,269
Medic Bumi Kimia Murni Pharm Apotik,Jl. Kucing Besar Blok 22 Kota/Kabupaten MIMIKA Provinsi PAPUA,POINT(137.6007975615988 -5.118853389323944),Michael Adams Johnson,806401/259825/1310742,284807318712,medic-bumi-kimia-murni-pharm-apotik,934
Cemerlang Berkah Terang Bahagia Sejahtera Medik,Jl. Pisang Cerah Blok 92 Kota/Kabupaten MERAUKE Provinsi PAPUA,POINT(140.04034922349226 -7.927733490090961),Ashley Brown Davis,812911/206976/3344010,108005397310,cemerlang-berkah-terang-bahagia-sejahtera-medik,85
Jaya Prima Harmoni Indah Apotek Sejahtera,Jl. Mangga Besar Cluster 1 Kota/Kabupaten SUMENEP Provinsi JAWA TIMUR,POINT(113.64693515865046 -7.014839569909503),Mark Jackson Williams,973146/752979/8891063,2210108101740210,jaya-prima-harmoni-indah-apotek-sejahtera,76
Farmasi Surya Terang Mawar Bersama Pharm,Jl. Duku Cerdas Cluster 65 Kota/Kabupaten MIMIKA Provinsi PAPUA,POINT(136.83374623082926 -4.642524483702475),Allison Hill Jones,329212/5105262/823535,951720318085,farmasi-surya-terang-mawar-bersama-pharm,449
Bintang Nusantara Murni Amanah Farma Sejahtera,Jl. Anjing Besar Daerah 25 Kota/Kabupaten BOALEMO Provinsi GORONTALO,POINT(122.34191497113136 0.6958170743674597),Megan Adams Johnson,1607710/440262/8102833,1104580300973,bintang-nusantara-murni-amanah-farma-sejahtera,654
Makmur Obat Terang Mutiara Pharma Apotik,Jl. Duku Tinggi Komplek 47 Kota/Kabupaten INDRAGIRI HILIR Provinsi RIAU,POINT(103.26897678494257 0.2808393934196367),Lauren Adams Thompson,1951093/1028617/463173,43183710610089,makmur-obat-terang-mutiara-pharma-apotik,338
Mutiara Murni Bintang Mawar Farma Sehat,Jl. Durian Pendek Blok 74 Kota/Kabupaten KOTA PEKANBARU Provinsi RIAU,POINT(101.49258948871116 0.5220858948495817),Allison Nelson Davis,100002/663772/549293,310786746407,mutiara-murni-bintang-mawar-farma-sehat,85
Prima Apotik Badan Surya Jaya Sejahtera,Jl. Sawah Pintar Daerah 8 Kota/Kabupaten TAMBRAUW Provinsi PAPUA BARAT,POINT(132.8317999869978 -0.5584142553931368),Ashley Roberts White,6910231/382787/232943,1712801094310,prima-apotik-badan-surya-jaya-sejahtera,419
Harmoni Medical Jaya Indah Medik Bersama,Jl. Apel Cermat Daerah 34 Kota/Kabupaten KOTABARU Provinsi KALIMANTAN SELATAN,POINT(115.89170008959474 -2.8452036535419136),Tom Lewis Taylor,177036/2105052/715532,574511807301,harmoni-medical-jaya-indah-medik-bersama,744
Jaya Tubuh Tenaga Terang Jaya Sejahtera,Jl. Sirih Besar Daerah 95 Kota/Kabupaten TAMBRAUW Provinsi PAPUA BARAT,POINT(132.2351621399063 -0.6908615476691473),Alex Brown Thomas,3110105/812480/234040,701211819900,jaya-tubuh-tenaga-terang-jaya-sejahtera,125
Terang Mutiara Sehat Bintang Apotek Apotik,Jl. Tembok Cerdas Komplek 21 Kota/Kabupaten BANGGAI KEPULAUAN Provinsi SULAWESI TENGAH,POINT(122.9074003057251 -1.452463470118314),Sarah Brown Wilson,305186/1022098/983393,98105910316107,terang-mutiara-sehat-bintang-apotek-apotik,785
Nusantara Bintang Terang Lestari Apotek Sejahtera,Jl. Jeruk Kecil Komplek 59 Kota/Kabupaten MAPPI Provinsi PAPUA,POINT(139.61220466786213 -6.1045865552965966),Ashley Parker Wilson,812080/2245510/1066223,2100101060110865,nusantara-bintang-terang-lestari-apotek-sejahtera,278
Bahagia Toko Kimia Medical Sehat Sejahtera,Jl. Kuda Indah Wilayah 21 Kota/Kabupaten ACEH UTARA Provinsi ACEH,POINT(96.90605468573872 5.114018407422121),Ashley Hill Martin,2710061/3910072/3039106,1078058051513,bahagia-toko-kimia-medical-sehat-sejahtera,8
Sehat Jaya Tubuh Harmoni Pharm Apotik,Jl. Anjing Cerah Daerah 79 Kota/Kabupaten PUNCAK Provinsi PAPUA,POINT(137.74810329500156 -3.9109684728028338),Ashley Taylor Williams,261870/426274/238036,805301231100,sehat-jaya-tubuh-harmoni-pharm-apotik,154
Obat Murni Resep Surya Sehat Apotik,Jl. Kucing Indah Komplek 44 Kota/Kabupaten GUNUNG MAS Provinsi KALIMANTAN TENGAH,POINT(113.6035757841525 -1.485185817434667),Steve Thomas Garcia,247135/39710102/4410319,81068591019810,obat-murni-resep-surya-sehat-apotik,248
Apotik Prima Terang Jaya Bersama Apotek,Jl. Kucing Besar Daerah 79 Kota/Kabupaten SINTANG Provinsi KALIMANTAN BARAT,POINT(111.44600594354358 0.7604628304001153),Chris Parker Williams,5001010/428680/346803,124618090810,apotik-prima-terang-jaya-bersama-apotek,180
Bakti Resep Sentorsa Prima Apotek Bersama,Jl. Apel Pintar Wilayah 65 Kota/Kabupaten GARUT Provinsi JAWA BARAT,POINT(107.89675462466616 -7.0903035833556896),Chris Martinez Wilson,404107/896258/1029532,317736033584,bakti-resep-sentorsa-prima-apotek-bersama,182
Surya Tenaga Obat Bahagia Jaya Medika,Jl. Gedung Tinggi Wilayah 45 Kota/Kabupaten MAPPI Provinsi PAPUA,POINT(139.84840194780907 -6.920894550494168),Katie White Jackson,1456102/838202/813702,4430116810250,surya-tenaga-obat-bahagia-jaya-medika,589
Prima Bintang Farmasi Surya Apotek Jaya,Jl. Balai Tinggi Blok 92 Kota/Kabupaten BERAU Provinsi KALIMANTAN TIMUR,POINT(118.53628145569743 1.3504420200935012),Megan Nelson White,9210610/228648/932072,8184662301018,prima-bintang-farmasi-surya-apotek-jaya,850
Sentorsa Bahagia Tenaga Tubuh Apotek Pharm,Jl. Jeruk Cerdas Cluster 78 Kota/Kabupaten DOGIYAI Provinsi PAPUA,POINT(135.4896452521519 -3.91289620459636),Mark Anderson Thompson,10110221/1029732/128837,1451100172801,sentorsa-bahagia-tenaga-tubuh-apotek-pharm,571
Prima Medical Sentorsa Berkah Farma Sejahtera,Jl. Kebun Pintar Komplek 75 Kota/Kabupaten MALINAU Provinsi KALIMANTAN UTARA,POINT(115.60295172368924 3.014227091754382),Sarah Jones Brown,6401041/167892/6597310,1824280109611,prima-medical-sentorsa-berkah-farma-sejahtera,236
Medical Sejahtera Kimia Apotik Medika Apotik,Jl. Rambutan Jenius Wilayah 16 Kota/Kabupaten KAMPAR Provinsi RIAU,POINT(101.05984452687728 0.0924686540874226),Chris Anderson Harris,207121/862396/470333,809158232101,medical-sejahtera-kimia-apotik-medika-apotik,262
Medical Mawar Berkah Badan Jaya Medika,Jl. Kota Cepat Daerah 85 Kota/Kabupaten SUKAMARA Provinsi KALIMANTAN TENGAH,POINT(111.01191908879396 -2.7978317929571865),Rachel Smith Garcia,1012737/2088510/5103020,173280180001,medical-mawar-berkah-badan-jaya-medika,498
Medical Bahagia Murni Nusantara Medik Jaya,Jl. Sawah Indah Wilayah 67 Kota/Kabupaten LANDAK Provinsi KALIMANTAN BARAT,POINT(109.84367670426998 0.1837577683295936),Sarah Johnson Martin,2101292/9910029/7471063,811539918000,medical-bahagia-murni-nusantara-medik-jaya,750
Bahagia Bintang Tenaga Mawar Jaya Sejahtera,Jl. Anjing Tinggi Blok 3 Kota/Kabupaten GUNUNG MAS Provinsi KALIMANTAN TENGAH,POINT(113.60323703582536 -1.0504607890828552),Katie Taylor Miller,169612/721205/187939,666506171082,bahagia-bintang-tenaga-mawar-jaya-sejahtera,494
Sejahtera Nusantara Harmoni Jaya Pharma Medika,Jl. Sirih Kecil Cluster 64 Kota/Kabupaten OGAN KOMERING ILIR Provinsi SUMATERA SELATAN,POINT(105.00989326873425 -3.8514754703337335),Brittany Thomas Harris,316203/182584/728531,2875100915732,sejahtera-nusantara-harmoni-jaya-pharma-medika,501
Jaya Mawar Surya Toko Medik Jaya,Jl. Tembok Sejahtera Wilayah 69 Kota/Kabupaten MERAUKE Provinsi PAPUA,POINT(140.96030242922507 -8.477976219410952),Lauren Adams White,1011104/258578/1107839,429001871715,jaya-mawar-surya-toko-medik-jaya,300
Resep Tenaga Terang Berkah Apotik Medik,Jl. Sawah Cermat Komplek 9 Kota/Kabupaten MAMBERAMO RAYA Provinsi PAPUA,POINT(137.80813683188833 -2.5445812669341965),Ashley Johnson White,61101071/295164/723063,811941141062,resep-tenaga-terang-berkah-apotik-medik,309
Kimia Badan Prima Terang Apotek Medik,Jl. Duku Indah Cluster 50 Kota/Kabupaten INDRAGIRI HILIR Provinsi RIAU,POINT(103.7293490075192 0.0767899195653409),Chris Johnson Jackson,963116/989428/293673,360518326908,kimia-badan-prima-terang-apotek-medik,396
Surya Makmur Bahagia Sejahtera Pharm Sejahtera,Jl. Gunung Tinggi Cluster 29 Kota/Kabupaten KONAWE Provinsi SULAWESI TENGGARA,POINT(121.971796104743 -3.022228338038245),Matt Williams Miller,2106951/283716/8101030,1558058021071,surya-makmur-bahagia-sejahtera-pharm-sejahtera,510
Bahagia Sejahtera Kimia Amanah Pharma Medika,Jl. Sawah Besar Daerah 63 Kota/Kabupaten OGAN KOMERING ILIR Provinsi SUMATERA SELATAN,POINT(105.73133765700894 -3.5314893644790244),Allison White Johnson,121318/642973/795853,130009563908,bahagia-sejahtera-kimia-amanah-pharma-medika,532
Cemerlang Bahagia Sehat Mawar Bersama Apotek,Jl. Ikan Pintar Daerah 72 Kota/Kabupaten PROBOLINGGO Provinsi JAWA TIMUR,POINT(113.31180229534668 -7.829853462217597),Sarah Thomas Moore,10101028/8100322/701253,825610876410,cemerlang-bahagia-sehat-mawar-bersama-apotek,24
Sentorsa Kimia Bakti Resep Jaya Bersama,Jl. Balai Cerah Blok 29 Kota/Kabupaten PAHUWATO Provinsi GORONTALO,POINT(121.8515526893744 0.4762772537043993),Chris Jones Wilson,825189/8728107/6210536,5850111058984,sentorsa-kimia-bakti-resep-jaya-bersama,644
Toko Kimia Berkah Bakti Bersama Apotek,Jl. Apel Kecil Cluster 80 Kota/Kabupaten YAHUKIMO Provinsi PAPUA,POINT(139.41234912052528 -4.9221225400714905),John Johnson Johnson,767610/980092/434795,808415237612,toko-kimia-berkah-bakti-bersama-apotek,887
Kimia Berkah Tenaga Medic Jaya Bersama,Jl. Kebun Cepat Daerah 83 Kota/Kabupaten KETAPANG Provinsi KALIMANTAN BARAT,POINT(110.77259754687856 -1.0604291237238943),Emily Johnson Robinson,881131/277357/10810386,952314120808,kimia-berkah-tenaga-medic-jaya-bersama,150
Medical Medic Surya Apotik Pharm Sejahtera,Jl. Pisang Cermat Cluster 87 Kota/Kabupaten ROKAN HILIR Provinsi RIAU,POINT(100.41228834393932 1.9042072033946624),Tom Williams Brown,3209101/484524/769320,816146530819,medical-medic-surya-apotik-pharm-sejahtera,264
Obat Apotik Sejahtera Tubuh Apotik Pharma,Jl. Gunung Cepat Cluster 53 Kota/Kabupaten MERAUKE Provinsi PAPUA,POINT(139.11334938031922 -7.704294611020543),Ashley Johnson Davis,488001/457102/493383,1014810051074105,obat-apotik-sejahtera-tubuh-apotik-pharma,220
Kimia Cemerlang Medical Tubuh Apotik Medik,Jl. Pisang Sejahtera Blok 88 Kota/Kabupaten KUANTAN SINGINGI Provinsi RIAU,POINT(101.58669850886106 -0.2136026272558062),Alex Jackson Harris,715141/7430102/10310400,839010818910108,kimia-cemerlang-medical-tubuh-apotik-medik,648
Sentorsa Terang Surya Berkah Bersama Apotik,Jl. Ikan Sari Daerah 65 Kota/Kabupaten SINTANG Provinsi KALIMANTAN BARAT,POINT(112.01648040378254 0.0355764027702356),David Adams White,846291/7210269/313398,710567393803,sentorsa-terang-surya-berkah-bersama-apotik,479
Cemerlang Badan Bumi Prima Medika Pharm,Jl. Durian Pintar Cluster 37 Kota/Kabupaten CIAMIS Provinsi JAWA BARAT,POINT(108.21402373314795 -7.202675665799128),Mark Clark Jones,127704/416682/393900,12210102000008,cemerlang-badan-bumi-prima-medika-pharm,82
Toko Prima Murni Apotik Apotek Medika,Jl. Jeruk Besar Komplek 20 Kota/Kabupaten BURU SELATAN Provinsi MALUKU,POINT(126.81352714767206 -3.602992777366204),Mark Taylor Moore,214224/672756/436995,258885585108,toko-prima-murni-apotik-apotek-medika,76
Apotik Bumi Jaya Jaya Sejahtera Medik,Jl. Tembok Indah Blok 28 Kota/Kabupaten BARITO SELATAN Provinsi KALIMANTAN TENGAH,POINT(114.75615532598968 -1.5302058923610673),Brittany Jones White,7751041/2109427/10131012,21108825718010,apotik-bumi-jaya-jaya-sejahtera-medik,56
Harmoni Tenaga Surya Amanah Medika Bersama,Jl. Kucing Cepat Komplek 69 Kota/Kabupaten BARITO SELATAN Provinsi KALIMANTAN TENGAH,POINT(114.87434460972646 -1.5829640692838485),David Taylor Robinson,1010121/681882/9471032,1671750108813,harmoni-tenaga-surya-amanah-medika-bersama,85
Amanah Sehat Surya Surya Apotek Sehat,Jl. Kota Kecil Blok 89 Kota/Kabupaten SORONG SELATAN Provinsi PAPUA BARAT,POINT(132.02847756391503 -1.9187242928100208),Chris Roberts Anderson,104707/21029100/1087083,3701317110618,amanah-sehat-surya-surya-apotek-sehat,20
Cemerlang Bakti Murni Obat Medik Apotek,Jl. Rambutan Cermat Wilayah 44 Kota/Kabupaten MAHAKAM ULU Provinsi KALIMANTAN TIMUR,POINT(114.9449096814559 -0.0213987281302596),Lauren Parker Wilson,160141/549932/10101375,84109710130839,cemerlang-bakti-murni-obat-medik-apotek,168
Cemerlang Amanah Jaya Resep Pharm Sehat,Jl. Ikan Cermat Wilayah 53 Kota/Kabupaten SARMI Provinsi PAPUA,POINT(139.38318869494924 -3.317515507325063),Allison Martinez Anderson,110058/203272/2310186,285768018144,cemerlang-amanah-jaya-resep-pharm-sehat,583
Kimia Indah Apotik Surya Apotik Apotek,Jl. Kota Pintar Komplek 8 Kota/Kabupaten ACEH TAMIANG Provinsi ACEH,POINT(98.172151271791 4.291120872142939),Matt Roberts Anderson,2810191/387297/396342,1081706840349,kimia-indah-apotik-surya-apotik-apotek,469
Bumi Tenaga Bintang Toko Sehat Jaya,Jl. Kota Kecil Daerah 68 Kota/Kabupaten SAMBAS Provinsi KALIMANTAN BARAT,POINT(109.14076482674665 1.0532676061815778),Ashley Hill Garcia,252145/125730/307955,308060485102,bumi-tenaga-bintang-toko-sehat-jaya,670
Sentorsa Prima Kimia Tubuh Sejahtera Medika,Jl. Jeruk Jenius Blok 77 Kota/Kabupaten TELUK BINTUNI Provinsi PAPUA BARAT,POINT(133.44911927563976 -2.201241526999663),Sarah Harris Jones,714358/920321/443430,829255053891,sentorsa-prima-kimia-tubuh-sejahtera-medika,631
Mutiara Obat Sentorsa Prima Medik Sehat,Jl. Pisang Cepat Komplek 23 Kota/Kabupaten NUNUKAN Provinsi KALIMANTAN UTARA,POINT(116.84053614309671 4.013133727724888),Jessica Carter Taylor,675341/4321096/235046,3430908291108,mutiara-obat-sentorsa-prima-medik-sehat,103
Obat Surya Bakti Tenaga Bersama Farma,Jl. Pisang Cermat Wilayah 33 Kota/Kabupaten KATINGAN Provinsi KALIMANTAN TENGAH,POINT(113.64994897385108 -2.087278227478331),Rachel Clark White,901203/2102201/991379,9802848106310,obat-surya-bakti-tenaga-bersama-farma,513
Mawar Jaya Makmur Badan Pharm Sehat,Jl. Ikan Besar Komplek 60 Kota/Kabupaten LEBONG Provinsi BENGKULU,POINT(102.15089093428044 -3.0102188144172173),Ashley White Martin,124420/1007295/733755,801598413623,mawar-jaya-makmur-badan-pharm-sehat,856
Sejahtera Amanah Badan Bakti Apotek Jaya,Jl. Apel Kecil Cluster 9 Kota/Kabupaten BOALEMO Provinsi GORONTALO,POINT(122.52106999555431 0.5054596173204402),Alex Anderson Anderson,421814/402839/930499,220086176788,sejahtera-amanah-badan-bakti-apotek-jaya,168
Apotik Surya Amanah Badan Apotik Farma,Jl. Anjing Cerah Cluster 98 Kota/Kabupaten GAYO LUES Provinsi ACEH,POINT(96.83035680397042 4.052865874230845),Jason Williams Brown,5612106/1024571/563629,937120804330,apotik-surya-amanah-badan-apotik-farma,407
Bahagia Kimia Cemerlang Surya Bersama Apotek,Jl. Sawah Sejahtera Daerah 34 Kota/Kabupaten KUTAI KARTANEGARA Provinsi KALIMANTAN TIMUR,POINT(116.93061546733028 -0.3734797640031839),Allison Nelson Thompson,751071/5101233/5310987,703835188520,bahagia-kimia-cemerlang-surya-bersama-apotek,642
Apotik Farmasi Murni Mawar Sejahtera Medika,Jl. Sawah Indah Komplek 73 Kota/Kabupaten TELUK WONDAMA Provinsi PAPUA BARAT,POINT(134.13261727105197 -2.534617940756899),Allison Adams Brown,523051/125362/374663,8183100028618,apotik-farmasi-murni-mawar-sejahtera-medika,154
Bumi Makmur Mutiara Nusantara Pharma Sejahtera,Jl. Balai Cerdas Cluster 33 Kota/Kabupaten NUNUKAN Provinsi KALIMANTAN UTARA,POINT(117.11085201420892 3.8130815380642087),Matt Anderson Martinez,891591/211934/233157,8076390107510,bumi-makmur-mutiara-nusantara-pharma-sejahtera,115
Jaya Indah Harmoni Apotik Apotek Bersama,Jl. Apel Sejahtera Blok 58 Kota/Kabupaten SORONG Provinsi PAPUA BARAT,POINT(131.65730899287536 -0.745762440368166),Michael Jackson Garcia,164151/1022525/830305,8901047809194,jaya-indah-harmoni-apotik-apotek-bersama,835
Jaya Prima Makmur Sejahtera Sehat Pharm,Jl. Tembok Besar Wilayah 72 Kota/Kabupaten SIAK Provinsi RIAU,POINT(102.19715254909296 1.175723276416793),Allison Roberts Thompson,1053219/241212/383092,2012842061079,jaya-prima-makmur-sejahtera-sehat-pharm,306
Obat Apotik Nusantara Tenaga Pharma Sejahtera,Jl. Ikan Kecil Komplek 76 Kota/Kabupaten MERAUKE Provinsi PAPUA,POINT(140.02489238817688 -8.104685016582549),Ashley Parker Davis,10110491/731523/4106453,9101810303023,obat-apotik-nusantara-tenaga-pharma-sejahtera,430
Medic Tubuh Prima Jaya Sejahtera Apotek,Jl. Rambutan Jenius Blok 90 Kota/Kabupaten MALUKU TENGAH Provinsi MALUKU,POINT(129.43740650374409 -2.912775313992798),Michael Hill Taylor,120487/627118/61061032,1555287100945,medic-tubuh-prima-jaya-sejahtera-apotek,278
Farmasi Bakti Amanah Jaya Farma Sejahtera,Jl. Rambutan Sari Cluster 43 Kota/Kabupaten SERAM BAGIAN BARAT Provinsi MALUKU,POINT(128.5268242704941 -3.248335211815193),Michael Hill White,31016102/2210453/10369510,6698910809191,farmasi-bakti-amanah-jaya-farma-sejahtera,133
Surya Murni Indah Cemerlang Sehat Medika,Jl. Balai Pendek Wilayah 56 Kota/Kabupaten TELUK WONDAMA Provinsi PAPUA BARAT,POINT(134.60902152237844 -3.303859167994405),Megan Brown Thomas,4110029/21101055/3107531,580018878670,surya-murni-indah-cemerlang-sehat-medika,974
Bakti Prima Mutiara Toko Pharma Pharm,Jl. Kucing Cerdas Daerah 49 Kota/Kabupaten MUARA ENIM Provinsi SUMATERA SELATAN,POINT(103.8605806286864 -3.7450713546298218),Emily Hill Thomas,105147/1610223/140350,10083104210106,bakti-prima-mutiara-toko-pharma-pharm,670
Bakti Kimia Bahagia Medic Sejahtera Apotek,Jl. Kebun Pendek Blok 37 Kota/Kabupaten ASMAT Provinsi PAPUA,POINT(138.3717217924882 -5.015857512598143),Emily Hill Jackson,142930/263951/109101037,156503980507,bakti-kimia-bahagia-medic-sejahtera-apotek,290
Resep Bahagia Bumi Surya Jaya Sejahtera,Jl. Kuda Indah Komplek 8 Kota/Kabupaten KAIMANA Provinsi PAPUA BARAT,POINT(135.02171163800028 -3.989177170760591),Rachel Martinez White,623110/580022/327639,414600928615,resep-bahagia-bumi-surya-jaya-sejahtera,477
Apotik Indah Mawar Resep Pharm Sehat,Jl. Kucing Besar Blok 96 Kota/Kabupaten NDUGA Provinsi PAPUA,POINT(138.30269604107315 -4.474653299499415),Steve Williams Thompson,718271/299948/363187,587107118756,apotik-indah-mawar-resep-pharm-sehat,323
Sejahtera Surya Mawar Harmoni Pharm Sejahtera,Jl. Pisang Cermat Komplek 28 Kota/Kabupaten FAKFAK Provinsi PAPUA BARAT,POINT(133.38940247213108 -3.0512546350917207),Jason Clark Wilson,9001001/221696/390009,399387021781,sejahtera-surya-mawar-harmoni-pharm-sejahtera,123
Makmur Medic Nusantara Badan Sejahtera Farma,Jl. Mangga Cerah Blok 60 Kota/Kabupaten LAMPUNG BARAT Provinsi LAMPUNG,POINT(104.23028772566688 -5.122554229751415),Matt Carter Robinson,951686/612224/31041108,560123737788,makmur-medic-nusantara-badan-sejahtera-farma,351
Prima Prima Surya Murni Medika Farma,Jl. Gajah Sejahtera Komplek 86 Kota/Kabupaten SUKAMARA Provinsi KALIMANTAN TENGAH,POINT(111.12073193373278 -2.3282588682393097),Chris Johnson Johnson,149730/1009602/407432,508611010211083,prima-prima-surya-murni-medika-farma,410
Sejahtera Bahagia Lestari Medical Pharma Jaya,Jl. Gunung Pintar Daerah 39 Kota/Kabupaten KEPULAUAN MENTAWAI Provinsi SUMATERA BARAT,POINT(99.06432151607298 -1.4432405729637434),Allison White Jones,331941/267218/8103041,1130964868102,sejahtera-bahagia-lestari-medical-pharma-jaya,137
Farmasi Sejahtera Lestari Resep Medika Sehat,Jl. Kucing Cepat Daerah 20 Kota/Kabupaten SOLOK SELATAN Provinsi SUMATERA BARAT,POINT(101.61167049100222 -1.364882945755781),Katie Adams Miller,4151007/10167210/169353,8811098368808,farmasi-sejahtera-lestari-resep-medika-sehat,897
Jaya Nusantara Surya Bumi Medika Sejahtera,Jl. Mangga Cerdas Komplek 27 Kota/Kabupaten KONAWE UTARA Provinsi SULAWESI TENGGARA,POINT(121.56909626871948 -3.332636005437153),Megan Jackson Miller,1891105/153279/635925,7410180033149,jaya-nusantara-surya-bumi-medika-sejahtera,163
Makmur Bumi Mawar Berkah Jaya Farma,Jl. Balai Cerah Daerah 14 Kota/Kabupaten KAPUAS HULU Provinsi KALIMANTAN BARAT,POINT(112.6844851624454 1.1798197351903532),Matt Anderson Williams,5107412/129745/8133101,385179888303,makmur-bumi-mawar-berkah-jaya-farma,890
Tenaga Nusantara Lestari Cemerlang Pharma Farma,Jl. Jeruk Pintar Wilayah 60 Kota/Kabupaten ROKAN HILIR Provinsi RIAU,POINT(100.97740099497724 1.5740490726269236),Matt Roberts Brown,516877/188206/4633310,982047084186,tenaga-nusantara-lestari-cemerlang-pharma-farma,402
Badan Jaya Harmoni Bumi Farma Apotik,Jl. Rambutan Cerdas Komplek 40 Kota/Kabupaten MERANGIN Provinsi JAMBI,POINT(102.33671421837734 -1.7530909987128744),David Thomas Johnson,239991/583023/423686,186704093687,badan-jaya-harmoni-bumi-farma-apotik,743
Bumi Jaya Terang Tubuh Apotek Medik,Jl. Sawah Cermat Wilayah 61 Kota/Kabupaten SUMBAWA BARAT Provinsi NUSA TENGGARA BARAT,POINT(116.7688865378347 -8.91816389737684),Rachel Clark Thompson,6100918/249277/4341026,721872495011,bumi-jaya-terang-tubuh-apotek-medik,66
Resep Mutiara Bakti Harmoni Sehat Bersama,Jl. Sawah Cermat Blok 39 Kota/Kabupaten ROTE NDAO Provinsi NUSA TENGGARA TIMUR,POINT(123.2147576145431 -10.58188217234592),Emily Harris Moore,219860/373256/220733,374706684195,resep-mutiara-bakti-harmoni-sehat-bersama,27
Bintang Bahagia Murni Obat Sehat Apotek,Jl. Kuda Sejahtera Daerah 60 Kota/Kabupaten MERAUKE Provinsi PAPUA,POINT(138.03404362921685 -8.225660928475898),Brittany Williams Thompson,516725/299994/5473410,109738458504,bintang-bahagia-murni-obat-sehat-apotek,231
Nusantara Bahagia Tubuh Kimia Apotek Medika,Jl. Rambutan Sejahtera Cluster 32 Kota/Kabupaten MALINAU Provinsi KALIMANTAN UTARA,POINT(116.3151092228519 2.8270497483172505),Emily Clark Anderson,121418/359280/9345103,11602108926101,nusantara-bahagia-tubuh-kimia-apotek-medika,171
Jaya Terang Kimia Prima Jaya Medika,Jl. Tembok Pendek Wilayah 44 Kota/Kabupaten BENGKALIS Provinsi RIAU,POINT(101.90447272376376 1.100155931673033),Tom Carter Williams,118440/1002049/382343,1061194808010,jaya-terang-kimia-prima-jaya-medika,583
Indah Harmoni Bahagia Makmur Farma Sehat,Jl. Durian Cepat Cluster 26 Kota/Kabupaten MOROWALI UTARA Provinsi SULAWESI TENGAH,POINT(121.08271999788094 -1.8691985499142767),Emily Thomas Brown,432714/889216/563136,31053910110718,indah-harmoni-bahagia-makmur-farma-sehat,487
Indah Bahagia Toko Tenaga Sejahtera Apotek,Jl. Jeruk Kecil Daerah 33 Kota/Kabupaten SAROLANGUN Provinsi JAMBI,POINT(102.1915826423308 -2.61720089756758),Alex White Robinson,931888/261242/136513,8010910081672,indah-bahagia-toko-tenaga-sejahtera-apotek,553
Lestari Medical Prima Kimia Farma Pharma,Jl. Kucing Kecil Komplek 29 Kota/Kabupaten OGAN KOMERING ILIR Provinsi SUMATERA SELATAN,POINT(105.02576107106448 -3.2625309170234207),John White Johnson,7618105/235072/233108,7654017109887,lestari-medical-prima-kimia-farma-pharma,499
Bakti Murni Medic Bahagia Apotik Medika,Jl. Durian Pintar Komplek 2 Kota/Kabupaten SIJUNJUNG Provinsi SUMATERA BARAT,POINT(100.93238390919645 -0.7452107165419193),Emily Martinez Jackson,183366/2323410/539686,103829010250,bakti-murni-medic-bahagia-apotik-medika,20
Surya Bumi Mawar Lestari Pharma Medik,Jl. Kebun Indah Blok 13 Kota/Kabupaten MAHAKAM ULU Provinsi KALIMANTAN TIMUR,POINT(115.20133382898382 0.0878917963890746),Allison Lewis Martinez,104741/10103212/804350,738004308817,surya-bumi-mawar-lestari-pharma-medik,280
Obat Sentorsa Bahagia Surya Bersama Medika,Jl. Gajah Cepat Komplek 30 Kota/Kabupaten MAMBERAMO RAYA Provinsi PAPUA,POINT(138.30287460638164 -2.780434592482191),Katie Williams Taylor,128487/1076002/2500103,800837227106,obat-sentorsa-bahagia-surya-bersama-medika,511
Nusantara Bintang Terang Mawar Pharma Farma,Jl. Tembok Besar Cluster 12 Kota/Kabupaten MELAWI Provinsi KALIMANTAN BARAT,POINT(111.91078526902209 -0.729801623820574),Lauren Thomas Davis,217672/397206/843962,401119308310,nusantara-bintang-terang-mawar-pharma-farma,190
Berkah Terang Murni Bahagia Jaya Farma,Jl. Balai Pintar Daerah 66 Kota/Kabupaten JAYAPURA Provinsi PAPUA,POINT(139.97147694289993 -2.933870880277613),Chris White Moore,981944/4104925/4103588,564088661098,berkah-terang-murni-bahagia-jaya-farma,802
Obat Nusantara Tenaga Mawar Pharm Sejahtera,Jl. Mangga Sejahtera Daerah 51 Kota/Kabupaten SIGI Provinsi SULAWESI TENGAH,POINT(119.85138475910608 -1.4296779493534777),Emily Adams Jackson,103910101/1721027/1023282,10381016342180,obat-nusantara-tenaga-mawar-pharm-sejahtera,649
Medical Farmasi Resep Sehat Sejahtera Bersama,Jl. Kucing Pendek Komplek 38 Kota/Kabupaten SIAK Provinsi RIAU,POINT(101.79807668825096 1.059759730928482),Jessica Martinez Martinez,1910104/687426/231693,2102102317849,medical-farmasi-resep-sehat-sejahtera-bersama,156
Nusantara Makmur Sehat Kimia Apotek Farma,Jl. Ikan Pintar Komplek 44 Kota/Kabupaten ACEH BESAR Provinsi ACEH,POINT(95.41317143287154 5.555436828138683),Ashley Brown Jackson,1070175/8100922/618333,916080865589,nusantara-makmur-sehat-kimia-apotek-farma,171
Tubuh Harmoni Bintang Nusantara Medik Pharma,Jl. Gedung Cepat Cluster 9 Kota/Kabupaten NIAS Provinsi SUMATERA UTARA,POINT(97.78382526144736 0.9343431391021912),Michael Taylor Harris,1171100/8102856/739176,1038710976889,tubuh-harmoni-bintang-nusantara-medik-pharma,663
Tenaga Prima Indah Toko Medika Sejahtera,Jl. Pisang Tinggi Wilayah 23 Kota/Kabupaten GRESIK Provinsi JAWA TIMUR,POINT(112.60077079547123 -7.9994338486065235),Matt Roberts White,212092/622400/743528,72780812810010,tenaga-prima-indah-toko-medika-sejahtera,927
Tenaga Kimia Prima Toko Bersama Apotik,Jl. Duku Jenius Daerah 52 Kota/Kabupaten KOTA PALOPO Provinsi SULAWESI SELATAN,POINT(120.16670195169802 -2.971323099657432),Rachel Johnson Brown,7475101/921694/1037437,7901111062881,tenaga-kimia-prima-toko-bersama-apotik,133
Apotik Resep Prima Sehat Pharm Bersama,Jl. Mangga Cerdas Daerah 44 Kota/Kabupaten ROKAN HILIR Provinsi RIAU,POINT(100.742859807022 1.268555268673543),Alex Roberts Miller,8178410/298528/892933,10545108163017,apotik-resep-prima-sehat-pharm-bersama,50
Indah Surya Bakti Sehat Sehat Jaya,Jl. Kebun Cermat Komplek 7 Kota/Kabupaten BATANG Provinsi JAWA TENGAH,POINT(109.83362110157016 -6.916426441225545),Steve Martinez Brown,2101531/629558/923291,8014381088710,indah-surya-bakti-sehat-sehat-jaya,404
Mawar Sentorsa Murni Mutiara Pharma Sehat,Jl. Kota Indah Daerah 76 Kota/Kabupaten JEMBER Provinsi JAWA TIMUR,POINT(113.71363066535208 -8.140513224017397),Lauren Hill Williams,160016/6210103/365473,878901121004,mawar-sentorsa-murni-mutiara-pharma-sehat,73
Prima Sentorsa Murni Sejahtera Medik Pharm,Jl. Kota Besar Blok 67 Kota/Kabupaten SAMBAS Provinsi KALIMANTAN BARAT,POINT(109.12732174922655 1.4804718885609631),Tom Williams Brown,10431710/5102382/1063353,480880395511,prima-sentorsa-murni-sejahtera-medik-pharm,73
Resep Cemerlang Sehat Indah Sejahtera Medika,Jl. Gedung Pintar Blok 45 Kota/Kabupaten KETAPANG Provinsi KALIMANTAN BARAT,POINT(110.98275108454044 -2.456615371571443),Katie Williams Anderson,705158/825550/663990,68486111101030,resep-cemerlang-sehat-indah-sejahtera-medika,547
Toko Berkah Jaya Jaya Medik Farma,Jl. Balai Cepat Cluster 29 Kota/Kabupaten MAMBERAMO RAYA Provinsi PAPUA,POINT(137.89323833363264 -2.310018242074168),Mark Williams Martinez,410411/845512/1039805,420575501689,toko-berkah-jaya-jaya-medik-farma,88
Prima Jaya Makmur Indah Sejahtera Farma,Jl. Apel Cepat Daerah 77 Kota/Kabupaten BANGKA BARAT Provinsi KEPULAUAN BANGKA BELITUNG,POINT(105.42701295234816 -1.9864885260112608),David White Smith,7210261/9510572/3357101,6589940716102,prima-jaya-makmur-indah-sejahtera-farma,89
Mutiara Surya Makmur Bumi Apotik Jaya,Jl. Balai Cepat Blok 14 Kota/Kabupaten KOTA TIDORE KEPULAUAN Provinsi MALUKU UTARA,POINT(127.70676241886665 0.4336599705971942),Allison Taylor Smith,278431/230202/165431,5658021351081,mutiara-surya-makmur-bumi-apotik-jaya,949
Mawar Bahagia Badan Medic Apotik Farma,Jl. Duku Indah Blok 78 Kota/Kabupaten HALMAHERA SELATAN Provinsi MALUKU UTARA,POINT(127.97432619159962 -0.3281323597647958),Ashley Jones Anderson,742125/4362108/643596,1042446168810,mawar-bahagia-badan-medic-apotik-farma,171
Resep Nusantara Kimia Apotik Pharma Apotek,Jl. Tembok Sejahtera Cluster 92 Kota/Kabupaten KOLAKA TIMUR Provinsi SULAWESI TENGGARA,POINT(121.50428881351765 -3.542014910278077),David Smith Jackson,352691/2401051/188563,7878461100168,resep-nusantara-kimia-apotik-pharma-apotek,790
Murni Makmur Indah Obat Apotek Sejahtera,Jl. Sirih Sari Cluster 94 Kota/Kabupaten KOTA MATARAM Provinsi NUSA TENGGARA BARAT,POINT(116.1464981049742 -8.574615474233351),Michael Lewis Martin,118902/342002/138650,1031856067710,murni-makmur-indah-obat-apotek-sejahtera,218
Bumi Bakti Resep Bintang Jaya Bersama,Jl. Anjing Kecil Blok 3 Kota/Kabupaten TAMBRAUW Provinsi PAPUA BARAT,POINT(132.87467604254306 -0.5929348832626218),Michael Carter Wilson,1028114/763692/443286,9624875102510,bumi-bakti-resep-bintang-jaya-bersama,90
Mawar Bintang Jaya Obat Apotek Apotik,Jl. Kebun Cepat Komplek 83 Kota/Kabupaten MURUNG RAYA Provinsi KALIMANTAN TENGAH,POINT(113.871381161575 0.3695874535564822),Mark Brown Jones,4565101/247232/10331075,665410856140,mawar-bintang-jaya-obat-apotek-apotik,143
Amanah Toko Harmoni Resep Bersama Sejahtera,Jl. Anjing Sejahtera Blok 51 Kota/Kabupaten MALINAU Provinsi KALIMANTAN UTARA,POINT(116.30931267806685 3.272127081321853),Lauren Smith Smith,8100831/437332/1008736,2710688101233,amanah-toko-harmoni-resep-bersama-sejahtera,657
Toko Amanah Jaya Bahagia Sehat Sejahtera,Jl. Kebun Indah Wilayah 66 Kota/Kabupaten MALINAU Provinsi KALIMANTAN UTARA,POINT(115.39055138068984 1.3893565004405808),Michael Nelson Brown,103949/134925/3910136,2451002148710,toko-amanah-jaya-bahagia-sehat-sejahtera,86
Tubuh Indah Jaya Prima Pharm Medik,Jl. Anjing Kecil Wilayah 32 Kota/Kabupaten KAMPAR Provinsi RIAU,POINT(101.08904169419166 -0.2418992130946069),Mark Parker White,261999/1021230/673397,716587007086,tubuh-indah-jaya-prima-pharm-medik,430
Apotik Sehat Resep Medic Pharm Medika,Jl. Durian Cermat Wilayah 44 Kota/Kabupaten HALMAHERA TIMUR Provinsi MALUKU UTARA,POINT(128.49538533907418 1.1884139216042475),Chris Nelson Harris,1092113/717632/922372,3251110826018,apotik-sehat-resep-medic-pharm-medika,259
Bumi Sentorsa Makmur Farmasi Medik Farma,Jl. Kuda Cermat Komplek 1 Kota/Kabupaten SINTANG Provinsi KALIMANTAN BARAT,POINT(112.57607448179046 -0.2949150025923401),Megan Harris Taylor,319017/5610206/327679,841263917608,bumi-sentorsa-makmur-farmasi-medik-farma,142
Apotik Terang Badan Mutiara Medik Sejahtera,Jl. Balai Tinggi Daerah 52 Kota/Kabupaten MAMBERAMO RAYA Provinsi PAPUA,POINT(138.0998203430765 -1.8576495383829723),Brittany Clark Robinson,451171/216908/10310598,584107811676,apotik-terang-badan-mutiara-medik-sejahtera,228
Lestari Tenaga Bumi Obat Medik Apotek,Jl. Sirih Besar Komplek 73 Kota/Kabupaten HALMAHERA SELATAN Provinsi MALUKU UTARA,POINT(127.73506227846532 -1.611148795342176),Sarah Adams Wilson,150115/871271/3107132,108810121060107,lestari-tenaga-bumi-obat-medik-apotek,408
Mawar Lestari Sentorsa Jaya Jaya Apotek,Jl. Pisang Besar Cluster 20 Kota/Kabupaten MEMPAWAH Provinsi KALIMANTAN BARAT,POINT(109.12487940124896 0.2987498526187728),Alex Thomas Harris,539108/538227/2104327,1961578210990,mawar-lestari-sentorsa-jaya-jaya-apotek,96
Resep Cemerlang Obat Mawar Sejahtera Sejahtera,Jl. Pisang Besar Cluster 97 Kota/Kabupaten BENGKALIS Provinsi RIAU,POINT(101.20418584119066 1.1603177278536183),Ashley Anderson Smith,4100911/563270/1036383,9910990584610,resep-cemerlang-obat-mawar-sejahtera-sejahtera,46
Surya Jaya Jaya Berkah Apotik Farma,Jl. Mangga Sari Cluster 73 Kota/Kabupaten SIAK Provinsi RIAU,POINT(102.09224375229468 0.730348698474792),Lauren Martinez Moore,9161082/10283109/262350,683512985109,surya-jaya-jaya-berkah-apotik-farma,355
Tubuh Prima Nusantara Lestari Bersama Apotek,Jl. Tembok Cermat Cluster 79 Kota/Kabupaten BANYUASIN Provinsi SUMATERA SELATAN,POINT(104.74022803333118 -2.8361159912598985),Brittany Thomas Williams,4131019/547620/283086,105495852309,tubuh-prima-nusantara-lestari-bersama-apotek,228
Obat Jaya Tenaga Berkah Bersama Pharm,Jl. Ikan Sejahtera Komplek 99 Kota/Kabupaten SORONG SELATAN Provinsi PAPUA BARAT,POINT(131.90511869555553 -1.566336266583802),John Martinez Williams,834617/237392/886893,1101879310565,obat-jaya-tenaga-berkah-bersama-pharm,133
Jaya Farmasi Obat Jaya Pharm Apotik,Jl. Kebun Besar Blok 36 Kota/Kabupaten PADANG LAWAS Provinsi SUMATERA UTARA,POINT(99.5915594140205 1.1911112698124366),Jessica Jackson Thomas,7710751/256996/296367,119502884082,jaya-farmasi-obat-jaya-pharm-apotik,554
Mawar Jaya Sentorsa Mutiara Medika Pharm,Jl. Sirih Jenius Cluster 58 Kota/Kabupaten KAPUAS HULU Provinsi KALIMANTAN BARAT,POINT(111.75491252500494 0.9170875050815096),Michael Martinez Taylor,8107108/488623/6831035,2431080907510,mawar-jaya-sentorsa-mutiara-medika-pharm,217
Surya Surya Nusantara Farmasi Apotik Pharm,Jl. Durian Kecil Wilayah 85 Kota/Kabupaten MANGGARAI BARAT Provinsi NUSA TENGGARA TIMUR,POINT(120.27771771790503 -8.745495610660436),Steve Lewis Harris,311942/2981033/7341095,8100368541021,surya-surya-nusantara-farmasi-apotik-pharm,179
Prima Nusantara Mawar Harmoni Medika Apotik,Jl. Pisang Sari Cluster 6 Kota/Kabupaten REMBANG Provinsi JAWA TENGAH,POINT(111.47506081173132 -6.71690360685194),Megan Williams Martin,282015/310402/975173,90859510471018,prima-nusantara-mawar-harmoni-medika-apotik,968
Sehat Bahagia Toko Jaya Apotek Sejahtera,Jl. Gedung Jenius Cluster 44 Kota/Kabupaten MUSI BANYUASIN Provinsi SUMATERA SELATAN,POINT(104.08493121823363 -2.917125293659053),Tom Jones Brown,145161/222094/538295,638519804010,sehat-bahagia-toko-jaya-apotek-sejahtera,766
Sejahtera Apotik Medical Terang Medika Sejahtera,Jl. Balai Cerah Daerah 83 Kota/Kabupaten PELALAWAN Provinsi RIAU,POINT(101.61897470961688 0.4305138143522704),Rachel Taylor Harris,616006/667192/223835,540063138398,sejahtera-apotik-medical-terang-medika-sejahtera,629
Murni Prima Bumi Harmoni Sejahtera Medik,Jl. Durian Kecil Cluster 99 Kota/Kabupaten KUTAI TIMUR Provinsi KALIMANTAN TIMUR,POINT(117.10972039796096 1.1379193751326593),Jessica Williams Garcia,699162/203902/6873106,9840880801013,murni-prima-bumi-harmoni-sejahtera-medik,106
Medic Farmasi Obat Sehat Apotek Pharma,Jl. Gunung Pendek Wilayah 67 Kota/Kabupaten KATINGAN Provinsi KALIMANTAN TENGAH,POINT(113.10930685839844 -1.2363774315450993),Michael Nelson Johnson,951855/1010227/780347,51031094180110,medic-farmasi-obat-sehat-apotek-pharma,75
Badan Surya Bakti Bintang Pharma Medik,Jl. Gunung Indah Daerah 15 Kota/Kabupaten TELUK BINTUNI Provinsi PAPUA BARAT,POINT(133.37309885477958 -1.5172320019901626),Lauren Williams White,218090/2271040/398620,1011904215782,badan-surya-bakti-bintang-pharma-medik,131
Jaya Bintang Mutiara Prima Bersama Pharma,Jl. Apel Cerdas Blok 82 Kota/Kabupaten MURUNG RAYA Provinsi KALIMANTAN TENGAH,POINT(114.37495088692124 -0.8120546264055957),Sarah Nelson Martin,415276/646062/315828,9810210163780,jaya-bintang-mutiara-prima-bersama-pharma,421
Apotik Medic Badan Mutiara Bersama Medika,Jl. Duku Sari Cluster 4 Kota/Kabupaten KAPUAS Provinsi KALIMANTAN TENGAH,POINT(114.43965291535336 -2.4958794465545324),Steve Hill Garcia,7417107/2845110/522235,497900098019,apotik-medic-badan-mutiara-bersama-medika,702
Toko Mutiara Bakti Bintang Farma Pharm,Jl. Durian Tinggi Blok 100 Kota/Kabupaten MINAHASA Provinsi SULAWESI UTARA,POINT(124.76624237106869 1.253118664416112),Allison Adams Jones,7910104/423920/24101034,5981056101066,toko-mutiara-bakti-bintang-farma-pharm,461
Surya Apotik Cemerlang Murni Apotek Sejahtera,Jl. Sawah Cerdas Wilayah 67 Kota/Kabupaten LABUHANBATU Provinsi SUMATERA UTARA,POINT(100.2762879270285 2.502270369768981),Alex Smith Brown,9146101/1009225/238533,1341302781110,surya-apotik-cemerlang-murni-apotek-sejahtera,166
Nusantara Prima Bintang Sehat Pharm Sejahtera,Jl. Kebun Kecil Blok 25 Kota/Kabupaten BANYUASIN Provinsi SUMATERA SELATAN,POINT(105.1579190742838 -2.4759490057171547),Megan Brown White,31410102/420380/628833,8584602610851,nusantara-prima-bintang-sehat-pharm-sejahtera,777
Terang Medic Berkah Sejahtera Pharm Sehat,Jl. Kebun Kecil Wilayah 35 Kota/Kabupaten PEGUNUNGAN BINTANG Provinsi PAPUA,POINT(140.96376068083853 -4.813151422505079),Mark Martinez Smith,507714/922212/3009610,308503731348,terang-medic-berkah-sejahtera-pharm-sehat,744
Amanah Badan Prima Sehat Sehat Farma,Jl. Durian Sejahtera Blok 67 Kota/Kabupaten BENGKAYANG Provinsi KALIMANTAN BARAT,POINT(109.61125908740412 1.2023743587326088),Katie Adams Harris,783173/2942102/815535,6810590210105101,amanah-badan-prima-sehat-sehat-farma,28
Terang Jaya Sejahtera Medical Sejahtera Medik,Jl. Anjing Cermat Komplek 48 Kota/Kabupaten PASER Provinsi KALIMANTAN TIMUR,POINT(115.92784373851572 -1.8269594982891508),Steve Taylor Moore,488119/5627102/7310352,60056110808310,terang-jaya-sejahtera-medical-sejahtera-medik,463
Bumi Nusantara Surya Medic Farma Medik,Jl. Apel Sari Wilayah 24 Kota/Kabupaten MALINAU Provinsi KALIMANTAN UTARA,POINT(115.22333428261722 1.7725311514717514),David Roberts Martinez,1083138/237995/205032,9270210818153,bumi-nusantara-surya-medic-farma-medik,458
Sehat Apotik Prima Terang Apotik Medik,Jl. Apel Indah Komplek 72 Kota/Kabupaten MUSI BANYUASIN Provinsi SUMATERA SELATAN,POINT(103.91145410744656 -1.8444993434043688),Allison Martinez Miller,4910015/197229/738103,3118618108570,sehat-apotik-prima-terang-apotik-medik,355
Berkah Makmur Sentorsa Nusantara Apotik Bersama,Jl. Gunung Sejahtera Wilayah 19 Kota/Kabupaten MAPPI Provinsi PAPUA,POINT(139.01411587050734 -7.102384052404629),Jason Jackson Thompson,1100344/532927/273420,1010237698251,berkah-makmur-sentorsa-nusantara-apotik-bersama,549
Medic Obat Bintang Prima Sejahtera Apotik,Jl. Ikan Tinggi Daerah 48 Kota/Kabupaten SINTANG Provinsi KALIMANTAN BARAT,POINT(112.04986024850488 -0.0794589685062412),Lauren Clark Moore,120468/627967/557371,804570784814,medic-obat-bintang-prima-sejahtera-apotik,869
Makmur Amanah Mutiara Obat Pharm Sehat,Jl. Kebun Cermat Daerah 94 Kota/Kabupaten MALUKU BARAT DAYA Provinsi MALUKU,POINT(126.3141823822028 -7.725245877696683),Katie White Johnson,361421/52310104/223980,681900245899,makmur-amanah-mutiara-obat-pharm-sehat,726
Indah Apotik Resep Lestari Medik Farma,Jl. Sirih Tinggi Komplek 93 Kota/Kabupaten CILACAP Provinsi JAWA TENGAH,POINT(108.60198862319012 -7.202737892288974),Michael Taylor Anderson,11061510/186132/7563103,102104838010102,indah-apotik-resep-lestari-medik-farma,637
Cemerlang Prima Resep Bahagia Medik Medika,Jl. Anjing Sari Daerah 47 Kota/Kabupaten BANDUNG BARAT Provinsi JAWA BARAT,POINT(107.28244207288776 -6.976645238478199),Brittany Hill Jackson,169066/1431002/3336105,1071034893990,cemerlang-prima-resep-bahagia-medik-medika,107
Apotik Indah Toko Surya Pharma Jaya,Jl. Rambutan Pintar Blok 14 Kota/Kabupaten NAGEKEO Provinsi NUSA TENGGARA TIMUR,POINT(121.33658731919677 -8.783178658746037),Mark Adams Jones,1105125/787213/683858,5180281040731,apotik-indah-toko-surya-pharma-jaya,408
Tubuh Resep Toko Jaya Jaya Medika,Jl. Tembok Cepat Blok 55 Kota/Kabupaten KAPUAS HULU Provinsi KALIMANTAN BARAT,POINT(112.26579634171492 1.4328973584912212),Allison Parker Brown,126157/868812/640436,1093999982210,tubuh-resep-toko-jaya-jaya-medika,567
Bahagia Amanah Kimia Terang Medik Apotik,Jl. Mangga Cerdas Wilayah 57 Kota/Kabupaten MUARO JAMBI Provinsi JAMBI,POINT(103.41481653586236 -1.6318956102764286),Chris Adams Johnson,916303/428282/104339,51681481010750,bahagia-amanah-kimia-terang-medik-apotik,546
Sehat Farmasi Bakti Cemerlang Apotek Farma,Jl. Gedung Jenius Daerah 71 Kota/Kabupaten OGAN KOMERING ILIR Provinsi SUMATERA SELATAN,POINT(106.0891476869372 -3.239236589579275),Emily Smith Taylor,118826/122861/45810310,941487167033,sehat-farmasi-bakti-cemerlang-apotek-farma,66
Nusantara Bahagia Berkah Medical Farma Medika,Jl. Kucing Tinggi Cluster 18 Kota/Kabupaten MALUKU TENGAH Provinsi MALUKU,POINT(128.81116274835085 -2.939883546115817),Jason Anderson Taylor,101840/6104236/749307,180560478960,nusantara-bahagia-berkah-medical-farma-medika,695
Surya Sejahtera Prima Cemerlang Medik Sejahtera,Jl. Kucing Cermat Komplek 82 Kota/Kabupaten MAPPI Provinsi PAPUA,POINT(139.8840258350785 -6.78463397303122),Matt Anderson Brown,1061155/628925/10108043,931803868888,surya-sejahtera-prima-cemerlang-medik-sejahtera,735
Lestari Kimia Tubuh Badan Farma Apotek,Jl. Kucing Sejahtera Blok 47 Kota/Kabupaten KEEROM Provinsi PAPUA,POINT(140.3960205467037 -2.790864707218047),Tom Carter Wilson,200314/291742/4741030,30698168321010,lestari-kimia-tubuh-badan-farma-apotek,306
Toko Nusantara Mawar Cemerlang Sejahtera Apotik,Jl. Gunung Pintar Wilayah 78 Kota/Kabupaten SUKABUMI Provinsi JAWA BARAT,POINT(106.5596751924981 -7.111238585465141),Megan Carter Martin,561566/8247109/801483,816358880900,toko-nusantara-mawar-cemerlang-sejahtera-apotik,519
Amanah Prima Tubuh Nusantara Apotik Bersama,Jl. Anjing Cermat Cluster 24 Kota/Kabupaten BENGKULU SELATAN Provinsi BENGKULU,POINT(102.8256198343644 -4.376549220497049),Jason Harris Miller,632311/102102910/3671071,1817033109774,amanah-prima-tubuh-nusantara-apotik-bersama,914
Medical Surya Medic Sentorsa Jaya Sejahtera,Jl. Durian Cerah Daerah 83 Kota/Kabupaten HALMAHERA TIMUR Provinsi MALUKU UTARA,POINT(128.42175462494257 0.9491582659269096),Megan Parker Jones,167437/72410103/754396,8412911000156,medical-surya-medic-sentorsa-jaya-sejahtera,53
Sehat Lestari Indah Jaya Apotek Apotik,Jl. Gajah Cermat Blok 92 Kota/Kabupaten MALUKU TENGAH Provinsi MALUKU,POINT(128.50075516264835 -3.5985130497407587),Michael Harris Brown,441114/2089110/4371033,354319084517,sehat-lestari-indah-jaya-apotek-apotik,365
Berkah Apotik Resep Terang Sejahtera Medik,Jl. Gunung Cermat Blok 93 Kota/Kabupaten LUWU UTARA Provinsi SULAWESI SELATAN,POINT(120.39504199289428 -2.851252389078091),Rachel Clark Jackson,914921/10256210/374367,217114100108102,berkah-apotik-resep-terang-sejahtera-medik,492
Bumi Murni Harmoni Badan Pharma Apotek,Jl. Sirih Pendek Cluster 76 Kota/Kabupaten SINTANG Provinsi KALIMANTAN BARAT,POINT(111.401228248489 0.6460499736377106),Jessica Clark Jones,551358/2102743/549303,859419606928,bumi-murni-harmoni-badan-pharma-apotek,311
Makmur Apotik Prima Lestari Pharma Medika,Jl. Mangga Cermat Daerah 67 Kota/Kabupaten GORONTALO Provinsi GORONTALO,POINT(122.69190724015652 0.7006464287585015),Alex Johnson Martin,739991/54101062/819302,811445601096,makmur-apotik-prima-lestari-pharma-medika,324
Farmasi Murni Surya Sehat Sejahtera Pharma,Jl. Jeruk Kecil Wilayah 76 Kota/Kabupaten LOMBOK TENGAH Provinsi NUSA TENGGARA BARAT,POINT(116.33399832893484 -8.898417503760202),David Smith Martinez,897515/1028497/264132,871956714084,farmasi-murni-surya-sehat-sejahtera-pharma,497
Medical Amanah Apotik Jaya Pharma Medika,Jl. Anjing Sejahtera Blok 6 Kota/Kabupaten LAMANDAU Provinsi KALIMANTAN TENGAH,POINT(111.2696523054272 -1.6848173231512025),Ashley Johnson Taylor,316137/1038928/3870104,103100128086107,medical-amanah-apotik-jaya-pharma-medika,588
Bumi Sejahtera Harmoni Surya Apotek Sejahtera,Jl. Kucing Kecil Blok 70 Kota/Kabupaten KUTAI KARTANEGARA Provinsi KALIMANTAN TIMUR,POINT(116.38074375249792 -0.1688776491676442),Rachel Parker Jones,10101028/327717/7310739,31008410888106,bumi-sejahtera-harmoni-surya-apotek-sejahtera,521
Sentorsa Kimia Jaya Resep Pharma Jaya,Jl. Balai Indah Cluster 94 Kota/Kabupaten KUTAI KARTANEGARA Provinsi KALIMANTAN TIMUR,POINT(116.1461637497909 -0.1992134800228129),Ashley Carter Robinson,313071/222566/855346,809109831113,sentorsa-kimia-jaya-resep-pharma-jaya,545
Bumi Tubuh Jaya Resep Apotek Pharm,Jl. Pisang Cerah Komplek 92 Kota/Kabupaten WAY KANAN Provinsi LAMPUNG,POINT(104.65770409337152 -4.448202233639765),Rachel Taylor Taylor,195297/933025/795423,8604810019345,bumi-tubuh-jaya-resep-apotek-pharm,182
Makmur Resep Kimia Toko Apotik Sehat,Jl. Kucing Pendek Komplek 47 Kota/Kabupaten MUARA ENIM Provinsi SUMATERA SELATAN,POINT(103.8827444442361 -3.586765788731503),Jason Parker Johnson,420612/462256/1013238,187102076919,makmur-resep-kimia-toko-apotik-sehat,213
Makmur Nusantara Prima Sentorsa Apotek Medik,Jl. Tembok Pendek Cluster 81 Kota/Kabupaten KAIMANA Provinsi PAPUA BARAT,POINT(134.2121516222442 -3.5246861179316777),Steve Brown Wilson,212403/92108410/202357,102222058914,makmur-nusantara-prima-sentorsa-apotek-medik,458
Bakti Mutiara Bintang Murni Sehat Sejahtera,Jl. Balai Cerah Blok 26 Kota/Kabupaten SINTANG Provinsi KALIMANTAN BARAT,POINT(113.06534025517368 -0.0888052974745523),Mark Nelson Thompson,376213/6412310/330586,83141061015107,bakti-mutiara-bintang-murni-sehat-sejahtera,368
Jaya Mutiara Cemerlang Jaya Farma Medik,Jl. Duku Cerah Wilayah 67 Kota/Kabupaten BIAK NUMFOR Provinsi PAPUA,POINT(135.9390379747261 -0.9840208216353936),Katie Parker Wilson,119654/344289/237037,10855421061101,jaya-mutiara-cemerlang-jaya-farma-medik,140
Toko Terang Bakti Berkah Farma Pharma,Jl. Duku Sejahtera Blok 100 Kota/Kabupaten SERAM BAGIAN TIMUR Provinsi MALUKU,POINT(130.30598923786502 -3.470203389392849),Megan White Miller,469261/240200/4710329,9830891251039,toko-terang-bakti-berkah-farma-pharma,672
Kimia Cemerlang Badan Jaya Medik Farma,Jl. Anjing Pintar Wilayah 76 Kota/Kabupaten SIAK Provinsi RIAU,POINT(101.01787041300068 1.1455535038245408),John Thomas Jones,711673/352254/511398,3255832601010,kimia-cemerlang-badan-jaya-medik-farma,583
Prima Harmoni Tubuh Resep Pharma Medika,Jl. Anjing Pendek Wilayah 42 Kota/Kabupaten BOMBANA Provinsi SULAWESI TENGGARA,POINT(121.95876754208643 -5.313298517366269),Brittany Nelson Moore,931077/11053210/830742,20610491076381,prima-harmoni-tubuh-resep-pharma-medika,748
Bumi Cemerlang Bakti Resep Apotik Apotek,Jl. Mangga Indah Cluster 3 Kota/Kabupaten TELUK BINTUNI Provinsi PAPUA BARAT,POINT(133.45142165825268 -1.577175159782346),Steve Nelson Johnson,3270101/1000233/10103672,5101084094717,bumi-cemerlang-bakti-resep-apotik-apotek,37
Medical Tenaga Prima Bahagia Bersama Sejahtera,Jl. Sawah Tinggi Wilayah 57 Kota/Kabupaten MAHAKAM ULU Provinsi KALIMANTAN TIMUR,POINT(115.04706556004716 -0.084179996466684),Allison Brown White,1193810/762244/870343,1109087146115,medical-tenaga-prima-bahagia-bersama-sejahtera,47
Prima Amanah Obat Bintang Farma Pharm,Jl. Kebun Pendek Daerah 22 Kota/Kabupaten PELALAWAN Provinsi RIAU,POINT(102.33179543395472 0.5000563498087054),Tom Johnson Jackson,1076511/91028103/1030912,851287700130,prima-amanah-obat-bintang-farma-pharm,124
Makmur Mawar Amanah Berkah Sejahtera Farma,Jl. Kota Besar Wilayah 32 Kota/Kabupaten MUSI BANYUASIN Provinsi SUMATERA SELATAN,POINT(104.02963016373712 -1.9519801417706173),Lauren Hill Johnson,491409/214538/51031107,4192201310810,makmur-mawar-amanah-berkah-sejahtera-farma,858
Farmasi Medic Tubuh Jaya Sejahtera Pharm,Jl. Gedung Pintar Daerah 63 Kota/Kabupaten OGAN KOMERING ILIR Provinsi SUMATERA SELATAN,POINT(105.31871862633238 -2.611612996547977),Michael Clark Thompson,4540101/8822100/290030,8350010815107,farmasi-medic-tubuh-jaya-sejahtera-pharm,55
Nusantara Medic Surya Tenaga Medik Farma,Jl. Sirih Cerdas Cluster 3 Kota/Kabupaten LUWU TIMUR Provinsi SULAWESI SELATAN,POINT(120.89512576477908 -2.388507202671853),Allison Carter Jackson,912051/2307108/801367,30817107101624,nusantara-medic-surya-tenaga-medik-farma,281
Sentorsa Medical Murni Nusantara Pharm Farma,Jl. Sirih Pintar Blok 84 Kota/Kabupaten MAPPI Provinsi PAPUA,POINT(139.19613725985636 -6.558648713093259),Allison Lewis Moore,115856/150286/936753,3824701055174,sentorsa-medical-murni-nusantara-pharm-farma,968
Mawar Badan Cemerlang Harmoni Medika Apotik,Jl. Apel Kecil Blok 20 Kota/Kabupaten BATANGHARI Provinsi JAMBI,POINT(102.81217256140832 -1.6706586271793924),Allison Martinez Jackson,4120104/6267710/531010105,2109825101101,mawar-badan-cemerlang-harmoni-medika-apotik,340
Prima Nusantara Sejahtera Berkah Sejahtera Jaya,Jl. Rambutan Pendek Blok 66 Kota/Kabupaten RAJA AMPAT Provinsi PAPUA BARAT,POINT(130.18246449390176 -2.032667400804833),Allison White Johnson,4110954/776212/213104,581456929084,prima-nusantara-sejahtera-berkah-sejahtera-jaya,654
Nusantara Kimia Berkah Surya Bersama Medik,Jl. Gunung Cerah Blok 88 Kota/Kabupaten ACEH TIMUR Provinsi ACEH,POINT(97.51094239734226 5.195701121665339),Brittany Roberts Smith,1331040/120628/6105345,211888607695,nusantara-kimia-berkah-surya-bersama-medik,164
Prima Medical Sentorsa Mutiara Medika Sejahtera,Jl. Rambutan Cerah Blok 92 Kota/Kabupaten BARITO SELATAN Provinsi KALIMANTAN TENGAH,POINT(114.80984920050685 -1.647021385290369),Emily Clark Davis,9215110/142712/314636,14682075610105,prima-medical-sentorsa-mutiara-medika-sejahtera,724
Mutiara Medical Amanah Berkah Sehat Medika,Jl. Tembok Cerah Blok 39 Kota/Kabupaten FAKFAK Provinsi PAPUA BARAT,POINT(133.2094941424442 -3.1207147844578964),John Carter Taylor,711116/263560/1018337,504789103561,mutiara-medical-amanah-berkah-sehat-medika,548
Tenaga Harmoni Makmur Jaya Sejahtera Pharma,Jl. Kota Jenius Cluster 21 Kota/Kabupaten MALINAU Provinsi KALIMANTAN UTARA,POINT(114.58517464619268 1.4097034815791627),Lauren Smith Martinez,717194/6102351/811034,58101101028593,tenaga-harmoni-makmur-jaya-sejahtera-pharma,931
Bintang Tubuh Kimia Jaya Apotek Medik,Jl. Kuda Cerah Blok 95 Kota/Kabupaten BANJAR Provinsi KALIMANTAN SELATAN,POINT(114.97283391001076 -3.5151280837137984),Mark Parker Smith,5301015/652296/834088,18657108601050,bintang-tubuh-kimia-jaya-apotek-medik,343
Lestari Nusantara Jaya Bakti Bersama Pharma,Jl. Kebun Pendek Cluster 43 Kota/Kabupaten WAROPEN Provinsi PAPUA,POINT(136.8513182254526 -2.427956170388624),Megan Harris Smith,1740010/326525/3210275,1002861581381,lestari-nusantara-jaya-bakti-bersama-pharma,108
Nusantara Indah Berkah Mawar Medik Medika,Jl. Kota Jenius Wilayah 83 Kota/Kabupaten MALUKU TENGAH Provinsi MALUKU,POINT(128.97822138692882 -3.045599396792845),David Anderson Brown,118483/686729/2987103,554102285921,nusantara-indah-berkah-mawar-medik-medika,235
Medic Jaya Badan Bahagia Pharma Pharm,Jl. Kucing Cerdas Blok 45 Kota/Kabupaten BANGKA TENGAH Provinsi KEPULAUAN BANGKA BELITUNG,POINT(106.45164251959726 -2.552615795911281),Michael Parker Wilson,1002118/214364/9100436,508907998561,medic-jaya-badan-bahagia-pharma-pharm,77
Lestari Berkah Bumi Terang Bersama Apotik,Jl. Kuda Pintar Daerah 37 Kota/Kabupaten LANDAK Provinsi KALIMANTAN BARAT,POINT(110.14895001590016 0.9572531443082504),Chris Martinez Williams,508710/4910821/386313,2455310690018,lestari-berkah-bumi-terang-bersama-apotik,74
Resep Sejahtera Tubuh Farmasi Pharma Jaya,Jl. Duku Cepat Cluster 11 Kota/Kabupaten KUTAI BARAT Provinsi KALIMANTAN TIMUR,POINT(115.61781804784688 -0.4023114389325286),David Smith Thomas,553341/204375/393713,9728613831080,resep-sejahtera-tubuh-farmasi-pharma-jaya,788
Murni Makmur Prima Resep Apotik Farma,Jl. Duku Cerdas Komplek 53 Kota/Kabupaten SORONG SELATAN Provinsi PAPUA BARAT,POINT(131.882941697781 -1.3404043616944747),Mark Roberts Harris,177816/628616/739693,1078711203930,murni-makmur-prima-resep-apotik-farma,802
Nusantara Bumi Farmasi Terang Sehat Apotik,Jl. Kucing Cepat Daerah 3 Kota/Kabupaten MURUNG RAYA Provinsi KALIMANTAN TENGAH,POINT(113.3691881172156 0.2596470720054746),Jessica Nelson Wilson,1410748/3102717/9513810,3103833603081,nusantara-bumi-farmasi-terang-sehat-apotik,596
Harmoni Jaya Mutiara Medical Sejahtera Medika,Jl. Apel Sari Blok 52 Kota/Kabupaten JAYAPURA Provinsi PAPUA,POINT(140.07769848525717 -2.9299851270358204),Sarah Williams Jones,184403/2601106/348935,188081028634,harmoni-jaya-mutiara-medical-sejahtera-medika,945
Lestari Tubuh Nusantara Medic Bersama Pharm,Jl. Gajah Kecil Blok 54 Kota/Kabupaten TANAH LAUT Provinsi KALIMANTAN SELATAN,POINT(114.55223396969777 -3.5560328075686085),Katie Lewis Brown,1610631/1028244/733430,10106860118391,lestari-tubuh-nusantara-medic-bersama-pharm,233
Tenaga Bintang Mawar Makmur Medika Bersama,Jl. Duku Tinggi Cluster 61 Kota/Kabupaten KAYONG UTARA Provinsi KALIMANTAN BARAT,POINT(110.31406629680008 -1.044160201840466),Michael Jones Wilson,1363010/653182/603758,1068810368112,tenaga-bintang-mawar-makmur-medika-bersama,633
Bintang Sehat Bahagia Jaya Sejahtera Apotik,Jl. Gunung Kecil Komplek 50 Kota/Kabupaten SOPPENG Provinsi SULAWESI SELATAN,POINT(119.80906923341053 -4.118098899373958),Mark Martinez Moore,6611035/1091222/608375,881020750314,bintang-sehat-bahagia-jaya-sejahtera-apotik,362
Jaya Nusantara Harmoni Toko Apotek Pharma,Jl. Mangga Sejahtera Cluster 8 Kota/Kabupaten MERAUKE Provinsi PAPUA,POINT(138.30716379344994 -8.310484177442266),Chris Johnson Taylor,801193/8761092/973336,230851394988,jaya-nusantara-harmoni-toko-apotek-pharma,207
Amanah Tubuh Sejahtera Medical Sehat Pharm,Jl. Gunung Cerdas Blok 35 Kota/Kabupaten KETAPANG Provinsi KALIMANTAN BARAT,POINT(110.78238450737676 -2.69697644167532),Steve Roberts Thomas,7971109/5102513/10993104,4302143897100,amanah-tubuh-sejahtera-medical-sehat-pharm,654
Farmasi Terang Mutiara Murni Medika Pharm,Jl. Anjing Pintar Wilayah 75 Kota/Kabupaten WAROPEN Provinsi PAPUA,POINT(136.61682426589712 -2.7446957854558853),Allison Roberts Thomas,368169/6910725/634036,11150101084163,farmasi-terang-mutiara-murni-medika-pharm,446
Apotik Harmoni Prima Bakti Pharma Apotek,Jl. Sawah Pintar Cluster 47 Kota/Kabupaten KAMPAR Provinsi RIAU,POINT(100.8603643906501 -0.0705448466824893),Jason Lewis White,538014/282578/901013,801596158343,apotik-harmoni-prima-bakti-pharma-apotek,248
Bumi Cemerlang Prima Nusantara Bersama Medik,Jl. Jeruk Kecil Blok 32 Kota/Kabupaten MAMBERAMO RAYA Provinsi PAPUA,POINT(138.4918607574307 -3.302299242339603),Mark Taylor Wilson,9210103/724518/390781,651051430598,bumi-cemerlang-prima-nusantara-bersama-medik,168
Surya Badan Tenaga Bakti Pharma Pharm,Jl. Pisang Indah Blok 16 Kota/Kabupaten BERAU Provinsi KALIMANTAN TIMUR,POINT(116.88254010005662 1.722829151453892),Matt Roberts Harris,531506/11010527/339436,2081010316540,surya-badan-tenaga-bakti-pharma-pharm,293
Bakti Surya Badan Sehat Sehat Farma,Jl. Balai Pintar Blok 64 Kota/Kabupaten SINTANG Provinsi KALIMANTAN BARAT,POINT(112.89353175815415 -0.3629097602773505),Allison White Harris,623166/458322/629893,801484648050,bakti-surya-badan-sehat-sehat-farma,382
Makmur Apotik Amanah Jaya Sejahtera Medika,Jl. Kucing Cerah Daerah 88 Kota/Kabupaten BARITO SELATAN Provinsi KALIMANTAN TENGAH,POINT(114.73696451652772 -2.364782293135775),John Brown Taylor,741880/241302/859813,800278976105,makmur-apotik-amanah-jaya-sejahtera-medika,53
Bahagia Prima Amanah Kimia Medik Medika,Jl. Sawah Indah Daerah 45 Kota/Kabupaten TANAH DATAR Provinsi SUMATERA BARAT,POINT(100.75789363315616 -0.4929921069516503),Tom Williams Williams,197155/297941/319130,8610141810091,bahagia-prima-amanah-kimia-medik-medika,999
Mutiara Tenaga Harmoni Sentorsa Medika Sejahtera,Jl. Gunung Pintar Wilayah 62 Kota/Kabupaten PELALAWAN Provinsi RIAU,POINT(101.96462931203683 0.5231834596118397),Alex Parker Brown,951106/704285/1054136,918850155893,mutiara-tenaga-harmoni-sentorsa-medika-sejahtera,469
Murni Lestari Harmoni Bintang Bersama Pharma,Jl. Anjing Kecil Cluster 51 Kota/Kabupaten NABIRE Provinsi PAPUA,POINT(136.25889449916227 -2.8926861128746086),Steve Adams Taylor,741931/1432210/6347310,1015088560446,murni-lestari-harmoni-bintang-bersama-pharma,157
Farmasi Bakti Berkah Murni Pharma Apotik,Jl. Tembok Pendek Wilayah 32 Kota/Kabupaten TIMOR TENGAH SELATAN Provinsi NUSA TENGGARA TIMUR,POINT(124.1329135724966 -9.821068074127645),Rachel Carter Martinez,794184/3410623/3103034,769016890508,farmasi-bakti-berkah-murni-pharma-apotik,21
Surya Mutiara Apotik Indah Pharma Apotik,Jl. Tembok Pendek Cluster 32 Kota/Kabupaten BEKASI Provinsi JAWA BARAT,POINT(107.2090388504308 -6.275988164250822),Sarah Hill Jackson,748611/882927/203132,486284138210,surya-mutiara-apotik-indah-pharma-apotik,259
Lestari Toko Surya Obat Pharma Sejahtera,Jl. Pisang Cerdas Komplek 19 Kota/Kabupaten KATINGAN Provinsi KALIMANTAN TENGAH,POINT(113.12504482485858 -1.0347103034606242),Lauren White Smith,11010176/5981032/4010173,31094084291108,lestari-toko-surya-obat-pharma-sejahtera,338
Makmur Sentorsa Lestari Apotik Farma Pharma,Jl. Sirih Cerah Cluster 80 Kota/Kabupaten KEPULAUAN MENTAWAI Provinsi SUMATERA BARAT,POINT(100.38468076732497 -3.0627467242035937),Brittany Clark Garcia,605188/660204/483093,2780318011060,makmur-sentorsa-lestari-apotik-farma-pharma,467
Bumi Berkah Murni Nusantara Pharma Jaya,Jl. Sirih Indah Wilayah 73 Kota/Kabupaten CILACAP Provinsi JAWA TENGAH,POINT(108.9972944656117 -7.6771475901859425),Steve Johnson Jones,1731040/421244/1346410,8179811109407,bumi-berkah-murni-nusantara-pharma-jaya,125
Surya Indah Tenaga Medic Bersama Jaya,Jl. Durian Jenius Wilayah 4 Kota/Kabupaten BERAU Provinsi KALIMANTAN TIMUR,POINT(116.51361859288902 1.7382854474520713),Emily Jones Taylor,481812/1069622/414358,6398031810078,surya-indah-tenaga-medic-bersama-jaya,9
Apotik Murni Surya Bumi Sehat Medika,Jl. Duku Cerah Komplek 76 Kota/Kabupaten MERAUKE Provinsi PAPUA,POINT(139.11448951181788 -8.033634973839117),Rachel Taylor Moore,901505/229756/243846,7846110082601,apotik-murni-surya-bumi-sehat-medika,180
Prima Badan Mawar Surya Sehat Pharm,Jl. Rambutan Jenius Cluster 19 Kota/Kabupaten SUKABUMI Provinsi JAWA BARAT,POINT(106.6199734531508 -6.963715845892184),David Smith Taylor,506100/608921/2106138,509835417966,prima-badan-mawar-surya-sehat-pharm,408
Obat Bakti Resep Medic Apotik Sehat,Jl. Rambutan Cerah Komplek 76 Kota/Kabupaten JENEPONTO Provinsi SULAWESI SELATAN,POINT(119.80550273274793 -5.5747019641098845),Jason Anderson Brown,9102104/572072/403510,5610018027866,obat-bakti-resep-medic-apotik-sehat,23
Resep Harmoni Apotik Prima Sehat Medik,Jl. Apel Tinggi Wilayah 2 Kota/Kabupaten KOTABARU Provinsi KALIMANTAN SELATAN,POINT(116.08059153776657 -2.4380249616263345),Mark Roberts Martinez,949617/3271086/332532,9792619102880,resep-harmoni-apotik-prima-sehat-medik,105
Amanah Sejahtera Bahagia Cemerlang Medik Apotek,Jl. Anjing Pintar Blok 24 Kota/Kabupaten TELUK BINTUNI Provinsi PAPUA BARAT,POINT(133.01750800320366 -1.8043381398114864),Rachel Williams Harris,679146/613524/313959,877318103283,amanah-sejahtera-bahagia-cemerlang-medik-apotek,793
Surya Amanah Resep Tubuh Pharm Sejahtera,Jl. Jeruk Besar Komplek 28 Kota/Kabupaten LANDAK Provinsi KALIMANTAN BARAT,POINT(109.87711514691716 0.8580116785387499),Steve Jackson Johnson,2141000/3032108/1013346,818195240109,surya-amanah-resep-tubuh-pharm-sejahtera,233
Bintang Terang Jaya Mutiara Medik Sejahtera,Jl. Anjing Indah Blok 10 Kota/Kabupaten SAMPANG Provinsi JAWA TIMUR,POINT(113.7687076094462 -7.118242397546817),Lauren Lewis Johnson,6101340/530222/1103140,4881078104112,bintang-terang-jaya-mutiara-medik-sejahtera,565
Nusantara Surya Prima Apotik Farma Pharma,Jl. Gedung Sari Blok 49 Kota/Kabupaten OGAN KOMERING ULU Provinsi SUMATERA SELATAN,POINT(104.15194427664086 -4.085380270919854),Matt Anderson Jackson,235174/834872/1351069,500552311894,nusantara-surya-prima-apotik-farma-pharma,672
Bahagia Jaya Surya Bintang Bersama Farma,Jl. Tembok Cerdas Blok 6 Kota/Kabupaten LABUHANBATU SELATAN Provinsi SUMATERA UTARA,POINT(99.77291011802052 1.7670695079431251),Allison Hill Johnson,713471/10261028/183017,3123151030618,bahagia-jaya-surya-bintang-bersama-farma,363
Apotik Indah Cemerlang Kimia Sejahtera Medika,Jl. Tembok Jenius Wilayah 52 Kota/Kabupaten ACEH TIMUR Provinsi ACEH,POINT(97.46990516385264 4.589657364833863),Brittany Johnson Johnson,10650110/2869710/533990,10081851310510,apotik-indah-cemerlang-kimia-sejahtera-medika,197
Cemerlang Murni Bakti Sehat Medik Apotik,Jl. Mangga Kecil Cluster 99 Kota/Kabupaten BANGKA BARAT Provinsi KEPULAUAN BANGKA BELITUNG,POINT(105.69657051176104 -2.009049405211432),Matt Parker Martin,7110601/473532/6031008,810034458723,cemerlang-murni-bakti-sehat-medik-apotik,124
Sejahtera Resep Badan Berkah Sejahtera Sejahtera,Jl. Kota Kecil Komplek 5 Kota/Kabupaten KEPULAUAN ARU Provinsi MALUKU,POINT(134.64871413827817 -6.335501783782759),Allison Anderson Brown,314359/212060/5071034,168900506000,sejahtera-resep-badan-berkah-sejahtera-sejahtera,402
Mutiara Sentorsa Amanah Medical Sejahtera Sejahtera,Jl. Kebun Kecil Wilayah 57 Kota/Kabupaten FAKFAK Provinsi PAPUA BARAT,POINT(132.64596003561917 -2.880931217679402),Matt Carter Martinez,283103/323282/534693,1103968106715,mutiara-sentorsa-amanah-medical-sejahtera-sejahtera,532
Sentorsa Mutiara Makmur Surya Sejahtera Pharm,Jl. Mangga Pendek Komplek 20 Kota/Kabupaten ASMAT Provinsi PAPUA,POINT(139.28842884112618 -5.34347678126511),John Nelson White,19101084/9101520/8741035,801810101225,sentorsa-mutiara-makmur-surya-sejahtera-pharm,171
Bakti Toko Jaya Farmasi Medika Sejahtera,Jl. Sirih Sejahtera Daerah 50 Kota/Kabupaten NABIRE Provinsi PAPUA,POINT(136.00286933063575 -3.255045040939243),Alex Smith Wilson,430617/972063/9108339,10039961810379,bakti-toko-jaya-farmasi-medika-sejahtera,348
Amanah Bakti Makmur Apotik Sejahtera Apotik,Jl. Kucing Besar Daerah 14 Kota/Kabupaten KEPULAUAN SULA Provinsi MALUKU UTARA,POINT(125.72224731839502 -1.8552636095209376),Rachel Thomas Robinson,1355710/125298/165339,102486814917,amanah-bakti-makmur-apotik-sejahtera-apotik,497
Murni Lestari Terang Kimia Farma Medik,Jl. Anjing Sejahtera Daerah 57 Kota/Kabupaten KOLAKA UTARA Provinsi SULAWESI TENGGARA,POINT(121.18267087034155 -3.657373995361143),John Lewis White,217770/340240/391338,503871188086,murni-lestari-terang-kimia-farma-medik,325
Lestari Tenaga Bumi Apotik Sejahtera Sehat,Jl. Duku Sari Wilayah 9 Kota/Kabupaten LUMAJANG Provinsi JAWA TIMUR,POINT(113.0921641810146 -8.206956685827137),Jessica Carter Davis,71102105/3210562/643835,508001271249,lestari-tenaga-bumi-apotik-sejahtera-sehat,970
Badan Tenaga Surya Prima Apotek Jaya,Jl. Jeruk Cepat Daerah 80 Kota/Kabupaten ACEH UTARA Provinsi ACEH,POINT(97.33820020228151 5.067411688989074),Jason Thomas Jackson,225010/2210247/353915,500196292282,badan-tenaga-surya-prima-apotek-jaya,41
Mawar Prima Badan Kimia Bersama Farma,Jl. Duku Kecil Cluster 100 Kota/Kabupaten ROKAN HULU Provinsi RIAU,POINT(100.28079832083776 0.5917972591017335),Lauren Roberts Smith,81071071/2540101/347337,587505757150,mawar-prima-badan-kimia-bersama-farma,168
Murni Bumi Sentorsa Bahagia Pharm Sejahtera,Jl. Anjing Cepat Komplek 85 Kota/Kabupaten KUANTAN SINGINGI Provinsi RIAU,POINT(101.7634529661269 -0.5008594208228487),Allison Carter White,2108251/4302310/571535,1891010211405,murni-bumi-sentorsa-bahagia-pharm-sejahtera,603
Prima Bakti Sentorsa Surya Pharm Medika,Jl. Sirih Tinggi Komplek 68 Kota/Kabupaten ACEH UTARA Provinsi ACEH,POINT(97.3692371469099 4.916940287727934),Emily Parker Harris,937271/6911020/337355,1980371236510,prima-bakti-sentorsa-surya-pharm-medika,532
Lestari Tubuh Mawar Jaya Pharma Bersama,Jl. Tembok Jenius Cluster 15 Kota/Kabupaten BARITO UTARA Provinsi KALIMANTAN TENGAH,POINT(114.64417294693664 -0.966820372080308),Megan Parker Martin,4110034/106021/364469,2108710265551,lestari-tubuh-mawar-jaya-pharma-bersama,520
Bakti Mawar Surya Sentorsa Apotik Sejahtera,Jl. Apel Pintar Wilayah 82 Kota/Kabupaten KLATEN Provinsi JAWA TENGAH,POINT(110.52360271617616 -7.707382519638493),Katie White Jackson,636621/120254/803258,282804060141,bakti-mawar-surya-sentorsa-apotik-sejahtera,671
Sehat Bakti Jaya Mutiara Bersama Farma,Jl. Tembok Pintar Blok 3 Kota/Kabupaten KONAWE Provinsi SULAWESI TENGGARA,POINT(121.55602127728604 -3.1924078842603114),Jessica Jackson White,910613/916249/3758104,1051811285090,sehat-bakti-jaya-mutiara-bersama-farma,2
Toko Jaya Surya Medical Sejahtera Apotik,Jl. Duku Pintar Cluster 2 Kota/Kabupaten SUMEDANG Provinsi JAWA BARAT,POINT(107.86987505649527 -6.881146017969077),Matt Williams Moore,1236110/322685/636879,827418110892,toko-jaya-surya-medical-sejahtera-apotik,584
Bahagia Indah Makmur Mawar Medik Apotek,Jl. Kucing Kecil Wilayah 82 Kota/Kabupaten KATINGAN Provinsi KALIMANTAN TENGAH,POINT(113.35266576451204 -2.173456738461025),Michael Taylor Jones,407113/257507/3201009,839185969082,bahagia-indah-makmur-mawar-medik-apotek,288
Nusantara Terang Apotik Berkah Apotek Pharm,Jl. Kucing Tinggi Blok 4 Kota/Kabupaten KATINGAN Provinsi KALIMANTAN TENGAH,POINT(113.13549873663248 -1.683182889194697),Tom Adams White,836451/1102520/362562,895930016139,nusantara-terang-apotik-berkah-apotek-pharm,311
Surya Terang Surya Amanah Sejahtera Pharma,Jl. Jeruk Tinggi Cluster 96 Kota/Kabupaten TAPANULI UTARA Provinsi SUMATERA UTARA,POINT(99.08515848341736 2.2546154603673845),John White Johnson,5101409/277967/536038,547088421508,surya-terang-surya-amanah-sejahtera-pharma,287
Apotik Lestari Cemerlang Surya Farma Sehat,Jl. Ikan Sari Komplek 69 Kota/Kabupaten SERAM BAGIAN BARAT Provinsi MALUKU,POINT(128.36140043127136 -3.1537593984325856),Chris Clark Smith,7975101/229434/123864,448212830627,apotik-lestari-cemerlang-surya-farma-sehat,944
Mawar Toko Badan Cemerlang Pharma Apotek,Jl. Gajah Besar Wilayah 98 Kota/Kabupaten MURUNG RAYA Provinsi KALIMANTAN TENGAH,POINT(114.25207474389197 -0.0419484451352794),Chris Hill Johnson,792129/10261810/983359,40860491010716,mawar-toko-badan-cemerlang-pharma-apotek,964
Obat Nusantara Bintang Indah Medik Sehat,Jl. Sirih Pendek Komplek 75 Kota/Kabupaten OGAN KOMERING ULU Provinsi SUMATERA SELATAN,POINT(103.98518121925228 -3.947708611549018),John Martinez Johnson,1103519/362621/315483,817735837201,obat-nusantara-bintang-indah-medik-sehat,500
Lestari Berkah Farmasi Resep Apotek Medika,Jl. Gunung Kecil Blok 32 Kota/Kabupaten TELUK BINTUNI Provinsi PAPUA BARAT,POINT(133.46590367482122 -1.970129699828389),Jason Thomas Thompson,316273/252728/830394,372806901380,lestari-berkah-farmasi-resep-apotek-medika,792
Toko Mutiara Surya Mawar Apotik Pharm,Jl. Apel Sejahtera Daerah 99 Kota/Kabupaten TORAJA UTARA Provinsi SULAWESI SELATAN,POINT(119.96963868933838 -3.068785106442048),Michael Jones White,301283/290506/1017363,8910390172770,toko-mutiara-surya-mawar-apotik-pharm,331
Indah Obat Jaya Jaya Sejahtera Medik,Jl. Durian Kecil Blok 70 Kota/Kabupaten SERUYAN Provinsi KALIMANTAN TENGAH,POINT(112.03487103211882 -1.379827706984054),Steve Roberts Taylor,871945/382233/1029731,6590100410084,indah-obat-jaya-jaya-sejahtera-medik,224
Bahagia Apotik Mawar Badan Pharm Apotek,Jl. Ikan Pendek Daerah 42 Kota/Kabupaten MELAWI Provinsi KALIMANTAN BARAT,POINT(111.90745389337393 -0.4047320089196802),Ashley Williams Smith,1104310/200625/7973110,59706108810661,bahagia-apotik-mawar-badan-pharm-apotek,266
Bumi Prima Bakti Jaya Pharma Jaya,Jl. Balai Pendek Daerah 96 Kota/Kabupaten OGAN KOMERING ILIR Provinsi SUMATERA SELATAN,POINT(105.69822813451697 -3.206884851688668),Chris Adams Robinson,6564110/5911021/698333,163207048810,bumi-prima-bakti-jaya-pharma-jaya,81
Jaya Badan Mawar Obat Farma Pharma,Jl. Sawah Cermat Blok 39 Kota/Kabupaten GAYO LUES Provinsi ACEH,POINT(97.64420930233396 3.9519931581750942),Mark Johnson Garcia,518371/1085992/373004,1101064058019,jaya-badan-mawar-obat-farma-pharma,30
Jaya Apotik Surya Toko Apotik Jaya,Jl. Ikan Cerah Daerah 23 Kota/Kabupaten SUMBAWA Provinsi NUSA TENGGARA BARAT,POINT(118.1355123727852 -8.73278838411071),Lauren Lewis Martin,103101110/1022554/370312,4107718392011,jaya-apotik-surya-toko-apotik-jaya,301
Terang Obat Prima Sejahtera Apotik Jaya,Jl. Sirih Sejahtera Komplek 93 Kota/Kabupaten KETAPANG Provinsi KALIMANTAN BARAT,POINT(110.44197031644994 -2.7379654007759004),Jason Hill Martin,182161/582993/4533101,881303068388,terang-obat-prima-sejahtera-apotik-jaya,403
Badan Cemerlang Apotik Surya Farma Jaya,Jl. Jeruk Jenius Wilayah 59 Kota/Kabupaten TELUK BINTUNI Provinsi PAPUA BARAT,POINT(132.59410566840893 -2.143365692649782),Sarah Johnson Jackson,219443/91010923/131010106,315788105306,badan-cemerlang-apotik-surya-farma-jaya,260
Terang Jaya Bumi Prima Apotik Sejahtera,Jl. Tembok Sari Cluster 98 Kota/Kabupaten PEGUNUNGAN ARFAK Provinsi PAPUA BARAT,POINT(133.9167681330785 -1.3609813471625696),Ashley Jackson Thompson,11010551/426031/5409310,610008888629,terang-jaya-bumi-prima-apotik-sejahtera,408
Bumi Amanah Tenaga Tubuh Medik Farma,Jl. Ikan Pintar Blok 19 Kota/Kabupaten MURUNG RAYA Provinsi KALIMANTAN TENGAH,POINT(114.46287764347328 0.5111660584530675),Katie Roberts Miller,4001021/232899/81010389,718650063937,bumi-amanah-tenaga-tubuh-medik-farma,286
Sentorsa Mawar Kimia Surya Sejahtera Bersama,Jl. Kebun Cepat Blok 97 Kota/Kabupaten ROKAN HILIR Provinsi RIAU,POINT(100.95862370483404 2.0762228452585365),Steve Johnson Jackson,564931/8757102/233847,7043831012368,sentorsa-mawar-kimia-surya-sejahtera-bersama,27
Sejahtera Tenaga Nusantara Mawar Sejahtera Apotek,Jl. Gedung Sari Wilayah 74 Kota/Kabupaten INDRAGIRI HULU Provinsi RIAU,POINT(102.638226544066 -0.4617045625003513),Katie Brown Jones,762041/502006/1003633,1710588619770,sejahtera-tenaga-nusantara-mawar-sejahtera-apotek,407
Makmur Sejahtera Kimia Mutiara Jaya Apotik,Jl. Gajah Indah Daerah 88 Kota/Kabupaten ENDE Provinsi NUSA TENGGARA TIMUR,POINT(121.63288054181776 -8.557111410423936),Tom Hill Thompson,161951/521772/9310379,1018212201857,makmur-sejahtera-kimia-mutiara-jaya-apotik,420
Jaya Badan Bumi Resep Pharma Jaya,Jl. Gunung Tinggi Wilayah 4 Kota/Kabupaten MIMIKA Provinsi PAPUA,POINT(137.3659922365512 -4.67944634443696),Chris Anderson Robinson,337511/922250/454553,3110811604218,jaya-badan-bumi-resep-pharma-jaya,403
Mutiara Sehat Obat Bakti Apotek Medika,Jl. Tembok Pendek Daerah 24 Kota/Kabupaten TANGGAMUS Provinsi LAMPUNG,POINT(104.56855218372638 -5.3395341893077655),David Hill Garcia,534813/674826/314230,4801031862149,mutiara-sehat-obat-bakti-apotek-medika,404
Makmur Surya Sejahtera Toko Sehat Pharm,Jl. Sawah Kecil Wilayah 60 Kota/Kabupaten JAYAPURA Provinsi PAPUA,POINT(139.60401073133903 -3.230873740544268),Allison Jackson Robinson,111842/282086/1030971,120335568191,makmur-surya-sejahtera-toko-sehat-pharm,440
Surya Nusantara Farmasi Apotik Sejahtera Medika,Jl. Kuda Cerah Wilayah 88 Kota/Kabupaten MIMIKA Provinsi PAPUA,POINT(135.27506074886705 -4.295353277012357),Sarah Clark Thomas,4116108/402184/7231021,883108008038,surya-nusantara-farmasi-apotik-sejahtera-medika,89
Prima Tubuh Obat Apotik Bersama Apotek,Jl. Gunung Cerah Cluster 93 Kota/Kabupaten MAPPI Provinsi PAPUA,POINT(139.5186342014449 -6.712287214185277),Alex Anderson Robinson,418146/921912/335384,200309281933,prima-tubuh-obat-apotik-bersama-apotek,875
Amanah Badan Jaya Sentorsa Sehat Farma,Jl. Gedung Jenius Komplek 73 Kota/Kabupaten KOTA DUMAI Provinsi RIAU,POINT(101.28169278177424 1.8416767381391672),John Johnson Brown,1028170/680246/671334,5110040830910,amanah-badan-jaya-sentorsa-sehat-farma,393
Sehat Makmur Berkah Kimia Farma Apotek,Jl. Kebun Kecil Daerah 76 Kota/Kabupaten TIMOR TENGAH SELATAN Provinsi NUSA TENGGARA TIMUR,POINT(124.2069815201756 -9.795426129729828),Jason Carter Williams,680417/81082104/522300,10105106481806,sehat-makmur-berkah-kimia-farma-apotek,519
Kimia Mawar Jaya Prima Pharma Apotek,Jl. Kebun Kecil Blok 84 Kota/Kabupaten SORONG Provinsi PAPUA BARAT,POINT(131.81449353379796 -1.3531714421162189),Brittany Smith Robinson,1871095/355725/567384,3110590396781,kimia-mawar-jaya-prima-pharma-apotek,676
Prima Sentorsa Sejahtera Sehat Apotek Sehat,Jl. Rambutan Kecil Cluster 98 Kota/Kabupaten KETAPANG Provinsi KALIMANTAN BARAT,POINT(110.84895343586427 -2.043141543758777),Sarah Adams Jones,6810310/671255/130684,1078840019784,prima-sentorsa-sejahtera-sehat-apotek-sehat,704
Sentorsa Makmur Surya Indah Sejahtera Medik,Jl. Rambutan Pintar Blok 50 Kota/Kabupaten PAHUWATO Provinsi GORONTALO,POINT(121.47984135539228 0.8178355509082547),David Jackson Davis,4710281/6221066/500303,8114800285107,sentorsa-makmur-surya-indah-sejahtera-medik,233
Jaya Sehat Surya Berkah Apotik Pharm,Jl. Durian Kecil Wilayah 75 Kota/Kabupaten PUNCAK Provinsi PAPUA,POINT(137.46555071047834 -3.620264464196528),Katie Thomas Johnson,1810451/2241047/311910,6088670106138,jaya-sehat-surya-berkah-apotik-pharm,64
Prima Lestari Medic Sejahtera Pharma Medik,Jl. Tembok Sari Daerah 10 Kota/Kabupaten MALUKU TENGGARA BARAT Provinsi MALUKU,POINT(131.40150575699266 -7.612357763965488),Jason White Brown,8111082/841412/3102053,1101811502859,prima-lestari-medic-sejahtera-pharma-medik,611
Harmoni Indah Apotik Nusantara Sejahtera Pharm,Jl. Pisang Sari Cluster 64 Kota/Kabupaten PEGUNUNGAN BINTANG Provinsi PAPUA,POINT(140.39240608468592 -4.098482045050023),Megan Williams Thompson,605518/982458/463534,11061106058407,harmoni-indah-apotik-nusantara-sejahtera-pharm,660
Sehat Sentorsa Apotik Farmasi Apotek Jaya,Jl. Anjing Cerah Daerah 74 Kota/Kabupaten NABIRE Provinsi PAPUA,POINT(135.84008641939772 -3.386463401288375),Sarah Anderson Brown,3107198/724495/121317,430211651908,sehat-sentorsa-apotik-farmasi-apotek-jaya,62
Sejahtera Surya Berkah Bintang Medika Sehat,Jl. Tembok Sari Cluster 13 Kota/Kabupaten PELALAWAN Provinsi RIAU,POINT(101.76629601479443 0.2646831819281754),Jessica Roberts Brown,1811070/794702/883043,185942262680,sejahtera-surya-berkah-bintang-medika-sehat,220
Prima Bumi Makmur Terang Sehat Sejahtera,Jl. Apel Besar Blok 67 Kota/Kabupaten MAPPI Provinsi PAPUA,POINT(139.225904005821 -7.203964931221206),Matt Lewis Johnson,691577/278133/1061433,870182937426,prima-bumi-makmur-terang-sehat-sejahtera,617
Bahagia Amanah Sentorsa Medical Bersama Apotik,Jl. Gajah Cerah Komplek 84 Kota/Kabupaten TANAH BUMBU Provinsi KALIMANTAN SELATAN,POINT(115.43562865011036 -3.8066785528702503),Jason Nelson Williams,370661/506297/336270,90117232810610,bahagia-amanah-sentorsa-medical-bersama-apotik,340
Surya Harmoni Prima Bintang Apotik Bersama,Jl. Pisang Sari Blok 50 Kota/Kabupaten SUMEDANG Provinsi JAWA BARAT,POINT(107.79860834556018 -6.839858680185699),Sarah Hill Davis,184359/794562/691303,1050984207102,surya-harmoni-prima-bintang-apotik-bersama,969
Badan Sejahtera Prima Resep Medik Pharma,Jl. Ikan Sari Daerah 10 Kota/Kabupaten MAHAKAM ULU Provinsi KALIMANTAN TIMUR,POINT(114.97206556098382 1.12259508573125),Mark Thomas Thompson,1418910/996192/100103101,1818931100104,badan-sejahtera-prima-resep-medik-pharma,576
Harmoni Tenaga Sentorsa Toko Pharma Sejahtera,Jl. Apel Pintar Wilayah 67 Kota/Kabupaten HALMAHERA TIMUR Provinsi MALUKU UTARA,POINT(128.4538274854045 1.4920630357671758),Michael Williams Miller,143076/8410962/7103436,100101010778652,harmoni-tenaga-sentorsa-toko-pharma-sejahtera,84
Jaya Resep Lestari Farmasi Medika Pharm,Jl. Gedung Cepat Blok 25 Kota/Kabupaten KERINCI Provinsi JAMBI,POINT(101.5136457441736 -1.8897899601237764),Ashley Lewis Brown,481680/6010526/1093395,7508551087101,jaya-resep-lestari-farmasi-medika-pharm,31
Bintang Makmur Bakti Obat Sehat Apotek,Jl. Sawah Cerdas Daerah 21 Kota/Kabupaten PESAWARAN Provinsi LAMPUNG,POINT(105.1385801426212 -5.183860972287024),Allison Martinez Smith,10129109/999270/549937,8011110244035,bintang-makmur-bakti-obat-sehat-apotek,647
Cemerlang Surya Murni Makmur Bersama Jaya,Jl. Gunung Cermat Cluster 92 Kota/Kabupaten MURUNG RAYA Provinsi KALIMANTAN TENGAH,POINT(114.91138734127289 0.4892884185764643),Tom Clark Davis,627151/2654010/534851,1083710913485,cemerlang-surya-murni-makmur-bersama-jaya,217
Tubuh Surya Indah Apotik Jaya Bersama,Jl. Kebun Besar Wilayah 44 Kota/Kabupaten ACEH TAMIANG Provinsi ACEH,POINT(97.86937046039064 4.237357968761355),Alex Martinez Harris,1104335/620349/283152,6681028091380,tubuh-surya-indah-apotik-jaya-bersama,286
Prima Murni Tenaga Apotik Sehat Sejahtera,Jl. Duku Cerah Blok 92 Kota/Kabupaten TAPANULI TENGAH Provinsi SUMATERA UTARA,POINT(98.58276778122072 2.0094329073862056),Megan Lewis Brown,651601/743207/83104710,8671060910684,prima-murni-tenaga-apotik-sehat-sejahtera,876
Resep Bakti Sehat Berkah Bersama Apotik,Jl. Kota Pendek Komplek 89 Kota/Kabupaten KUANTAN SINGINGI Provinsi RIAU,POINT(101.73752612618917 -0.8205880676973187),Mark Brown Jackson,984184/180832/695323,850868176208,resep-bakti-sehat-berkah-bersama-apotik,821
Bumi Bakti Sehat Makmur Medik Sejahtera,Jl. Kuda Cermat Wilayah 98 Kota/Kabupaten KARIMUN Provinsi KEPULAUAN RIAU,POINT(103.48122400909372 0.8272871148560785),David Adams Taylor,1994106/152821/1629310,721198598402,bumi-bakti-sehat-makmur-medik-sejahtera,436
Toko Sejahtera Bumi Murni Sejahtera Medika,Jl. Pisang Cerdas Daerah 68 Kota/Kabupaten KOTA DEPOK Provinsi JAWA BARAT,POINT(106.89706255837132 -6.393071563361591),Brittany Taylor Martinez,401315/3102845/339310,5084104114786,toko-sejahtera-bumi-murni-sejahtera-medika,684
Jaya Kimia Murni Terang Pharm Apotik,Jl. Kebun Pendek Komplek 44 Kota/Kabupaten KATINGAN Provinsi KALIMANTAN TENGAH,POINT(112.34391707694394 -1.0330586149362144),Jason Harris Harris,120857/5602810/107233,574071080959,jaya-kimia-murni-terang-pharm-apotik,146
Mutiara Medical Sentorsa Mawar Pharm Apotek,Jl. Ikan Indah Blok 23 Kota/Kabupaten BARITO TIMUR Provinsi KALIMANTAN TENGAH,POINT(115.02388501727664 -1.8065353375993976),Alex Thomas Thomas,826124/1065289/7843110,8991781093100,mutiara-medical-sentorsa-mawar-pharm-apotek,408
Mutiara Amanah Prima Harmoni Medika Pharm,Jl. Rambutan Cepat Komplek 55 Kota/Kabupaten MUARA ENIM Provinsi SUMATERA SELATAN,POINT(104.10661773752663 -3.7067483752449295),Brittany Nelson White,6411091/1031952/101010381,58046901101025,mutiara-amanah-prima-harmoni-medika-pharm,582
Murni Sentorsa Lestari Badan Farma Bersama,Jl. Kucing Tinggi Komplek 38 Kota/Kabupaten BONDOWOSO Provinsi JAWA TIMUR,POINT(114.06892470175276 -7.823830320608632),Tom Adams Thompson,8810190/281751/693162,24210030810612,murni-sentorsa-lestari-badan-farma-bersama,192
Mawar Bumi Bintang Sentorsa Jaya Medika,Jl. Gajah Tinggi Komplek 52 Kota/Kabupaten BINTAN Provinsi KEPULAUAN RIAU,POINT(104.59491532985332 1.127350260292399),Brittany Carter Garcia,6181109/730392/833695,4311058389604,mawar-bumi-bintang-sentorsa-jaya-medika,186
Obat Harmoni Berkah Indah Bersama Sehat,Jl. Kucing Besar Blok 69 Kota/Kabupaten BENGKALIS Provinsi RIAU,POINT(101.47240979827272 1.2161185088252289),Katie Jackson Moore,641955/28103108/929335,52101410081133,obat-harmoni-berkah-indah-bersama-sehat,289
Surya Terang Berkah Indah Medik Bersama,Jl. Sawah Cepat Wilayah 20 Kota/Kabupaten MAMBERAMO RAYA Provinsi PAPUA,POINT(137.79897222301346 -1.6070007346387527),Lauren Smith Moore,129209/868362/339456,570635187918,surya-terang-berkah-indah-medik-bersama,62
Surya Kimia Bakti Apotik Medika Pharma,Jl. Gajah Kecil Komplek 76 Kota/Kabupaten MUSI RAWAS Provinsi SUMATERA SELATAN,POINT(103.26731422486776 -2.86567610421964),Ashley Harris Smith,434131/961272/2910337,8814740037710,surya-kimia-bakti-apotik-medika-pharma,499
Prima Obat Sentorsa Surya Pharma Apotek,Jl. Durian Sari Wilayah 82 Kota/Kabupaten TOBA SAMOSIR Provinsi SUMATERA UTARA,POINT(99.40008050610967 2.320353795829126),Alex Jackson White,488616/629522/793937,10284870001041,prima-obat-sentorsa-surya-pharma-apotek,24
Sentorsa Surya Bintang Makmur Apotik Farma,Jl. Gunung Pintar Wilayah 47 Kota/Kabupaten KAIMANA Provinsi PAPUA BARAT,POINT(133.19168697017767 -3.88706011292844),Lauren Nelson Garcia,121585/605297/8371052,8571084102917,sentorsa-surya-bintang-makmur-apotik-farma,351
Toko Tenaga Medic Farmasi Bersama Sehat,Jl. Kebun Cerah Daerah 41 Kota/Kabupaten OGAN KOMERING ILIR Provinsi SUMATERA SELATAN,POINT(105.94586791522826 -3.2813610575981764),John Williams Martin,5108918/998240/397908,87110101102682,toko-tenaga-medic-farmasi-bersama-sehat,174
Harmoni Medic Mawar Bintang Bersama Apotek,Jl. Mangga Pendek Cluster 45 Kota/Kabupaten BANGKA TENGAH Provinsi KEPULAUAN BANGKA BELITUNG,POINT(106.57633540869674 -2.5942129303650745),Alex Anderson White,17108105/2106490/981388,81108105700617,harmoni-medic-mawar-bintang-bersama-apotek,107
Murni Surya Bakti Mutiara Sejahtera Medik,Jl. Balai Cerdas Komplek 88 Kota/Kabupaten KAIMANA Provinsi PAPUA BARAT,POINT(135.14702366840854 -3.861520124622604),Emily Johnson Moore,215805/7241044/522327,6002922892110,murni-surya-bakti-mutiara-sejahtera-medik,614
Apotik Bumi Mutiara Bintang Pharma Pharm,Jl. Kucing Sari Wilayah 62 Kota/Kabupaten SELUMA Provinsi BENGKULU,POINT(102.43642020555228 -3.849729904345016),Rachel Jones Martinez,519100/211328/3861030,6470174832103,apotik-bumi-mutiara-bintang-pharma-pharm,263
Bahagia Bintang Murni Lestari Medik Farma,Jl. Sirih Cerdas Wilayah 74 Kota/Kabupaten DAIRI Provinsi SUMATERA UTARA,POINT(98.25991987153505 2.816387607034496),Sarah Williams Williams,303157/789270/447137,304268870174,bahagia-bintang-murni-lestari-medik-farma,430
Kimia Lestari Tenaga Bumi Pharm Apotek,Jl. Durian Besar Blok 19 Kota/Kabupaten LAMPUNG TENGAH Provinsi LAMPUNG,POINT(105.52272634726393 -4.8619192344132784),Michael Johnson Davis,1992110/208006/4521093,8301323988410,kimia-lestari-tenaga-bumi-pharm-apotek,207
Bintang Farmasi Surya Bahagia Jaya Bersama,Jl. Gajah Indah Cluster 60 Kota/Kabupaten SIKKA Provinsi NUSA TENGGARA TIMUR,POINT(122.3257007108107 -8.720459931533263),Matt Clark Jones,216986/11010302/633022,304801114480,bintang-farmasi-surya-bahagia-jaya-bersama,33
Lestari Medical Cemerlang Nusantara Apotik Medika,Jl. Gunung Sari Wilayah 20 Kota/Kabupaten MALINAU Provinsi KALIMANTAN UTARA,POINT(115.27659151750522 1.9191669889831608),Alex Anderson Harris,1072031/10106620/341717,482884030144,lestari-medical-cemerlang-nusantara-apotik-medika,865
Mutiara Terang Prima Tubuh Sejahtera Jaya,Jl. Gedung Besar Komplek 6 Kota/Kabupaten KOTA DUMAI Provinsi RIAU,POINT(101.07495484145043 2.178471530084309),Jessica Martinez Robinson,641675/280292/1023580,526001608492,mutiara-terang-prima-tubuh-sejahtera-jaya,793
Badan Resep Mawar Apotik Sehat Pharm,Jl. Gedung Indah Blok 7 Kota/Kabupaten BOVEN DIGOEL Provinsi PAPUA,POINT(140.79100412686876 -6.628395644639301),Chris Johnson Brown,918006/362600/367734,1542085581087,badan-resep-mawar-apotik-sehat-pharm,141
Sejahtera Surya Murni Kimia Sejahtera Apotek,Jl. Duku Jenius Komplek 60 Kota/Kabupaten KUTAI KARTANEGARA Provinsi KALIMANTAN TIMUR,POINT(115.7686280406755 1.0993693150919288),Steve Anderson Wilson,455126/823060/30102100,80601040691010,sejahtera-surya-murni-kimia-sejahtera-apotek,396
Sentorsa Bintang Tubuh Makmur Sejahtera Sejahtera,Jl. Duku Cerdas Daerah 53 Kota/Kabupaten HUMBANG HASUNDUTAN Provinsi SUMATERA UTARA,POINT(98.55196494521677 2.4832200357221392),David Parker Anderson,219122/428455/370954,1071073872471,sentorsa-bintang-tubuh-makmur-sejahtera-sejahtera,394
Toko Obat Bintang Medic Sejahtera Farma,Jl. Rambutan Cerah Wilayah 82 Kota/Kabupaten BOMBANA Provinsi SULAWESI TENGGARA,POINT(121.8478718631988 -4.535282812472852),Chris Adams Martinez,522316/280358/863061,930159288440,toko-obat-bintang-medic-sejahtera-farma,744
Indah Bakti Apotik Resep Sejahtera Apotek,Jl. Kuda Kecil Komplek 28 Kota/Kabupaten YAHUKIMO Provinsi PAPUA,POINT(140.1324337687646 -4.9669433752804055),Sarah Thomas Martin,1110046/3870102/447503,100808751101081,indah-bakti-apotik-resep-sejahtera-apotek,111
Sehat Medic Badan Berkah Sehat Bersama,Jl. Anjing Indah Blok 77 Kota/Kabupaten PESISIR SELATAN Provinsi SUMATERA BARAT,POINT(100.59985821108091 -1.4369793844821943),Megan Carter Anderson,999641/7681082/1051423,508537544501,sehat-medic-badan-berkah-sehat-bersama,309
Sejahtera Sehat Cemerlang Amanah Farma Jaya,Jl. Jeruk Cerah Daerah 69 Kota/Kabupaten MERAUKE Provinsi PAPUA,POINT(138.99349545503782 -7.914673174364093),Chris Martinez Wilson,120852/629532/310033,1030651810389,sejahtera-sehat-cemerlang-amanah-farma-jaya,118
Murni Tubuh Bumi Nusantara Pharma Sejahtera,Jl. Apel Besar Daerah 16 Kota/Kabupaten TANGGAMUS Provinsi LAMPUNG,POINT(104.7202510100958 -5.326733493210477),Megan Thomas Anderson,134481/6110202/6103391,317425479480,murni-tubuh-bumi-nusantara-pharma-sejahtera,403
Tubuh Murni Jaya Badan Sehat Medik,Jl. Duku Jenius Blok 10 Kota/Kabupaten ASAHAN Provinsi SUMATERA UTARA,POINT(99.7044828899213 2.69416242758993),Alex Jackson Brown,2104912/8107920/330224,101010082203111,tubuh-murni-jaya-badan-sehat-medik,382
Bakti Resep Apotik Medic Sejahtera Pharma,Jl. Kota Besar Wilayah 86 Kota/Kabupaten BANYUASIN Provinsi SUMATERA SELATAN,POINT(104.92154704096392 -2.4805660954317155),Sarah Clark Johnson,615007/980982/739896,404890093215,bakti-resep-apotik-medic-sejahtera-pharma,691
Sejahtera Bintang Makmur Medical Sejahtera Sejahtera,Jl. Gunung Besar Daerah 13 Kota/Kabupaten PELALAWAN Provinsi RIAU,POINT(102.28131831036372 0.0450309591972502),Mark Carter Davis,612850/422064/333573,2117688121040,sejahtera-bintang-makmur-medical-sejahtera-sejahtera,157
Nusantara Surya Bintang Apotik Medika Apotik,Jl. Kota Besar Wilayah 58 Kota/Kabupaten BUNGO Provinsi JAMBI,POINT(101.81542971327158 -1.7133842075915595),Steve Johnson Brown,785913/472596/1086339,1203809441080,nusantara-surya-bintang-apotik-medika-apotik,5
Indah Terang Sehat Nusantara Pharm Sejahtera,Jl. Jeruk Pendek Cluster 15 Kota/Kabupaten KUTAI BARAT Provinsi KALIMANTAN TIMUR,POINT(115.73172837132778 -0.6002867790653692),Tom Carter Brown,11010879/584923/372874,146208638718,indah-terang-sehat-nusantara-pharm-sejahtera,993
Resep Makmur Tenaga Obat Sejahtera Medik,Jl. Balai Cerdas Blok 24 Kota/Kabupaten KAPUAS HULU Provinsi KALIMANTAN BARAT,POINT(113.62981995350536 0.8451171211918016),Emily Smith Moore,741942/332999/983385,381430970510,resep-makmur-tenaga-obat-sejahtera-medik,43
Harmoni Murni Kimia Toko Farma Sejahtera,Jl. Mangga Cermat Blok 91 Kota/Kabupaten TELUK BINTUNI Provinsi PAPUA BARAT,POINT(133.273933751277 -1.810861033926933),Mark White Taylor,9178105/482413/967377,989303970138,harmoni-murni-kimia-toko-farma-sejahtera,883
Resep Badan Mawar Jaya Bersama Apotik,Jl. Duku Sari Wilayah 31 Kota/Kabupaten KAMPAR Provinsi RIAU,POINT(101.20940376645952 0.3943379897015635),Matt White Taylor,3410128/7410524/3510641,101083510810076,resep-badan-mawar-jaya-bersama-apotik,960
Prima Lestari Badan Bakti Sehat Pharma,Jl. Rambutan Jenius Blok 88 Kota/Kabupaten SAROLANGUN Provinsi JAMBI,POINT(102.4550264808588 -2.3312538450023546),Katie Martinez Thomas,1419109/552536/10210653,15115101083086,prima-lestari-badan-bakti-sehat-pharma,277
Resep Tenaga Badan Sehat Apotek Medika,Jl. Ikan Sejahtera Daerah 39 Kota/Kabupaten BANYUASIN Provinsi SUMATERA SELATAN,POINT(104.88641195119772 -2.368941074662567),Lauren Taylor Anderson,819648/347720/961663,4091483781013,resep-tenaga-badan-sehat-apotek-medika,111
Mutiara Kimia Murni Amanah Apotik Farma,Jl. Ikan Jenius Blok 15 Kota/Kabupaten MEMPAWAH Provinsi KALIMANTAN BARAT,POINT(109.1579937722289 0.5176436848864583),Ashley Clark Thompson,1082139/101521010/958397,8991531076000,mutiara-kimia-murni-amanah-apotik-farma,41
Harmoni Mawar Surya Prima Pharma Medika,Jl. Mangga Sejahtera Cluster 45 Kota/Kabupaten RAJA AMPAT Provinsi PAPUA BARAT,POINT(130.79613008884823 -0.2164240100573948),John Brown Moore,698212/659125/10431082,8631034017810,harmoni-mawar-surya-prima-pharma-medika,841
Sentorsa Medic Medical Kimia Sejahtera Apotik,Jl. Rambutan Tinggi Wilayah 41 Kota/Kabupaten LUMAJANG Provinsi JAWA TIMUR,POINT(113.2306693077634 -8.273263937453223),John Parker Johnson,287104/680279/883168,801988271950,sentorsa-medic-medical-kimia-sejahtera-apotik,118
Jaya Medic Mutiara Prima Farma Sejahtera,Jl. Sirih Cermat Daerah 8 Kota/Kabupaten MAMBERAMO RAYA Provinsi PAPUA,POINT(138.4218910194865 -2.995850040557981),Rachel Hill Williams,133826/2231078/3102632,946936015289,jaya-medic-mutiara-prima-farma-sejahtera,44
Prima Toko Resep Bintang Apotek Pharm,Jl. Anjing Cerdas Cluster 91 Kota/Kabupaten SUMBA TIMUR Provinsi NUSA TENGGARA TIMUR,POINT(119.75047457366152 -9.776716243314642),Jason Parker Jones,1081595/278915/421332,1290110818083,prima-toko-resep-bintang-apotek-pharm,45
Resep Mawar Harmoni Prima Pharma Bersama,Jl. Sawah Kecil Blok 42 Kota/Kabupaten SERDANG BEDAGAI Provinsi SUMATERA UTARA,POINT(98.980187349819 3.624815118523758),John Thomas Miller,987910/1004620/1096930,3088011020400,resep-mawar-harmoni-prima-pharma-bersama,402
Obat Mutiara Sejahtera Medic Sehat Apotek,Jl. Sirih Indah Komplek 21 Kota/Kabupaten INDRAGIRI HILIR Provinsi RIAU,POINT(102.60107583829144 -1.085442653912997),Steve Adams Taylor,1095170/223337/731686,877150052985,obat-mutiara-sejahtera-medic-sehat-apotek,115
Surya Amanah Medical Resep Sejahtera Jaya,Jl. Jeruk Cerdas Blok 13 Kota/Kabupaten MELAWI Provinsi KALIMANTAN BARAT,POINT(111.52328206587548 -0.6448641141712788),David Thomas Garcia,908001/1024200/891376,6282913850101,surya-amanah-medical-resep-sejahtera-jaya,368
Badan Indah Mawar Jaya Pharma Sejahtera,Jl. Kebun Cerah Cluster 37 Kota/Kabupaten SERUYAN Provinsi KALIMANTAN TENGAH,POINT(112.23496038556918 -3.1723624510326944),Jessica Parker Jackson,118339/593213/2310505,1072608718011,badan-indah-mawar-jaya-pharma-sejahtera,325
Harmoni Indah Prima Farmasi Medika Farma,Jl. Duku Sejahtera Cluster 23 Kota/Kabupaten TUBAN Provinsi JAWA TIMUR,POINT(111.5956796974122 -6.919819233227122),Lauren Lewis Moore,147303/104482/323147,846342008112,harmoni-indah-prima-farmasi-medika-farma,28
Kimia Surya Tenaga Medic Pharm Apotek,Jl. Sirih Cerdas Cluster 40 Kota/Kabupaten KOTA TIDORE KEPULAUAN Provinsi MALUKU UTARA,POINT(127.78480519035344 0.2115387127684993),Ashley Carter Robinson,1072081/222052/826314,125306585078,kimia-surya-tenaga-medic-pharm-apotek,386
Berkah Prima Nusantara Tubuh Sehat Medika,Jl. Balai Sari Cluster 89 Kota/Kabupaten SANGGAU Provinsi KALIMANTAN BARAT,POINT(110.56974388145068 0.6937774194613535),Jessica Martinez Jackson,1110533/924475/2103697,804100705718,berkah-prima-nusantara-tubuh-sehat-medika,117
Medical Makmur Kimia Bahagia Pharma Medik,Jl. Balai Pendek Wilayah 13 Kota/Kabupaten DOGIYAI Provinsi PAPUA,POINT(136.1334401299032 -3.841486054413929),Jessica Roberts Wilson,1375104/10410692/3104619,8351087101010016,medical-makmur-kimia-bahagia-pharma-medik,118
Indah Lestari Mawar Prima Medika Pharm,Jl. Kuda Kecil Wilayah 97 Kota/Kabupaten MALINAU Provinsi KALIMANTAN UTARA,POINT(115.20044711350197 2.377158924928713),Matt Smith Davis,276118/900029/292394,289828320111,indah-lestari-mawar-prima-medika-pharm,790
Harmoni Indah Medical Medic Bersama Sehat,Jl. Kucing Cerah Cluster 32 Kota/Kabupaten KAPUAS Provinsi KALIMANTAN TENGAH,POINT(114.1203352624282 -1.6612975880805063),Jessica Thomas Thomas,150712/935286/310135,7510037788481,harmoni-indah-medical-medic-bersama-sehat,914
Prima Jaya Berkah Jaya Medik Sejahtera,Jl. Kuda Kecil Wilayah 89 Kota/Kabupaten SAROLANGUN Provinsi JAMBI,POINT(102.47987966319388 -2.25402348848616),Lauren Clark White,3111510/219524/433233,1139680477610,prima-jaya-berkah-jaya-medik-sejahtera,260
Badan Prima Indah Bintang Medika Medik,Jl. Gedung Jenius Wilayah 11 Kota/Kabupaten KUTAI BARAT Provinsi KALIMANTAN TIMUR,POINT(115.29400140091106 -0.2536194026821921),Megan Carter Smith,802411/421228/530804,413140432978,badan-prima-indah-bintang-medika-medik,497
Amanah Jaya Makmur Nusantara Jaya Medik,Jl. Duku Kecil Wilayah 65 Kota/Kabupaten KAUR Provinsi BENGKULU,POINT(103.6042927001365 -4.648536449787868),Brittany Lewis Smith,104484/1017425/1036531,8010960871810,amanah-jaya-makmur-nusantara-jaya-medik,10
Jaya Murni Tenaga Farmasi Apotik Medik,Jl. Tembok Cermat Daerah 75 Kota/Kabupaten KEPULAUAN SELAYAR Provinsi SULAWESI SELATAN,POINT(121.82863536099023 -7.364708040268463),Jason Roberts Thomas,105961/270854/539235,885101060773110,jaya-murni-tenaga-farmasi-apotik-medik,212
Bintang Bakti Sejahtera Makmur Bersama Jaya,Jl. Kuda Cermat Blok 100 Kota/Kabupaten BOVEN DIGOEL Provinsi PAPUA,POINT(139.86576291735264 -6.138788545793806),Emily Clark Brown,951603/228156/2710693,191484850436,bintang-bakti-sejahtera-makmur-bersama-jaya,31
Sentorsa Toko Jaya Surya Jaya Bersama,Jl. Kota Pintar Wilayah 98 Kota/Kabupaten BENGKULU UTARA Provinsi BENGKULU,POINT(102.05752647900024 -3.2408086110981573),Mark Carter Martin,100119/227054/1090331,8173659010188,sentorsa-toko-jaya-surya-jaya-bersama,549
Bumi Prima Surya Tubuh Medika Farma,Jl. Anjing Cepat Cluster 86 Kota/Kabupaten PATI Provinsi JAWA TENGAH,POINT(111.01401953724036 -6.866537368687234),Michael Hill Thompson,201695/997248/327451,4901023817280,bumi-prima-surya-tubuh-medika-farma,250
Medical Jaya Resep Harmoni Medik Bersama,Jl. Duku Sari Wilayah 92 Kota/Kabupaten ROKAN HULU Provinsi RIAU,POINT(100.23387687074086 1.10577289409739),Megan Martinez Taylor,614143/244455/8101348,80397651108103,medical-jaya-resep-harmoni-medik-bersama,643
Lestari Apotik Sentorsa Bumi Medik Bersama,Jl. Kucing Cermat Wilayah 8 Kota/Kabupaten TANJUNG JABUNG BARAT Provinsi JAMBI,POINT(103.42930189257076 -1.114418410200166),Chris Anderson Martin,444151/205633/10491043,105863100031100,lestari-apotik-sentorsa-bumi-medik-bersama,92
Prima Prima Sehat Farmasi Pharm Medika,Jl. Gajah Jenius Daerah 59 Kota/Kabupaten MAMASA Provinsi SULAWESI BARAT,POINT(119.28304750156008 -3.050132940491051),Emily Lewis Taylor,511411/7281108/534859,211710117481,prima-prima-sehat-farmasi-pharm-medika,388
Berkah Sehat Medic Nusantara Bersama Pharm,Jl. Gedung Pintar Komplek 67 Kota/Kabupaten MAMBERAMO TENGAH Provinsi PAPUA,POINT(139.00783726917945 -3.597648101735053),Lauren Harris White,411218/327568/653113,495079831018,berkah-sehat-medic-nusantara-bersama-pharm,414
Apotik Nusantara Jaya Bumi Sejahtera Jaya,Jl. Mangga Kecil Wilayah 58 Kota/Kabupaten MAMBERAMO RAYA Provinsi PAPUA,POINT(137.54226997382727 -2.355487263791007),Brittany Nelson Jackson,107324/205377/1303105,48475051073110,apotik-nusantara-jaya-bumi-sejahtera-jaya,589
Prima Indah Bakti Tenaga Farma Apotek,Jl. Kuda Cepat Komplek 100 Kota/Kabupaten LUWU UTARA Provinsi SULAWESI SELATAN,POINT(120.38036254303792 -2.383555346213207),Sarah Smith Moore,954710/253100/4873410,5914102041986,prima-indah-bakti-tenaga-farma-apotek,715
Medical Jaya Jaya Cemerlang Sejahtera Sehat,Jl. Apel Indah Blok 29 Kota/Kabupaten MALANG Provinsi JAWA TIMUR,POINT(112.70910040739804 -8.071091024258159),Ashley Smith Martin,447501/218030/396226,1000031048238,medical-jaya-jaya-cemerlang-sejahtera-sehat,128
Amanah Bakti Medical Nusantara Farma Bersama,Jl. Pisang Cepat Blok 88 Kota/Kabupaten KOLAKA UTARA Provinsi SULAWESI TENGGARA,POINT(121.22628048472647 -3.061418869830632),Lauren Harris Harris,843161/258794/5103883,1039845810073,amanah-bakti-medical-nusantara-farma-bersama,573
Badan Nusantara Kimia Bintang Bersama Jaya,Jl. Gunung Cermat Blok 66 Kota/Kabupaten PAHUWATO Provinsi GORONTALO,POINT(121.43165171407183 0.5938737250700417),Chris Taylor Harris,1061100/5381210/608034,2026784687101,badan-nusantara-kimia-bintang-bersama-jaya,171
Surya Lestari Sentorsa Amanah Jaya Apotek,Jl. Kota Cerdas Blok 34 Kota/Kabupaten KEPULAUAN SELAYAR Provinsi SULAWESI SELATAN,POINT(121.14737130735944 -7.354089528241946),Emily Roberts Wilson,301362/725770/2141310,8802123980107,surya-lestari-sentorsa-amanah-jaya-apotek,718
Makmur Mawar Badan Tubuh Apotik Medik,Jl. Kuda Pintar Komplek 29 Kota/Kabupaten MURUNG RAYA Provinsi KALIMANTAN TENGAH,POINT(114.30980736779716 0.2818860732730552),Jason Carter Jackson,871666/2353103/9310325,883011288021,makmur-mawar-badan-tubuh-apotik-medik,154
Bumi Terang Prima Medic Bersama Jaya,Jl. Apel Cermat Cluster 5 Kota/Kabupaten FAKFAK Provinsi PAPUA BARAT,POINT(132.42343206757727 -2.8572276654922497),Rachel Martinez Miller,1455110/765240/2710433,7208010100474,bumi-terang-prima-medic-bersama-jaya,178
Harmoni Terang Amanah Apotik Pharm Jaya,Jl. Balai Cerah Daerah 97 Kota/Kabupaten SIJUNJUNG Provinsi SUMATERA BARAT,POINT(100.95550628665455 -0.7708573496222098),Ashley Carter Garcia,9107810/452239/369327,5103610158848,harmoni-terang-amanah-apotik-pharm-jaya,220
Prima Apotik Tenaga Bakti Pharma Sehat,Jl. Gunung Kecil Cluster 49 Kota/Kabupaten BULELENG Provinsi BALI,POINT(115.30083492584212 -8.159205797785832),Megan Adams Williams,352441/9602103/604332,118407704152,prima-apotik-tenaga-bakti-pharma-sehat,809
Farmasi Amanah Bakti Tenaga Apotik Pharm,Jl. Kuda Cepat Daerah 39 Kota/Kabupaten KAPUAS HULU Provinsi KALIMANTAN BARAT,POINT(112.03051282359266 0.900623339074679),Brittany Anderson Harris,3341110/2102016/1356109,536150649181,farmasi-amanah-bakti-tenaga-apotik-pharm,251
Makmur Tenaga Sejahtera Jaya Apotik Medik,Jl. Anjing Pendek Blok 27 Kota/Kabupaten PESISIR SELATAN Provinsi SUMATERA BARAT,POINT(101.16608807971556 -2.381277652418591),Allison Smith Brown,317100/592160/834985,8310015868591,makmur-tenaga-sejahtera-jaya-apotik-medik,320
Surya Bintang Murni Toko Apotik Sejahtera,Jl. Durian Indah Cluster 60 Kota/Kabupaten NIAS SELATAN Provinsi SUMATERA UTARA,POINT(98.79820764712288 0.1462842426963213),Allison Taylor Jones,817151/261934/247231,2284100817872,surya-bintang-murni-toko-apotik-sejahtera,35
Medical Kimia Badan Mawar Medik Jaya,Jl. Balai Pendek Blok 18 Kota/Kabupaten SORONG SELATAN Provinsi PAPUA BARAT,POINT(132.2471423512271 -2.1494689896615338),David Parker White,561933/594524/329372,419091007638,medical-kimia-badan-mawar-medik-jaya,424
Resep Surya Obat Sentorsa Bersama Medika,Jl. Ikan Besar Cluster 41 Kota/Kabupaten MERANGIN Provinsi JAMBI,POINT(102.2365980682169 -1.924705760406777),Mark Roberts Thomas,357416/2141077/1003285,876144851034,resep-surya-obat-sentorsa-bersama-medika,385
Jaya Surya Indah Amanah Sejahtera Farma,Jl. Sirih Pintar Komplek 58 Kota/Kabupaten GRESIK Provinsi JAWA TIMUR,POINT(112.38419598281683 -7.323697650617573),Michael Clark Williams,14961010/858942/521483,388819064718,jaya-surya-indah-amanah-sejahtera-farma,21
Surya Kimia Terang Prima Farma Apotek,Jl. Anjing Besar Wilayah 30 Kota/Kabupaten TELUK BINTUNI Provinsi PAPUA BARAT,POINT(133.29040929232565 -1.81495927013674),Matt Martinez Harris,927861/2810040/342215,990068176375,surya-kimia-terang-prima-farma-apotek,66
Tubuh Farmasi Toko Sejahtera Sejahtera Farma,Jl. Sawah Kecil Wilayah 8 Kota/Kabupaten BUTON Provinsi SULAWESI TENGGARA,POINT(123.00184678030116 -5.361877426395783),Mark Harris Thompson,6186107/6109920/390673,31971081031001,tubuh-farmasi-toko-sejahtera-sejahtera-farma,151
Bahagia Sentorsa Obat Surya Sehat Pharm,Jl. Gunung Pendek Blok 5 Kota/Kabupaten KAPUAS HULU Provinsi KALIMANTAN BARAT,POINT(112.92514488061516 1.0794541676885263),Emily Taylor Jones,11054610/992700/168311,811078498753,bahagia-sentorsa-obat-surya-sehat-pharm,290
Mawar Indah Prima Farmasi Medika Sejahtera,Jl. Jeruk Jenius Komplek 7 Kota/Kabupaten KOTAWARINGIN BARAT Provinsi KALIMANTAN TENGAH,POINT(111.56683452542278 -2.406648313915154),Tom Taylor Martin,318417/4108023/9081093,105833100691010,mawar-indah-prima-farmasi-medika-sejahtera,597
Indah Lestari Amanah Bahagia Pharm Apotek,Jl. Pisang Tinggi Cluster 27 Kota/Kabupaten LANDAK Provinsi KALIMANTAN BARAT,POINT(109.75239874525629 0.3100154655380489),Megan Smith Smith,941810/128025/846483,1106944180406,indah-lestari-amanah-bahagia-pharm-apotek,142
Prima Medical Sejahtera Surya Apotik Sejahtera,Jl. Kucing Besar Cluster 50 Kota/Kabupaten BARITO UTARA Provinsi KALIMANTAN TENGAH,POINT(115.28289882656296 -0.9078850013235122),Katie Hill Jackson,1593101/9481012/738804,101328890048,prima-medical-sejahtera-surya-apotik-sejahtera,132
Murni Apotik Berkah Prima Apotek Sejahtera,Jl. Jeruk Sejahtera Blok 96 Kota/Kabupaten PULANG PISAU Provinsi KALIMANTAN TENGAH,POINT(114.01133658495176 -2.16055177259706),Allison Roberts Jackson,291513/3227104/3961057,3808170710100,murni-apotik-berkah-prima-apotek-sejahtera,963
Amanah Indah Berkah Bintang Apotik Sejahtera,Jl. Anjing Besar Wilayah 76 Kota/Kabupaten PESISIR SELATAN Provinsi SUMATERA BARAT,POINT(100.7034734203935 -1.361592830147993),Chris Smith Jones,440781/231504/377034,96100310101801,amanah-indah-berkah-bintang-apotik-sejahtera,959
Tenaga Tubuh Harmoni Apotik Sejahtera Apotik,Jl. Kebun Cermat Komplek 26 Kota/Kabupaten SINTANG Provinsi KALIMANTAN BARAT,POINT(113.04546922023158 0.0906525923755641),Allison Adams Johnson,1098129/10310722/6373105,1018010348828,tenaga-tubuh-harmoni-apotik-sejahtera-apotik,259
Jaya Tubuh Sejahtera Bumi Pharm Medika,Jl. Tembok Cerdas Daerah 81 Kota/Kabupaten ASMAT Provinsi PAPUA,POINT(139.4230530136863 -5.328294374039142),Matt Martinez Miller,1071386/357523/718173,1342851060910,jaya-tubuh-sejahtera-bumi-pharm-medika,163
Indah Amanah Bintang Sentorsa Pharma Sejahtera,Jl. Pisang Kecil Daerah 24 Kota/Kabupaten LOMBOK BARAT Provinsi NUSA TENGGARA BARAT,POINT(116.22712802879104 -8.59244035384518),Allison Anderson Martin,163891/5523010/1032091,869407711505,indah-amanah-bintang-sentorsa-pharma-sejahtera,45
Bintang Sentorsa Mutiara Amanah Farma Sejahtera,Jl. Kucing Pendek Blok 76 Kota/Kabupaten TAMBRAUW Provinsi PAPUA BARAT,POINT(132.73147333234073 -0.8679505251385002),Alex Martinez Wilson,144504/990205/6330310,1511018408380,bintang-sentorsa-mutiara-amanah-farma-sejahtera,835
Lestari Sentorsa Tubuh Surya Farma Medika,Jl. Anjing Kecil Cluster 72 Kota/Kabupaten BUNGO Provinsi JAMBI,POINT(101.84064155152952 -1.5043294887469152),Chris Adams Brown,891382/25101052/5432610,6579269820110,lestari-sentorsa-tubuh-surya-farma-medika,135
Mawar Tubuh Berkah Bintang Medika Sejahtera,Jl. Mangga Tinggi Daerah 36 Kota/Kabupaten KAPUAS Provinsi KALIMANTAN TENGAH,POINT(114.56184396535971 -1.6315060355848896),Tom Johnson Wilson,376661/71100102/1089063,1818010475765,mawar-tubuh-berkah-bintang-medika-sejahtera,173
Amanah Mawar Tenaga Berkah Pharm Jaya,Jl. Mangga Sejahtera Blok 16 Kota/Kabupaten KOLAKA UTARA Provinsi SULAWESI TENGGARA,POINT(121.23153826620688 -3.6184323755290633),Megan White Taylor,4131021/2106743/3020710,220123105680,amanah-mawar-tenaga-berkah-pharm-jaya,697
Berkah Resep Surya Bakti Apotek Apotik,Jl. Kota Besar Wilayah 72 Kota/Kabupaten LANNY JAYA Provinsi PAPUA,POINT(138.58127360426093 -4.13370508824688),John Anderson Harris,21014101/7104299/217633,51004112101484,berkah-resep-surya-bakti-apotek-apotik,787
Tenaga Medic Berkah Makmur Pharma Jaya,Jl. Kuda Sari Blok 32 Kota/Kabupaten MALINAU Provinsi KALIMANTAN UTARA,POINT(115.34535507088724 1.1347941123639202),John Clark Harris,5301061/220210/1310563,609186788912,tenaga-medic-berkah-makmur-pharma-jaya,741
Amanah Jaya Makmur Berkah Sehat Apotik,Jl. Kebun Indah Cluster 11 Kota/Kabupaten KATINGAN Provinsi KALIMANTAN TENGAH,POINT(113.1560837889602 -1.1474732435492054),Ashley White Garcia,610070/10410127/6108303,265391600085,amanah-jaya-makmur-berkah-sehat-apotik,709
Apotik Surya Sehat Murni Medik Bersama,Jl. Kuda Sejahtera Cluster 13 Kota/Kabupaten OGAN KOMERING ULU Provinsi SUMATERA SELATAN,POINT(104.0988743491878 -4.0688855977781095),Lauren Carter Miller,6991105/31010270/980893,82401061108016,apotik-surya-sehat-murni-medik-bersama,23
Sentorsa Farmasi Nusantara Sejahtera Pharm Farma,Jl. Anjing Cerah Komplek 43 Kota/Kabupaten BONE BOLANGO Provinsi GORONTALO,POINT(123.25639891754818 0.5019183599690251),Megan White Martinez,106455/10529102/3101024,4921009618814,sentorsa-farmasi-nusantara-sejahtera-pharm-farma,166
Mutiara Sehat Tenaga Mawar Jaya Medika,Jl. Jeruk Pintar Blok 41 Kota/Kabupaten ASMAT Provinsi PAPUA,POINT(138.5318529637754 -6.013344605263992),Alex Clark Johnson,461203/235982/31063510,3810100598826,mutiara-sehat-tenaga-mawar-jaya-medika,560
Amanah Surya Sejahtera Bintang Apotik Pharma,Jl. Jeruk Tinggi Cluster 99 Kota/Kabupaten HALMAHERA UTARA Provinsi MALUKU UTARA,POINT(127.91562635778808 2.144581681064184),David Nelson Jackson,455051/300282/869334,3001701081328,amanah-surya-sejahtera-bintang-apotik-pharma,257
Murni Jaya Kimia Badan Jaya Sejahtera,Jl. Sirih Cermat Cluster 12 Kota/Kabupaten FAKFAK Provinsi PAPUA BARAT,POINT(133.05732879023446 -2.862135239100386),Lauren Johnson Johnson,815510/3551020/713339,480116136671,murni-jaya-kimia-badan-jaya-sejahtera,530
Terang Mawar Lestari Medic Bersama Farma,Jl. Jeruk Sejahtera Wilayah 33 Kota/Kabupaten BANYUASIN Provinsi SUMATERA SELATAN,POINT(104.9635752334654 -2.50907839793639),Chris Clark Jackson,3100910/427467/528393,46809091101063,terang-mawar-lestari-medic-bersama-farma,168
Toko Nusantara Mutiara Jaya Medik Bersama,Jl. Durian Sejahtera Blok 64 Kota/Kabupaten TASIKMALAYA Provinsi JAWA BARAT,POINT(108.16683818730564 -7.209076874881757),Michael Harris Robinson,9831710/223880/10141053,415801010710758,toko-nusantara-mutiara-jaya-medik-bersama,875
Mawar Jaya Bintang Badan Bersama Apotek,Jl. Pisang Cerdas Cluster 80 Kota/Kabupaten KUTAI KARTANEGARA Provinsi KALIMANTAN TIMUR,POINT(117.1249398949233 -0.7478943194692071),David Carter Garcia,808816/1026760/10102937,1019263260802,mawar-jaya-bintang-badan-bersama-apotek,660
Sentorsa Harmoni Toko Bintang Sejahtera Pharma,Jl. Ikan Pendek Komplek 9 Kota/Kabupaten MAHAKAM ULU Provinsi KALIMANTAN TIMUR,POINT(114.53579521021636 1.0768828614709367),Sarah Harris Jackson,111112/650312/582963,40810805219106,sentorsa-harmoni-toko-bintang-sejahtera-pharma,460
Lestari Tenaga Toko Tubuh Jaya Apotik,Jl. Tembok Jenius Komplek 19 Kota/Kabupaten LUWU TIMUR Provinsi SULAWESI SELATAN,POINT(120.6615821844026 -2.5058630493939558),Alex Taylor Jones,9101657/3426110/390362,1012840750886,lestari-tenaga-toko-tubuh-jaya-apotik,929
Badan Surya Amanah Prima Bersama Farma,Jl. Rambutan Kecil Blok 65 Kota/Kabupaten SIAK Provinsi RIAU,POINT(101.20081038162638 1.0289844509853996),Alex Thomas Williams,975181/927508/597132,556746683120,badan-surya-amanah-prima-bersama-farma,530
Jaya Jaya Tubuh Tenaga Sehat Bersama,Jl. Sawah Kecil Daerah 87 Kota/Kabupaten SINTANG Provinsi KALIMANTAN BARAT,POINT(111.30490596645971 0.340457351163657),Alex Clark Davis,1041027/105010102/1011703,651857383007,jaya-jaya-tubuh-tenaga-sehat-bersama,72
Harmoni Apotik Prima Murni Farma Sehat,Jl. Kota Jenius Blok 92 Kota/Kabupaten KAPUAS Provinsi KALIMANTAN TENGAH,POINT(114.3569612442502 -3.0808874769786554),Steve Carter Johnson,300101/9202510/203945,64071019510108,harmoni-apotik-prima-murni-farma-sehat,11
Harmoni Terang Sejahtera Jaya Jaya Pharma,Jl. Kuda Cermat Cluster 53 Kota/Kabupaten GARUT Provinsi JAWA BARAT,POINT(107.44216860352708 -7.468248032751186),Sarah Martinez Jones,4267110/3910264/200837,4103063890318,harmoni-terang-sejahtera-jaya-jaya-pharma,496
Kimia Resep Toko Mutiara Pharma Medik,Jl. Anjing Cerah Wilayah 14 Kota/Kabupaten MADIUN Provinsi JAWA TIMUR,POINT(111.57800687346436 -7.619248762932496),John White Miller,816912/8201057/9610340,82803108136210,kimia-resep-toko-mutiara-pharma-medik,281
Surya Medic Cemerlang Tenaga Pharma Sejahtera,Jl. Sawah Pintar Komplek 43 Kota/Kabupaten KATINGAN Provinsi KALIMANTAN TENGAH,POINT(113.2067925602559 -2.805902071040645),Jason Parker Brown,116038/162382/4573310,21001078109051,surya-medic-cemerlang-tenaga-pharma-sejahtera,767
Nusantara Tenaga Cemerlang Bakti Bersama Pharm,Jl. Pisang Pendek Wilayah 95 Kota/Kabupaten ASMAT Provinsi PAPUA,POINT(138.55976630046897 -5.610108846228755),Matt Roberts Thomas,380199/532632/1085093,62101001101048,nusantara-tenaga-cemerlang-bakti-bersama-pharm,582
Tenaga Sejahtera Jaya Prima Sejahtera Apotik,Jl. Sawah Cerdas Cluster 56 Kota/Kabupaten RAJA AMPAT Provinsi PAPUA BARAT,POINT(130.84445719656486 -0.8416068403108934),Matt Harris Wilson,11010115/182532/530132,1220147188710,tenaga-sejahtera-jaya-prima-sejahtera-apotik,444
Berkah Medic Sentorsa Harmoni Bersama Medika,Jl. Tembok Cerah Komplek 19 Kota/Kabupaten KAPUAS Provinsi KALIMANTAN TENGAH,POINT(114.01534363582016 -1.1251492311013038),Katie Nelson Harris,1001504/1070268/36101101,1002079981330,berkah-medic-sentorsa-harmoni-bersama-medika,583
Amanah Obat Nusantara Cemerlang Pharma Pharm,Jl. Rambutan Cerah Cluster 61 Kota/Kabupaten ASMAT Provinsi PAPUA,POINT(139.20994510663783 -5.0788044580844485),Emily Thomas Brown,641470/452364/6101385,985468156390,amanah-obat-nusantara-cemerlang-pharma-pharm,13
Makmur Kimia Badan Bintang Medika Farma,Jl. Jeruk Kecil Wilayah 71 Kota/Kabupaten MELAWI Provinsi KALIMANTAN BARAT,POINT(111.87614769678174 -0.6943264329764709),Mark Johnson Harris,191892/264510/1011213,818816091584,makmur-kimia-badan-bintang-medika-farma,604
Bumi Tubuh Kimia Nusantara Apotek Sehat,Jl. Kucing Jenius Cluster 3 Kota/Kabupaten KONAWE UTARA Provinsi SULAWESI TENGGARA,POINT(122.27941657596162 -3.164464821715061),Jessica Thomas Jackson,651823/297374/224636,186067404933,bumi-tubuh-kimia-nusantara-apotek-sehat,193
Surya Bumi Sehat Sejahtera Apotek Farma,Jl. Jeruk Cermat Komplek 80 Kota/Kabupaten TANAH BUMBU Provinsi KALIMANTAN SELATAN,POINT(115.87887557935372 -3.5724614890746604),Chris Anderson Anderson,198444/8282106/802369,631164500846,surya-bumi-sehat-sejahtera-apotek-farma,176
Surya Apotik Tubuh Obat Medika Pharm,Jl. Anjing Pintar Cluster 14 Kota/Kabupaten HALMAHERA SELATAN Provinsi MALUKU UTARA,POINT(127.86219140453514 -0.7841644543250954),Brittany Thomas Martinez,371128/31101082/10341095,461489016670,surya-apotik-tubuh-obat-medika-pharm,81
Mawar Makmur Bahagia Jaya Bersama Medik,Jl. Ikan Tinggi Komplek 56 Kota/Kabupaten KAIMANA Provinsi PAPUA BARAT,POINT(134.60697116853754 -3.901178953360467),Lauren Johnson Williams,741617/312037/608439,178515405305,mawar-makmur-bahagia-jaya-bersama-medik,66
Medical Medic Bumi Sentorsa Sejahtera Pharm,Jl. Kucing Sari Komplek 12 Kota/Kabupaten KUTAI BARAT Provinsi KALIMANTAN TIMUR,POINT(115.9305627040101 -0.3461441124337536),Alex White Smith,854011/9353210/306737,2905188908910,medical-medic-bumi-sentorsa-sejahtera-pharm,351
Prima Bintang Medic Sejahtera Sejahtera Jaya,Jl. Apel Cerdas Wilayah 59 Kota/Kabupaten KETAPANG Provinsi KALIMANTAN BARAT,POINT(110.76799166410888 -0.7355769511306178),Jason Jackson Davis,831593/7920103/3531071,192389800141,prima-bintang-medic-sejahtera-sejahtera-jaya,422
Bakti Bahagia Makmur Sehat Apotik Farma,Jl. Tembok Sejahtera Daerah 72 Kota/Kabupaten BOVEN DIGOEL Provinsi PAPUA,POINT(139.82620850072058 -5.753540586916453),Steve Martinez Williams,213391/1072062/5310734,100817812732,bakti-bahagia-makmur-sehat-apotik-farma,20
Prima Makmur Bakti Tenaga Medik Sejahtera,Jl. Apel Kecil Komplek 49 Kota/Kabupaten OGAN KOMERING ILIR Provinsi SUMATERA SELATAN,POINT(105.25928500694964 -3.793685316069823),Ashley Hill Jones,1111040/897207/714733,1108103855850,prima-makmur-bakti-tenaga-medik-sejahtera,670
Toko Jaya Makmur Medic Jaya Medika,Jl. Kuda Indah Komplek 60 Kota/Kabupaten BARITO UTARA Provinsi KALIMANTAN TENGAH,POINT(115.11362112750456 -0.9370111580807414),Michael Anderson Davis,2175102/726290/724231,5863310980461,toko-jaya-makmur-medic-jaya-medika,967
Jaya Lestari Harmoni Medic Bersama Sehat,Jl. Jeruk Cerdas Cluster 12 Kota/Kabupaten KOTAWARINGIN TIMUR Provinsi KALIMANTAN TENGAH,POINT(112.80289455229986 -2.020709486229686),Matt Johnson Wilson,611569/9110225/939336,5058104672011,jaya-lestari-harmoni-medic-bersama-sehat,66
Medical Surya Sehat Jaya Medika Sejahtera,Jl. Balai Besar Komplek 2 Kota/Kabupaten PEGUNUNGAN ARFAK Provinsi PAPUA BARAT,POINT(133.67158936707688 -1.3040520027228908),Mark Jackson Anderson,1110989/2248105/457538,1000119860807,medical-surya-sehat-jaya-medika-sejahtera,865
Bintang Sentorsa Surya Amanah Sejahtera Sehat,Jl. Sirih Cerah Wilayah 2 Kota/Kabupaten KEPULAUAN SULA Provinsi MALUKU UTARA,POINT(126.17362415110352 -1.871834946007196),Matt Jones Wilson,292521/512509/1050387,6380175106141,bintang-sentorsa-surya-amanah-sejahtera-sehat,141
Bintang Terang Makmur Kimia Sehat Medika,Jl. Kuda Kecil Wilayah 51 Kota/Kabupaten MUSI BANYUASIN Provinsi SUMATERA SELATAN,POINT(103.30851555806632 -2.4763770758278447),Sarah White Martinez,450841/200540/940355,5315980087106,bintang-terang-makmur-kimia-sehat-medika,159
Nusantara Makmur Sentorsa Indah Farma Sehat,Jl. Kucing Indah Cluster 3 Kota/Kabupaten KOTA SUBULUSSALAM Provinsi ACEH,POINT(97.86836842534484 2.6038699207894997),Michael Harris Martinez,536210/9281083/1038896,5110818410310,nusantara-makmur-sentorsa-indah-farma-sehat,140
Harmoni Prima Makmur Nusantara Jaya Sejahtera,Jl. Sirih Indah Cluster 65 Kota/Kabupaten PENAJAM PASER UTARA Provinsi KALIMANTAN TIMUR,POINT(116.47826489983224 -1.0026181466295938),Matt Brown Moore,165540/222178/153725,620175338910,harmoni-prima-makmur-nusantara-jaya-sejahtera,840
Harmoni Tubuh Surya Jaya Bersama Sehat,Jl. Mangga Besar Blok 83 Kota/Kabupaten BELITUNG TIMUR Provinsi KEPULAUAN BANGKA BELITUNG,POINT(108.15555114130731 -3.1498455293716736),Tom Hill Smith,2143105/302335/69101036,23210010240851,harmoni-tubuh-surya-jaya-bersama-sehat,374
Sentorsa Indah Resep Obat Sejahtera Sejahtera,Jl. Gedung Kecil Cluster 97 Kota/Kabupaten PELALAWAN Provinsi RIAU,POINT(101.60852012353124 -0.1692412777603777),Tom Johnson Robinson,8810391/10271210/1023961,250118113717,sentorsa-indah-resep-obat-sejahtera-sejahtera,253
Sehat Farmasi Amanah Resep Sehat Sejahtera,Jl. Duku Sejahtera Blok 55 Kota/Kabupaten NUNUKAN Provinsi KALIMANTAN UTARA,POINT(116.89348802207329 4.199380828520145),Tom Adams Miller,144120/732332/832991,8668129204110,sehat-farmasi-amanah-resep-sehat-sejahtera,348
Prima Mutiara Makmur Kimia Medik Jaya,Jl. Pisang Cerdas Blok 86 Kota/Kabupaten PULAU TALIABU Provinsi MALUKU UTARA,POINT(124.38032505971722 -1.893331026636906),Ashley White Moore,6910110/154826/579733,820006105640,prima-mutiara-makmur-kimia-medik-jaya,251
Makmur Terang Prima Surya Pharm Sehat,Jl. Kuda Jenius Cluster 21 Kota/Kabupaten MAPPI Provinsi PAPUA,POINT(139.33029192247523 -5.840156302143122),Michael Brown Brown,116831/726791/488383,873031114155,makmur-terang-prima-surya-pharm-sehat,120
Nusantara Medic Apotik Bumi Jaya Farma,Jl. Ikan Cepat Blok 88 Kota/Kabupaten DELI SERDANG Provinsi SUMATERA UTARA,POINT(98.74105289924384 3.256783989853272),Ashley White Martinez,6110182/9112610/3681083,530628183683,nusantara-medic-apotik-bumi-jaya-farma,370
Harmoni Indah Badan Amanah Sejahtera Medika,Jl. Anjing Jenius Wilayah 40 Kota/Kabupaten BULUNGAN Provinsi KALIMANTAN UTARA,POINT(117.07410615013436 3.198602065368579),Jessica White Jackson,101010137/382072/339309,57851070106163,harmoni-indah-badan-amanah-sejahtera-medika,960
Bintang Sejahtera Berkah Indah Jaya Apotek,Jl. Gajah Kecil Wilayah 68 Kota/Kabupaten MANGGARAI Provinsi NUSA TENGGARA TIMUR,POINT(120.30288819961808 -8.346236306426986),Katie Williams Williams,371153/273167/483825,7921018130179,bintang-sejahtera-berkah-indah-jaya-apotek,621
Medical Bumi Tenaga Cemerlang Apotik Medik,Jl. Sirih Tinggi Daerah 4 Kota/Kabupaten LAHAT Provinsi SUMATERA SELATAN,POINT(103.46557221665768 -3.716786874258679),Mark Nelson Davis,281821/3092510/1024637,7904161021886,medical-bumi-tenaga-cemerlang-apotik-medik,571
Bintang Jaya Sentorsa Makmur Pharma Medik,Jl. Sawah Indah Wilayah 46 Kota/Kabupaten PUNCAK JAYA Provinsi PAPUA,POINT(137.66524384478646 -3.338571693561139),David Jackson Martin,710070/256429/893446,828540911582,bintang-jaya-sentorsa-makmur-pharma-medik,519
Medical Badan Murni Jaya Sejahtera Sehat,Jl. Pisang Pendek Komplek 7 Kota/Kabupaten LAMPUNG TENGAH Provinsi LAMPUNG,POINT(104.94434088784834 -5.253980916798086),John Jones Thomas,10108291/8041028/390042,460092188953,medical-badan-murni-jaya-sejahtera-sehat,871
Murni Bahagia Tubuh Indah Medik Pharm,Jl. Tembok Indah Komplek 81 Kota/Kabupaten LAMPUNG TENGAH Provinsi LAMPUNG,POINT(104.93269685477196 -5.221024848919597),Michael Hill Jackson,488105/406271/3100357,641901306478,murni-bahagia-tubuh-indah-medik-pharm,274
Tenaga Jaya Sejahtera Murni Sehat Apotik,Jl. Gunung Besar Wilayah 44 Kota/Kabupaten KEPULAUAN ARU Provinsi MALUKU,POINT(134.5641658685022 -6.02017494676209),Jason Nelson Thomas,8915210/828588/443602,46101810004402,tenaga-jaya-sejahtera-murni-sehat-apotik,690
Surya Bumi Lestari Bahagia Sehat Jaya,Jl. Ikan Cermat Cluster 65 Kota/Kabupaten PASER Provinsi KALIMANTAN TIMUR,POINT(116.18144436141196 -1.9519537785279013),Katie Martinez Robinson,888231/217302/337984,5151341874100,surya-bumi-lestari-bahagia-sehat-jaya,724
Sehat Tenaga Bumi Tubuh Pharma Apotek,Jl. Gunung Cerah Blok 16 Kota/Kabupaten NUNUKAN Provinsi KALIMANTAN UTARA,POINT(117.37286925637518 3.753120333254588),Jason Hill Anderson,290417/2917010/381303,3118880481057,sehat-tenaga-bumi-tubuh-pharma-apotek,362
Murni Bakti Bintang Nusantara Apotik Pharma,Jl. Gunung Cermat Daerah 3 Kota/Kabupaten MERAUKE Provinsi PAPUA,POINT(140.5534502766757 -8.390297160574795),Chris Roberts White,213020/4621051/3553107,1011090108141,murni-bakti-bintang-nusantara-apotik-pharma,855
Murni Prima Tenaga Indah Pharm Sejahtera,Jl. Sirih Kecil Wilayah 38 Kota/Kabupaten PAHUWATO Provinsi GORONTALO,POINT(121.8674694333433 0.6940354646866194),Matt Lewis Taylor,865010/120309/1107839,810117310410907,murni-prima-tenaga-indah-pharm-sejahtera,879
Sentorsa Harmoni Apotik Surya Medik Pharma,Jl. Mangga Besar Komplek 77 Kota/Kabupaten AGAM Provinsi SUMATERA BARAT,POINT(99.95393214933742 -0.3430188439757913),Lauren Taylor Martinez,668413/999271/433261,811645312076,sentorsa-harmoni-apotik-surya-medik-pharma,351
Tenaga Sejahtera Mawar Surya Medika Apotik,Jl. Anjing Cermat Blok 4 Kota/Kabupaten KOLAKA UTARA Provinsi SULAWESI TENGGARA,POINT(121.40345945876338 -3.3783415173088738),David Smith Taylor,345310/752209/935034,87810164510000,tenaga-sejahtera-mawar-surya-medika-apotik,910
Lestari Prima Tenaga Bakti Apotek Sejahtera,Jl. Pisang Cerdas Komplek 91 Kota/Kabupaten PENAJAM PASER UTARA Provinsi KALIMANTAN TIMUR,POINT(116.64418462849032 -1.394383581247025),Alex Brown White,4176104/688925/429038,113269811706,lestari-prima-tenaga-bakti-apotek-sejahtera,961
Amanah Badan Cemerlang Surya Medik Apotik,Jl. Ikan Pintar Blok 68 Kota/Kabupaten BURU Provinsi MALUKU,POINT(126.29894430127148 -3.240427903027812),Katie Anderson Wilson,337231/2109882/680632,8432485901010,amanah-badan-cemerlang-surya-medik-apotik,940
Apotik Resep Bintang Badan Sehat Jaya,Jl. Rambutan Pendek Daerah 32 Kota/Kabupaten PUNCAK Provinsi PAPUA,POINT(137.4796109858592 -3.776485250221377),Chris Carter Williams,2110366/716422/547539,10010661085700,apotik-resep-bintang-badan-sehat-jaya,640
Surya Surya Sehat Berkah Pharm Apotik,Jl. Balai Cerah Cluster 35 Kota/Kabupaten KOTABARU Provinsi KALIMANTAN SELATAN,POINT(116.21011921135155 -2.649275783007262),Allison Lewis Garcia,1059215/213958/899493,9406310411789,surya-surya-sehat-berkah-pharm-apotik,324
Amanah Toko Prima Medical Sejahtera Jaya,Jl. Apel Kecil Komplek 41 Kota/Kabupaten PASER Provinsi KALIMANTAN TIMUR,POINT(115.9363844963473 -1.6716781698765324),Alex Parker Martin,467401/4128101/323053,31106910858093,amanah-toko-prima-medical-sejahtera-jaya,991
Prima Bahagia Sehat Medic Sejahtera Medik,Jl. Jeruk Cerdas Blok 19 Kota/Kabupaten TANAH BUMBU Provinsi KALIMANTAN SELATAN,POINT(115.88551744646496 -3.342234530777783),Matt Martinez Martin,692518/2923210/38104108,464812078012,prima-bahagia-sehat-medic-sejahtera-medik,545
Tubuh Lestari Nusantara Jaya Sejahtera Medika,Jl. Jeruk Pintar Wilayah 30 Kota/Kabupaten REJANG LEBONG Provinsi BENGKULU,POINT(102.79647207803336 -3.449333475298002),Emily Harris Martin,1129100/594252/5601033,784307615102,tubuh-lestari-nusantara-jaya-sejahtera-medika,424
Berkah Bakti Tubuh Indah Bersama Apotik,Jl. Anjing Tinggi Daerah 60 Kota/Kabupaten KUTAI KARTANEGARA Provinsi KALIMANTAN TIMUR,POINT(116.581513398866 -0.4259529670520798),Lauren Johnson Johnson,151929/862785/849430,418147842076,berkah-bakti-tubuh-indah-bersama-apotik,19
Surya Sentorsa Farmasi Mutiara Sejahtera Apotek,Jl. Tembok Tinggi Wilayah 10 Kota/Kabupaten PENAJAM PASER UTARA Provinsi KALIMANTAN TIMUR,POINT(116.51666141869876 -1.2138275315099882),David White Wilson,361565/219256/130675,1890248500108,surya-sentorsa-farmasi-mutiara-sejahtera-apotek,762
Amanah Surya Jaya Makmur Pharma Sehat,Jl. Balai Cepat Cluster 46 Kota/Kabupaten BANGKA BARAT Provinsi KEPULAUAN BANGKA BELITUNG,POINT(105.3121122216551 -2.133667882827813),Steve Harris Thompson,471761/219548/5352101,312900514841,amanah-surya-jaya-makmur-pharma-sehat,370
Jaya Toko Kimia Jaya Farma Apotek,Jl. Sawah Cepat Blok 47 Kota/Kabupaten PONOROGO Provinsi JAWA TIMUR,POINT(111.3700844536252 -7.880691170126699),Megan Nelson Wilson,241157/520295/1105376,1140583751004,jaya-toko-kimia-jaya-farma-apotek,110
Apotik Sentorsa Bakti Medic Sejahtera Pharm,Jl. Kota Cerdas Blok 90 Kota/Kabupaten KATINGAN Provinsi KALIMANTAN TENGAH,POINT(113.28082064191044 -1.4097956311868227),Tom Martinez Martin,175643/229588/2473103,9018261527710,apotik-sentorsa-bakti-medic-sejahtera-pharm,770
Resep Medic Prima Bahagia Jaya Apotek,Jl. Mangga Jenius Komplek 75 Kota/Kabupaten MURUNG RAYA Provinsi KALIMANTAN TENGAH,POINT(114.00659822133154 0.3618827495953383),Tom Adams Brown,2185101/622629/3110769,616106110808,resep-medic-prima-bahagia-jaya-apotek,158
Cemerlang Murni Indah Bintang Pharma Apotek,Jl. Sawah Cerdas Daerah 42 Kota/Kabupaten MUSI BANYUASIN Provinsi SUMATERA SELATAN,POINT(104.31423289801626 -2.4648288230952584),Tom Lewis Harris,681446/5102375/825303,1009830481307,cemerlang-murni-indah-bintang-pharma-apotek,654
Terang Obat Surya Bahagia Medika Apotek,Jl. Ikan Kecil Blok 33 Kota/Kabupaten MERAUKE Provinsi PAPUA,POINT(140.7098916315075 -8.50365113625811),Alex Lewis Thomas,461826/829184/543265,3618258609010,terang-obat-surya-bahagia-medika-apotek,845
Medical Mutiara Tubuh Indah Bersama Farma,Jl. Mangga Cermat Daerah 2 Kota/Kabupaten LUWU TIMUR Provinsi SULAWESI SELATAN,POINT(121.6212348180912 -2.655311728059285),Emily Adams Jones,858102/692940/983023,91031100418059,medical-mutiara-tubuh-indah-bersama-farma,277
Sejahtera Farmasi Terang Surya Pharma Apotek,Jl. Pisang Tinggi Wilayah 53 Kota/Kabupaten MERAUKE Provinsi PAPUA,POINT(140.66239454090203 -7.846738411754885),Sarah Adams Martinez,3201410/492172/4108063,4912870019108,sejahtera-farmasi-terang-surya-pharma-apotek,363
Murni Surya Sehat Sentorsa Medika Farma,Jl. Pisang Kecil Blok 97 Kota/Kabupaten MIMIKA Provinsi PAPUA,POINT(136.0061535931426 -4.385011811813888),Allison Carter White,961101/620727/8410238,101816371181,murni-surya-sehat-sentorsa-medika-farma,744
Bintang Berkah Prima Murni Medik Jaya,Jl. Kucing Cepat Cluster 34 Kota/Kabupaten BOVEN DIGOEL Provinsi PAPUA,POINT(140.5942193630719 -6.745005902769921),Rachel Lewis Martinez,195103/723570/7110737,160986760157,bintang-berkah-prima-murni-medik-jaya,2
Jaya Bakti Murni Sehat Medik Medika,Jl. Mangga Cerdas Cluster 70 Kota/Kabupaten SUKAMARA Provinsi KALIMANTAN TENGAH,POINT(111.18976133044364 -2.2634327228042945),Jessica Martinez Robinson,21641010/7210597/31025106,808631965450,jaya-bakti-murni-sehat-medik-medika,681
Tubuh Murni Bintang Medical Medik Sejahtera,Jl. Gedung Tinggi Wilayah 6 Kota/Kabupaten KOTA DUMAI Provinsi RIAU,POINT(101.1552421938584 1.94433205775454),Mark Adams White,813693/922192/118318,815052965531,tubuh-murni-bintang-medical-medik-sejahtera,520
Medic Obat Berkah Bakti Bersama Sejahtera,Jl. Gedung Cepat Wilayah 41 Kota/Kabupaten PENUKAL ABAB LEMATANG ILIR Provinsi SUMATERA SELATAN,POINT(103.97566902509593 -3.0399755708174334),Rachel Taylor Brown,3481012/412779/273832,1095905180979,medic-obat-berkah-bakti-bersama-sejahtera,240
Farmasi Mawar Bakti Bumi Sejahtera Apotek,Jl. Kebun Indah Daerah 24 Kota/Kabupaten MERAUKE Provinsi PAPUA,POINT(140.83337370693005 -7.0367151185647625),Brittany Jackson Jackson,481602/4332104/932684,409148386304,farmasi-mawar-bakti-bumi-sejahtera-apotek,2
Makmur Bumi Sentorsa Jaya Sehat Sejahtera,Jl. Kuda Sejahtera Cluster 51 Kota/Kabupaten ASMAT Provinsi PAPUA,POINT(138.60919229800217 -5.342575977859565),Jessica Nelson Garcia,3461011/425243/105443,101010010870417,makmur-bumi-sentorsa-jaya-sehat-sejahtera,27
Kimia Murni Lestari Terang Sejahtera Bersama,Jl. Duku Pendek Daerah 83 Kota/Kabupaten TANGGAMUS Provinsi LAMPUNG,POINT(104.95250786767382 -5.650085962777414),Jessica Johnson Martinez,3102412/1046124/3118101,16387678106010,kimia-murni-lestari-terang-sejahtera-bersama,99
Apotik Obat Bahagia Tubuh Sehat Sejahtera,Jl. Mangga Sejahtera Wilayah 32 Kota/Kabupaten BERAU Provinsi KALIMANTAN TIMUR,POINT(117.79348276029536 1.9323587088523555),David Taylor Robinson,220102/411682/3106163,688811789630,apotik-obat-bahagia-tubuh-sehat-sejahtera,631
Cemerlang Lestari Nusantara Sentorsa Medik Farma,Jl. Duku Tinggi Cluster 69 Kota/Kabupaten KETAPANG Provinsi KALIMANTAN BARAT,POINT(110.88753475928694 -2.0679101881374287),Alex Carter Taylor,9011039/10910248/3068108,2421089201508,cemerlang-lestari-nusantara-sentorsa-medik-farma,362
Bahagia Bintang Sehat Lestari Medika Apotik,Jl. Gunung Cerah Komplek 49 Kota/Kabupaten MAMBERAMO RAYA Provinsi PAPUA,POINT(137.31501034893844 -2.5936844524069524),Ashley Hill Davis,690411/2102517/953707,1001190517189,bahagia-bintang-sehat-lestari-medika-apotik,109
Terang Cemerlang Berkah Medic Apotek Sehat,Jl. Gedung Sari Wilayah 94 Kota/Kabupaten MUSI RAWAS UTARA Provinsi SUMATERA SELATAN,POINT(102.59784470081854 -2.980785460731882),Lauren Hill Harris,319714/662273/379863,885051674670,terang-cemerlang-berkah-medic-apotek-sehat,353
Mutiara Obat Amanah Makmur Apotek Bersama,Jl. Durian Tinggi Wilayah 52 Kota/Kabupaten KEPULAUAN ARU Provinsi MALUKU,POINT(134.43192554367394 -6.391956839335165),Megan Taylor Garcia,591034/9861026/374749,313799608796,mutiara-obat-amanah-makmur-apotek-bersama,301
Berkah Harmoni Jaya Bakti Farma Medik,Jl. Rambutan Cepat Wilayah 64 Kota/Kabupaten SINTANG Provinsi KALIMANTAN BARAT,POINT(112.54669308211072 -0.4193658041895443),Tom Anderson Thompson,881523/2610745/383203,108125330683,berkah-harmoni-jaya-bakti-farma-medik,164
Badan Murni Resep Mawar Apotik Sejahtera,Jl. Anjing Besar Blok 76 Kota/Kabupaten MAPPI Provinsi PAPUA,POINT(139.00009644777302 -5.88115089246959),David Nelson Thomas,1105541/952138/438834,904878922841,badan-murni-resep-mawar-apotik-sejahtera,920
Terang Murni Makmur Obat Pharm Farma,Jl. Kuda Cerah Komplek 61 Kota/Kabupaten PANDEGLANG Provinsi BANTEN,POINT(106.05073549789935 -6.324942341193693),Sarah Nelson Smith,2222110/2106733/3432100,160075901248,terang-murni-makmur-obat-pharm-farma,458
Bahagia Sentorsa Nusantara Badan Medika Pharm,Jl. Kucing Indah Komplek 15 Kota/Kabupaten KAIMANA Provinsi PAPUA BARAT,POINT(134.8602047791888 -4.184003713889624),Lauren Nelson Robinson,140010/1072029/8134610,812093491013,bahagia-sentorsa-nusantara-badan-medika-pharm,557
Terang Apotik Lestari Bakti Apotek Sehat,Jl. Kota Besar Komplek 45 Kota/Kabupaten ROKAN HILIR Provinsi RIAU,POINT(101.0177903996009 1.7369463433148038),Ashley Parker Martin,918191/3221032/463057,184403232941,terang-apotik-lestari-bakti-apotek-sehat,70
Apotik Indah Nusantara Sehat Jaya Apotek,Jl. Kebun Jenius Daerah 94 Kota/Kabupaten TEBO Provinsi JAMBI,POINT(102.29002855970732 -1.2309035086681757),Michael Harris White,552161/652521/630087,9610110939208,apotik-indah-nusantara-sehat-jaya-apotek,571
Jaya Berkah Terang Toko Pharm Sehat,Jl. Kebun Indah Cluster 74 Kota/Kabupaten BONE Provinsi SULAWESI SELATAN,POINT(120.24221565498694 -4.320428999648447),Rachel Thomas Taylor,754261/231596/391816,124888500461,jaya-berkah-terang-toko-pharm-sehat,614
Bumi Lestari Jaya Obat Medika Sejahtera,Jl. Gunung Kecil Wilayah 92 Kota/Kabupaten MOROWALI UTARA Provinsi SULAWESI TENGAH,POINT(120.97115331256845 -1.6749185611658035),Rachel Anderson Jackson,2014510/632933/930632,382802021471,bumi-lestari-jaya-obat-medika-sejahtera,338
Surya Prima Surya Berkah Sejahtera Pharma,Jl. Gajah Pintar Blok 72 Kota/Kabupaten OGAN KOMERING ILIR Provinsi SUMATERA SELATAN,POINT(105.48982990482956 -2.4895980641774926),Tom Clark White,568501/462723/328320,71410111050189,surya-prima-surya-berkah-sejahtera-pharma,274
Sejahtera Mawar Lestari Murni Bersama Sejahtera,Jl. Tembok Pintar Wilayah 99 Kota/Kabupaten MERAUKE Provinsi PAPUA,POINT(138.83519165775178 -7.428523651737878),Michael Nelson Jones,2811082/582540/41010033,427503287102,sejahtera-mawar-lestari-murni-bersama-sejahtera,346
Mawar Bumi Indah Apotik Medika Bersama,Jl. Gedung Pintar Daerah 90 Kota/Kabupaten MAHAKAM ULU Provinsi KALIMANTAN TIMUR,POINT(114.94647523509948 0.2132005971946071),Emily Williams Johnson,6954101/172370/7311071,576141158080,mawar-bumi-indah-apotik-medika-bersama,574
Surya Tenaga Bakti Sentorsa Apotek Medika,Jl. Kuda Cermat Blok 15 Kota/Kabupaten POSO Provinsi SULAWESI TENGAH,POINT(120.72780055461718 -2.1072374577630804),John Adams Johnson,480192/2329710/91043710,434280811236,surya-tenaga-bakti-sentorsa-apotek-medika,13
Harmoni Berkah Sehat Bakti Jaya Bersama,Jl. Sawah Tinggi Wilayah 95 Kota/Kabupaten MAMASA Provinsi SULAWESI BARAT,POINT(119.3312374540613 -2.8885974767411007),Steve Carter Thomas,831249/284172/831723,529080456118,harmoni-berkah-sehat-bakti-jaya-bersama,233
Medic Berkah Bakti Apotik Sehat Farma,Jl. Sirih Jenius Daerah 64 Kota/Kabupaten ACEH BESAR Provinsi ACEH,POINT(95.28203962007623 5.498585722146258),Lauren Clark Thomas,318616/3101820/362826,797918291150,medic-berkah-bakti-apotik-sehat-farma,203
Sentorsa Tenaga Bakti Surya Pharm Apotek,Jl. Jeruk Pendek Cluster 87 Kota/Kabupaten FAKFAK Provinsi PAPUA BARAT,POINT(132.5947947213768 -2.876366365432549),Brittany Jackson Harris,480172/264707/939957,1781018083204,sentorsa-tenaga-bakti-surya-pharm-apotek,180
Terang Bumi Medic Farmasi Pharma Bersama,Jl. Apel Cerah Blok 18 Kota/Kabupaten BOVEN DIGOEL Provinsi PAPUA,POINT(139.99145918228388 -5.2102134962758),David Hill Miller,723194/5710629/119673,106148759809,terang-bumi-medic-farmasi-pharma-bersama,348
Apotik Sentorsa Prima Makmur Pharma Farma,Jl. Sirih Kecil Komplek 59 Kota/Kabupaten SERAM BAGIAN BARAT Provinsi MALUKU,POINT(128.49196371575422 -3.403659504924517),Matt Jackson Anderson,74101010/902967/435659,1072687957810,apotik-sentorsa-prima-makmur-pharma-farma,973
Terang Medical Surya Prima Sehat Sejahtera,Jl. Jeruk Pendek Daerah 88 Kota/Kabupaten KOTA BANJAR Provinsi JAWA BARAT,POINT(108.57042357195698 -7.428033589302874),Brittany Nelson Smith,753812/727572/783778,7590510930081,terang-medical-surya-prima-sehat-sejahtera,348
Terang Bakti Lestari Sentorsa Medika Medik,Jl. Kuda Besar Blok 63 Kota/Kabupaten PAHUWATO Provinsi GORONTALO,POINT(121.57840190937684 0.619175489441746),Sarah Parker Martinez,581670/226258/857463,6107180907418,terang-bakti-lestari-sentorsa-medika-medik,382
Farmasi Indah Terang Nusantara Apotik Farma,Jl. Ikan Cermat Daerah 85 Kota/Kabupaten PASAMAN Provinsi SUMATERA BARAT,POINT(100.17364541383888 0.427232108128706),David Jackson Moore,2711002/438926/390945,10886180217710,farmasi-indah-terang-nusantara-apotik-farma,263
Farmasi Murni Mawar Sentorsa Medika Bersama,Jl. Kucing Besar Cluster 58 Kota/Kabupaten TIMOR TENGAH UTARA Provinsi NUSA TENGGARA TIMUR,POINT(124.53326287720223 -9.401361704170782),John Nelson Thomas,153212/6109263/436381,7003910103849,farmasi-murni-mawar-sentorsa-medika-bersama,4
Jaya Bahagia Sentorsa Tubuh Medika Pharm,Jl. Mangga Cerah Blok 52 Kota/Kabupaten LABUHANBATU SELATAN Provinsi SUMATERA UTARA,POINT(99.78831162427564 1.7766405007598909),John White Wilson,487621/3222109/733430,30087418271010,jaya-bahagia-sentorsa-tubuh-medika-pharm,914
Mutiara Harmoni Bumi Toko Sehat Bersama,Jl. Ikan Cermat Daerah 69 Kota/Kabupaten BERAU Provinsi KALIMANTAN TIMUR,POINT(116.52588382388166 2.0304330650039386),Katie Smith Martinez,5091018/1050121/506538,113700148710,mutiara-harmoni-bumi-toko-sehat-bersama,75
Bintang Medical Mawar Obat Sejahtera Pharm,Jl. Rambutan Tinggi Cluster 17 Kota/Kabupaten YAHUKIMO Provinsi PAPUA,POINT(138.98718873647022 -4.253462936742687),Allison Jones Harris,1491109/9106628/337302,46921990810010,bintang-medical-mawar-obat-sejahtera-pharm,752
Cemerlang Bahagia Prima Medical Medik Apotek,Jl. Ikan Cepat Daerah 88 Kota/Kabupaten POSO Provinsi SULAWESI TENGAH,POINT(120.49739631392715 -1.7809172681036447),Megan Johnson White,1102341/682405/3630710,6428100150744,cemerlang-bahagia-prima-medical-medik-apotek,193
Murni Badan Bahagia Prima Pharm Sehat,Jl. Anjing Tinggi Daerah 98 Kota/Kabupaten SUMBAWA Provinsi NUSA TENGGARA BARAT,POINT(117.50730348556888 -8.862422202217815),Emily Anderson Wilson,713631/445932/348233,843183067700,murni-badan-bahagia-prima-pharm-sehat,230
Nusantara Surya Tenaga Prima Jaya Bersama,Jl. Jeruk Pendek Komplek 5 Kota/Kabupaten BERAU Provinsi KALIMANTAN TIMUR,POINT(116.87516729293188 1.625057627055675),Ashley Smith Martin,202192/9929102/2572103,981131308022,nusantara-surya-tenaga-prima-jaya-bersama,168
Makmur Cemerlang Sentorsa Indah Jaya Pharm,Jl. Kucing Pendek Komplek 100 Kota/Kabupaten NATUNA Provinsi KEPULAUAN RIAU,POINT(108.19582103452127 3.72074659843306),Steve Williams Garcia,61010120/102100910/325395,4554401831810,makmur-cemerlang-sentorsa-indah-jaya-pharm,224
Amanah Lestari Terang Resep Sehat Medik,Jl. Anjing Pintar Wilayah 10 Kota/Kabupaten KOLAKA Provinsi SULAWESI TENGGARA,POINT(121.5465947860274 -3.9922435849741262),Mark Martinez Brown,750910/1034682/141331,980348135818,amanah-lestari-terang-resep-sehat-medik,626
Apotik Sehat Mawar Cemerlang Apotik Medik,Jl. Balai Pintar Blok 5 Kota/Kabupaten MUSI RAWAS UTARA Provinsi SUMATERA SELATAN,POINT(102.34190651019568 -2.698192915750063),Sarah Martinez Moore,743914/132072/2310210,2861089105774,apotik-sehat-mawar-cemerlang-apotik-medik,56
Jaya Bahagia Bakti Kimia Medik Jaya,Jl. Kebun Cerdas Komplek 42 Kota/Kabupaten KETAPANG Provinsi KALIMANTAN BARAT,POINT(110.27774014525968 -2.776477288398219),Alex Adams Jones,961321/4974210/239219,4802349316010,jaya-bahagia-bakti-kimia-medik-jaya,340
Obat Prima Jaya Nusantara Sejahtera Jaya,Jl. Ikan Cepat Wilayah 9 Kota/Kabupaten BERAU Provinsi KALIMANTAN TIMUR,POINT(117.03348963814544 1.969879994148405),Matt Smith Harris,610314/262217/632900,12581008021011,obat-prima-jaya-nusantara-sejahtera-jaya,446
Jaya Indah Murni Tenaga Apotek Farma,Jl. Pisang Cepat Komplek 33 Kota/Kabupaten MAMUJU Provinsi SULAWESI BARAT,POINT(119.24662995282488 -2.6462558920333024),Allison Carter Jackson,346551/700382/735816,10338191038830,jaya-indah-murni-tenaga-apotek-farma,280
Badan Jaya Lestari Makmur Farma Medika,Jl. Kota Tinggi Cluster 55 Kota/Kabupaten DONGGALA Provinsi SULAWESI TENGAH,POINT(119.990786370988 0.4577459861459942),Ashley Taylor Moore,674015/3310312/9203910,6110969068719,badan-jaya-lestari-makmur-farma-medika,3
Bumi Farmasi Medical Indah Sejahtera Medik,Jl. Ikan Pintar Daerah 63 Kota/Kabupaten MAMBERAMO RAYA Provinsi PAPUA,POINT(138.4834746970575 -2.6318741256500573),Chris Nelson Harris,8119102/42810101/838356,2513001938910,bumi-farmasi-medical-indah-sejahtera-medik,124
Makmur Nusantara Sehat Medical Sejahtera Sehat,Jl. Jeruk Pendek Cluster 77 Kota/Kabupaten DONGGALA Provinsi SULAWESI TENGAH,POINT(120.11557887045106 0.5440672334384313),Matt Smith Miller,431851/2701042/332044,9184018010810,makmur-nusantara-sehat-medical-sejahtera-sehat,362
Indah Jaya Bintang Kimia Pharm Bersama,Jl. Balai Kecil Wilayah 30 Kota/Kabupaten TOJO UNA-UNA Provinsi SULAWESI TENGAH,POINT(122.2914812175832 -0.2682015475388564),Tom Smith Garcia,496318/88101042/143010,691048908007,indah-jaya-bintang-kimia-pharm-bersama,642
Amanah Medical Indah Surya Bersama Apotik,Jl. Kebun Cermat Wilayah 16 Kota/Kabupaten POSO Provinsi SULAWESI TENGAH,POINT(120.71506792123918 -2.1853529387879598),Lauren Nelson Taylor,4108137/1083282/434498,738885562130,amanah-medical-indah-surya-bersama-apotik,611
Apotik Berkah Nusantara Terang Apotik Medik,Jl. Gedung Cermat Cluster 88 Kota/Kabupaten TANJUNG JABUNG TIMUR Provinsi JAMBI,POINT(104.38921071110182 -1.236042747999219),Sarah Harris Jones,98410110/226000/330937,104308391651,apotik-berkah-nusantara-terang-apotik-medik,719
Harmoni Bintang Sejahtera Bumi Medika Jaya,Jl. Gedung Besar Daerah 26 Kota/Kabupaten SELUMA Provinsi BENGKULU,POINT(102.57141545601908 -4.070746036556162),Mark Martinez White,331448/464261/331940,41010810281526,harmoni-bintang-sejahtera-bumi-medika-jaya,259
Surya Tubuh Bahagia Prima Bersama Farma,Jl. Duku Cepat Blok 20 Kota/Kabupaten SUMEDANG Provinsi JAWA BARAT,POINT(108.07903905688892 -6.768190660060415),Steve Thomas Jones,101011060/1097237/994318,10461003009819,surya-tubuh-bahagia-prima-bersama-farma,676
Makmur Sejahtera Prima Obat Pharma Apotek,Jl. Kebun Cerdas Cluster 96 Kota/Kabupaten BADUNG Provinsi BALI,POINT(115.2161772536789 -8.39601051840369),John Johnson Martin,980612/482682/103474,842210607182,makmur-sejahtera-prima-obat-pharma-apotek,260
Indah Prima Mutiara Apotik Sejahtera Farma,Jl. Jeruk Jenius Wilayah 62 Kota/Kabupaten PELALAWAN Provinsi RIAU,POINT(101.71574523112648 -0.1651388123671964),Brittany White Brown,5143107/283029/433757,880413101081008,indah-prima-mutiara-apotik-sejahtera-farma,875
Sentorsa Jaya Lestari Bintang Pharma Pharm,Jl. Kota Cermat Komplek 79 Kota/Kabupaten KUTAI KARTANEGARA Provinsi KALIMANTAN TIMUR,POINT(116.96040164961894 0.0132213597010686),Rachel Smith Jackson,545172/10951062/662384,22009810107510,sentorsa-jaya-lestari-bintang-pharma-pharm,807
Surya Sejahtera Indah Badan Sehat Sejahtera,Jl. Ikan Cerdas Daerah 32 Kota/Kabupaten INTAN JAYA Provinsi PAPUA,POINT(137.0720539161573 -3.821080818007912),Matt Adams Moore,1054214/215317/812630,1028033148889,surya-sejahtera-indah-badan-sehat-sejahtera,53
Jaya Mutiara Sehat Bumi Medika Farma,Jl. Apel Cerdas Blok 6 Kota/Kabupaten MUARA ENIM Provinsi SUMATERA SELATAN,POINT(104.12711470582056 -3.419277674175018),Megan Thomas Martin,772113/2810292/275037,16510083109105,jaya-mutiara-sehat-bumi-medika-farma,75
Sejahtera Medical Surya Toko Sejahtera Medik,Jl. Ikan Cerdas Wilayah 68 Kota/Kabupaten MERAUKE Provinsi PAPUA,POINT(140.47577655696531 -7.730360836780702),Tom Thomas Thomas,101044/2121055/453160,3807126281011,sejahtera-medical-surya-toko-sejahtera-medik,855
Berkah Bintang Kimia Obat Sehat Bersama,Jl. Tembok Kecil Daerah 88 Kota/Kabupaten PANIAI Provinsi PAPUA,POINT(136.2145542283179 -3.459386268429453),John Williams Thompson,133460/404253/2633710,82114410760107,berkah-bintang-kimia-obat-sehat-bersama,9
Jaya Bintang Bahagia Kimia Sehat Pharma,Jl. Kuda Cerdas Blok 49 Kota/Kabupaten SUKAMARA Provinsi KALIMANTAN TENGAH,POINT(110.98198104460552 -3.0541118905141404),Jessica Martinez White,191064/1102449/3067101,880539270016,jaya-bintang-bahagia-kimia-sehat-pharma,907
Surya Kimia Sentorsa Prima Medika Medik,Jl. Kuda Sari Blok 34 Kota/Kabupaten BANGGAI Provinsi SULAWESI TENGAH,POINT(122.5226250631402 -1.1043571846224651),Ashley Martinez Brown,1091431/7147102/3100405,44801015050510,surya-kimia-sentorsa-prima-medika-medik,642
Makmur Resep Apotik Murni Apotek Farma,Jl. Durian Tinggi Daerah 100 Kota/Kabupaten KOLAKA UTARA Provinsi SULAWESI TENGGARA,POINT(121.11258443787912 -2.904030401218577),Katie Parker Davis,711837/1012192/5107423,110586800477,makmur-resep-apotik-murni-apotek-farma,559
Bakti Indah Tenaga Harmoni Pharma Bersama,Jl. Kebun Cerdas Blok 34 Kota/Kabupaten KUTAI TIMUR Provinsi KALIMANTAN TIMUR,POINT(116.68999877310895 1.4343689721179071),Jason Martinez Jackson,16241010/21071107/9310157,776089100000,bakti-indah-tenaga-harmoni-pharma-bersama,87
Cemerlang Kimia Surya Obat Apotek Apotik,Jl. Sirih Cepat Wilayah 68 Kota/Kabupaten MERAUKE Provinsi PAPUA,POINT(139.00533110132432 -7.322416270937514),Steve Parker Garcia,1021434/322885/393503,1131031038208,cemerlang-kimia-surya-obat-apotek-apotik,421
Bakti Apotik Tenaga Kimia Medika Sejahtera,Jl. Gunung Kecil Wilayah 58 Kota/Kabupaten SINTANG Provinsi KALIMANTAN BARAT,POINT(112.33977715904072 0.0748041658855669),Jason Carter Jones,518141/521139/362519,89107860170810,bakti-apotik-tenaga-kimia-medika-sejahtera,277
Bahagia Sejahtera Mutiara Murni Sehat Apotek,Jl. Kuda Cepat Komplek 73 Kota/Kabupaten KUTAI BARAT Provinsi KALIMANTAN TIMUR,POINT(116.18693790236378 -0.7936972734473944),Brittany Clark Robinson,4100417/7213810/621399,8306961070129,bahagia-sejahtera-mutiara-murni-sehat-apotek,332
Indah Cemerlang Bintang Sentorsa Sehat Apotik,Jl. Balai Indah Blok 16 Kota/Kabupaten PUNCAK Provinsi PAPUA,POINT(137.0895002092475 -3.513247942176489),Lauren Martinez Miller,7101731/9109202/819137,509250137580,indah-cemerlang-bintang-sentorsa-sehat-apotik,603
Prima Toko Cemerlang Tubuh Sehat Farma,Jl. Duku Kecil Wilayah 82 Kota/Kabupaten KOTA SORONG Provinsi PAPUA BARAT,POINT(131.34431430094537 -0.8824584924557755),Lauren Brown Brown,7151061/267469/378713,911034438729,prima-toko-cemerlang-tubuh-sehat-farma,383
Surya Indah Bintang Obat Sejahtera Pharm,Jl. Sawah Indah Daerah 5 Kota/Kabupaten KOTABARU Provinsi KALIMANTAN SELATAN,POINT(116.02054937274556 -2.6929765068691527),John Parker Smith,211187/4955210/1042231,6410808895108,surya-indah-bintang-obat-sejahtera-pharm,496
Makmur Nusantara Sehat Kimia Apotek Bersama,Jl. Gedung Besar Daerah 62 Kota/Kabupaten NABIRE Provinsi PAPUA,POINT(135.80771304851925 -3.7659128473925927),Lauren Parker Anderson,110135/71010626/2210434,64410249101608,makmur-nusantara-sehat-kimia-apotek-bersama,25
Sentorsa Medical Amanah Makmur Sejahtera Pharm,Jl. Anjing Kecil Cluster 51 Kota/Kabupaten ASMAT Provinsi PAPUA,POINT(138.59369350631516 -6.18188453315372),Emily Thomas Brown,114631/8133210/623003,785238171083,sentorsa-medical-amanah-makmur-sejahtera-pharm,166
Indah Tenaga Amanah Toko Jaya Pharm,Jl. Gedung Pendek Daerah 35 Kota/Kabupaten MUARA ENIM Provinsi SUMATERA SELATAN,POINT(103.88830551435552 -3.3476280655184567),Matt Roberts Thomas,245401/2278210/9103510,8284167105001,indah-tenaga-amanah-toko-jaya-pharm,323
Mawar Sejahtera Bumi Bahagia Sejahtera Medika,Jl. Mangga Indah Komplek 41 Kota/Kabupaten TABALONG Provinsi KALIMANTAN SELATAN,POINT(115.35306249507944 -2.162757622254569),Rachel Anderson Jones,5151050/206414/372073,1089490840133,mawar-sejahtera-bumi-bahagia-sejahtera-medika,697
Cemerlang Prima Farmasi Lestari Pharm Apotek,Jl. Kucing Kecil Daerah 74 Kota/Kabupaten ACEH BESAR Provinsi ACEH,POINT(95.41899920251106 5.527818099836329),Katie Parker Thompson,431938/2105101/3108233,9005616859104,cemerlang-prima-farmasi-lestari-pharm-apotek,3
Jaya Obat Tenaga Apotik Medika Farma,Jl. Ikan Sari Daerah 57 Kota/Kabupaten KUBU RAYA Provinsi KALIMANTAN BARAT,POINT(109.6340017918912 -0.9032169072628004),Michael Adams Brown,3510061/942398/7031036,7210680800167,jaya-obat-tenaga-apotik-medika-farma,597
Makmur Bintang Terang Resep Pharm Medika,Jl. Jeruk Pendek Daerah 49 Kota/Kabupaten TANA TIDUNG Provinsi KALIMANTAN UTARA,POINT(117.257942968875 3.369481075177104),Megan Anderson Smith,667116/128781/833721,631101175387,makmur-bintang-terang-resep-pharm-medika,164
Obat Terang Prima Berkah Sejahtera Apotik,Jl. Tembok Indah Blok 95 Kota/Kabupaten MERAUKE Provinsi PAPUA,POINT(138.359321007953 -7.571171031962836),Matt Williams Martinez,1012853/200701/121593,5640188601056,obat-terang-prima-berkah-sejahtera-apotik,221
Medic Bumi Bintang Nusantara Apotek Medik,Jl. Sirih Jenius Wilayah 22 Kota/Kabupaten MUSI RAWAS Provinsi SUMATERA SELATAN,POINT(103.43218439908696 -3.2010024839011706),Ashley Smith Thompson,221509/1002874/379234,7457078110388,medic-bumi-bintang-nusantara-apotek-medik,170
Prima Medical Mawar Bahagia Bersama Farma,Jl. Sirih Sejahtera Cluster 31 Kota/Kabupaten GROBOGAN Provinsi JAWA TENGAH,POINT(111.07420298490683 -7.242826595915984),Alex Smith Taylor,717333/623392/3580310,830958138201,prima-medical-mawar-bahagia-bersama-farma,869
Jaya Jaya Lestari Tubuh Medik Medika,Jl. Anjing Besar Wilayah 67 Kota/Kabupaten TANJUNG JABUNG BARAT Provinsi JAMBI,POINT(103.18257705723369 -0.7816172029819413),Chris Anderson Johnson,195813/212201/953553,103011047541080,jaya-jaya-lestari-tubuh-medik-medika,227
Medical Makmur Tenaga Medic Apotik Farma,Jl. Sawah Indah Cluster 14 Kota/Kabupaten MAMBERAMO RAYA Provinsi PAPUA,POINT(137.7531347538155 -2.223487051543616),Brittany Johnson Smith,184047/628705/3904710,138043801075,medical-makmur-tenaga-medic-apotik-farma,87
Farmasi Prima Indah Resep Pharma Apotik,Jl. Apel Cepat Komplek 34 Kota/Kabupaten SERUYAN Provinsi KALIMANTAN TENGAH,POINT(112.12465893053988 -2.591697239654032),Sarah Roberts Robinson,6192210/257652/281332,518084073023,farmasi-prima-indah-resep-pharma-apotik,50
Jaya Kimia Terang Lestari Bersama Farma,Jl. Durian Cerah Komplek 79 Kota/Kabupaten KAIMANA Provinsi PAPUA BARAT,POINT(134.33940444159578 -3.442065809709515),Mark Taylor Johnson,639115/591925/1032733,285624909188,jaya-kimia-terang-lestari-bersama-farma,55
Tenaga Resep Medic Surya Apotik Sejahtera,Jl. Sawah Sari Blok 53 Kota/Kabupaten BREBES Provinsi JAWA TENGAH,POINT(109.06461364463594 -7.129110566231983),Emily Williams Harris,516231/902055/7342410,566185426680,tenaga-resep-medic-surya-apotik-sejahtera,131
Farmasi Jaya Badan Sejahtera Sejahtera Bersama,Jl. Apel Indah Komplek 56 Kota/Kabupaten KEPULAUAN MERANTI Provinsi RIAU,POINT(102.9860620543636 1.0590529660110342),Jason Brown Taylor,5100941/725902/23100106,10949108118707,farmasi-jaya-badan-sejahtera-sejahtera-bersama,924
Tenaga Sejahtera Bakti Sentorsa Sejahtera Medik,Jl. Tembok Besar Blok 53 Kota/Kabupaten YAHUKIMO Provinsi PAPUA,POINT(139.19604059202717 -4.254888394220238),Brittany Brown Thomas,164179/702719/333930,9475910811033,tenaga-sejahtera-bakti-sentorsa-sejahtera-medik,99
Surya Farmasi Makmur Jaya Pharm Jaya,Jl. Kuda Pendek Blok 43 Kota/Kabupaten BENGKALIS Provinsi RIAU,POINT(101.71870957823636 1.5620997919394313),Jessica Anderson Taylor,1427102/498223/643267,542651894108,surya-farmasi-makmur-jaya-pharm-jaya,288
Sentorsa Apotik Farmasi Prima Apotik Farma,Jl. Jeruk Kecil Komplek 80 Kota/Kabupaten PENAJAM PASER UTARA Provinsi KALIMANTAN TIMUR,POINT(116.53215565101164 -1.1308799932843776),Jessica Nelson Martinez,31221010/710692/71093103,433734568001,sentorsa-apotik-farmasi-prima-apotik-farma,168
Apotik Badan Bintang Prima Jaya Farma,Jl. Anjing Pendek Daerah 7 Kota/Kabupaten MANGGARAI Provinsi NUSA TENGGARA TIMUR,POINT(120.4206456473951 -8.296055426659276),Emily Johnson Garcia,113547/712731/360772,815408146537,apotik-badan-bintang-prima-jaya-farma,981
Indah Resep Prima Farmasi Bersama Sejahtera,Jl. Gajah Kecil Wilayah 52 Kota/Kabupaten SEMARANG Provinsi JAWA TENGAH,POINT(110.33681678014312 -7.31358055012611),Chris Smith Anderson,106121/522448/373834,652182545450,indah-resep-prima-farmasi-bersama-sejahtera,529
Badan Kimia Prima Jaya Farma Apotik,Jl. Sirih Pendek Cluster 39 Kota/Kabupaten LAMPUNG BARAT Provinsi LAMPUNG,POINT(104.12596408647872 -4.935212160407962),Lauren Johnson Jackson,567431/8222102/933730,1100852398106,badan-kimia-prima-jaya-farma-apotik,203
Lestari Apotik Badan Harmoni Sejahtera Farma,Jl. Kucing Sejahtera Cluster 5 Kota/Kabupaten BARITO UTARA Provinsi KALIMANTAN TENGAH,POINT(115.2785529455135 -1.3172312550326737),Steve Anderson Garcia,189184/224800/5100382,2810787651019,lestari-apotik-badan-harmoni-sejahtera-farma,95
Sentorsa Cemerlang Apotik Mawar Sejahtera Medik,Jl. Jeruk Kecil Wilayah 49 Kota/Kabupaten KUTAI KARTANEGARA Provinsi KALIMANTAN TIMUR,POINT(116.9841930912404 -1.0814681832632331),Matt Jones Smith,175132/2441029/318169,5743039280101,sentorsa-cemerlang-apotik-mawar-sejahtera-medik,968
Jaya Surya Bahagia Obat Sejahtera Apotik,Jl. Pisang Cermat Komplek 71 Kota/Kabupaten MIMIKA Provinsi PAPUA,POINT(137.41509431258393 -4.184351417962458),Chris Carter Thomas,205161/10223610/5347108,310105108260108,jaya-surya-bahagia-obat-sejahtera-apotik,123
Medical Bahagia Bintang Surya Apotek Medika,Jl. Durian Cerah Wilayah 71 Kota/Kabupaten OGAN KOMERING ILIR Provinsi SUMATERA SELATAN,POINT(105.58738215177704 -3.089824101020363),Lauren Hill Brown,8109187/980255/31071097,4050621018802,medical-bahagia-bintang-surya-apotek-medika,266
Badan Prima Toko Obat Apotik Pharm,Jl. Kucing Kecil Komplek 67 Kota/Kabupaten TELUK BINTUNI Provinsi PAPUA BARAT,POINT(133.0200382331003 -1.885100210130842),John Parker Robinson,151735/748122/183043,488681716009,badan-prima-toko-obat-apotik-pharm,719
Cemerlang Tenaga Tubuh Surya Apotik Farma,Jl. Kuda Jenius Komplek 28 Kota/Kabupaten KAPUAS HULU Provinsi KALIMANTAN BARAT,POINT(113.78663433367844 0.6580849898019618),David Smith White,5584101/207205/722638,553064230801,cemerlang-tenaga-tubuh-surya-apotik-farma,887
Bumi Medic Bintang Sejahtera Apotik Pharm,Jl. Gunung Kecil Blok 81 Kota/Kabupaten KAPUAS Provinsi KALIMANTAN TENGAH,POINT(114.17088912838818 -1.3412660111530563),Emily Harris Jones,219501/373522/10432108,10070109918009,bumi-medic-bintang-sejahtera-apotik-pharm,125
Kimia Amanah Berkah Medic Sejahtera Apotek,Jl. Kuda Kecil Cluster 1 Kota/Kabupaten SAMOSIR Provinsi SUMATERA UTARA,POINT(98.59530572438204 2.530535129204363),Mark Nelson Martin,771885/692311/934183,2820310455010,kimia-amanah-berkah-medic-sejahtera-apotek,118
Resep Farmasi Mawar Apotik Medik Sejahtera,Jl. Jeruk Jenius Wilayah 88 Kota/Kabupaten SINTANG Provinsi KALIMANTAN BARAT,POINT(111.37090933340814 -0.1481788294069339),Jessica Jackson Garcia,7363101/759257/397885,1890589010810,resep-farmasi-mawar-apotik-medik-sejahtera,240
Bintang Mawar Amanah Tenaga Jaya Farma,Jl. Kebun Pendek Wilayah 33 Kota/Kabupaten KONAWE SELATAN Provinsi SULAWESI TENGGARA,POINT(122.02906312870071 -4.251585983596143),Ashley Nelson Smith,7113510/2894410/3666410,84110808221028,bintang-mawar-amanah-tenaga-jaya-farma,535
Surya Jaya Indah Bakti Sehat Farma,Jl. Tembok Tinggi Daerah 9 Kota/Kabupaten MUARO JAMBI Provinsi JAMBI,POINT(103.39789009853672 -1.352194133259415),Mark Thomas Moore,7810101/1069271/349936,3061310847056,surya-jaya-indah-bakti-sehat-farma,9
Tenaga Apotik Tubuh Bakti Apotik Medik,Jl. Kuda Besar Cluster 36 Kota/Kabupaten MERAUKE Provinsi PAPUA,POINT(140.2261744130495 -7.997535323264932),Sarah Brown Thompson,7109194/466122/793970,781547242608,tenaga-apotik-tubuh-bakti-apotik-medik,944
Prima Toko Bumi Murni Sejahtera Farma,Jl. Rambutan Kecil Wilayah 84 Kota/Kabupaten KETAPANG Provinsi KALIMANTAN BARAT,POINT(109.9640401999658 -0.7418935447744754),Emily Smith Moore,581351/929213/8533105,3607101856671,prima-toko-bumi-murni-sejahtera-farma,338
Obat Jaya Sejahtera Surya Sejahtera Farma,Jl. Kebun Pintar Komplek 30 Kota/Kabupaten MAPPI Provinsi PAPUA,POINT(139.6834424813318 -6.928490573330626),Jason Smith Johnson,1080551/623143/430816,493168408031,obat-jaya-sejahtera-surya-sejahtera-farma,898
Toko Bahagia Terang Mawar Sejahtera Pharma,Jl. Gedung Cepat Cluster 37 Kota/Kabupaten MERANGIN Provinsi JAMBI,POINT(101.64164183028186 -2.366054760437253),Matt Smith Jackson,863133/2621075/3533310,8860790011059,toko-bahagia-terang-mawar-sejahtera-pharma,477
Surya Badan Harmoni Murni Jaya Medika,Jl. Gunung Pintar Komplek 84 Kota/Kabupaten ALOR Provinsi NUSA TENGGARA TIMUR,POINT(124.34554377053452 -8.291460448937162),Jason Martinez Robinson,1042751/1052543/2771083,170092586318,surya-badan-harmoni-murni-jaya-medika,198
Lestari Terang Tenaga Bakti Sejahtera Medik,Jl. Ikan Pendek Wilayah 17 Kota/Kabupaten POSO Provinsi SULAWESI TENGAH,POINT(120.66662916215212 -2.1333563578832315),Steve Adams Jones,440170/2510223/273635,112564866510,lestari-terang-tenaga-bakti-sejahtera-medik,169
Amanah Sejahtera Obat Bahagia Pharma Bersama,Jl. Kota Indah Komplek 92 Kota/Kabupaten KUPANG Provinsi NUSA TENGGARA TIMUR,POINT(124.14800504420305 -10.082035071922531),Jessica Harris Jones,771841/10102006/253187,202868015116,amanah-sejahtera-obat-bahagia-pharma-bersama,355
Indah Surya Badan Sentorsa Pharma Apotek,Jl. Gunung Cepat Komplek 70 Kota/Kabupaten MAPPI Provinsi PAPUA,POINT(139.48837667447276 -6.929899845415692),Michael White Taylor,737134/843728/319469,120298017797,indah-surya-badan-sentorsa-pharma-apotek,763
Toko Indah Surya Amanah Sejahtera Apotik,Jl. Ikan Indah Wilayah 92 Kota/Kabupaten BURU Provinsi MALUKU,POINT(126.25238278045188 -3.341609994052713),Mark Roberts Moore,549312/451282/337678,668070013575,toko-indah-surya-amanah-sejahtera-apotik,186
Kimia Resep Apotik Mawar Pharm Sejahtera,Jl. Duku Cerah Komplek 50 Kota/Kabupaten NABIRE Provinsi PAPUA,POINT(135.84156428546703 -3.6579694608487614),David Martinez Jones,918142/1053259/3331087,834031720187,kimia-resep-apotik-mawar-pharm-sejahtera,172
Prima Nusantara Sehat Bumi Apotek Sejahtera,Jl. Duku Cerdas Daerah 89 Kota/Kabupaten SOLOK Provinsi SUMATERA BARAT,POINT(100.77233707437864 -0.7967494015296914),Ashley Thomas Davis,119713/9482101/1019336,404301001588,prima-nusantara-sehat-bumi-apotek-sejahtera,363
Cemerlang Prima Badan Bintang Medik Jaya,Jl. Ikan Kecil Komplek 96 Kota/Kabupaten PESISIR SELATAN Provinsi SUMATERA BARAT,POINT(100.88560901671607 -1.8484095864926309),Mark Taylor Jackson,278811/222007/393665,30510910571086,cemerlang-prima-badan-bintang-medik-jaya,87
Farmasi Resep Surya Prima Pharma Apotik,Jl. Anjing Cepat Cluster 67 Kota/Kabupaten PELALAWAN Provinsi RIAU,POINT(102.573026243995 0.201449312813553),Jessica Hill White,893413/320454/470031,515106286887,farmasi-resep-surya-prima-pharma-apotik,519
Tubuh Makmur Amanah Surya Pharma Farma,Jl. Gunung Jenius Blok 80 Kota/Kabupaten KOTABARU Provinsi KALIMANTAN SELATAN,POINT(115.98661263512749 -3.116518264768974),Katie Roberts Davis,11082210/222928/231507,8034651019331,tubuh-makmur-amanah-surya-pharma-farma,638
Amanah Berkah Sentorsa Tenaga Apotik Pharma,Jl. Sawah Cerdas Wilayah 41 Kota/Kabupaten MAHAKAM ULU Provinsi KALIMANTAN TIMUR,POINT(114.43536107854396 1.0329048394587002),John Taylor Martin,101213/817296/1030691,684448511860,amanah-berkah-sentorsa-tenaga-apotik-pharma,547
Amanah Apotik Prima Medical Medika Pharm,Jl. Durian Cermat Komplek 46 Kota/Kabupaten CIANJUR Provinsi JAWA BARAT,POINT(107.467161916444 -7.382652343348832),David Jackson Brown,392415/256464/830470,981998421008,amanah-apotik-prima-medical-medika-pharm,195
Medic Bahagia Murni Prima Farma Bersama,Jl. Gunung Kecil Cluster 32 Kota/Kabupaten PENUKAL ABAB LEMATANG ILIR Provinsi SUMATERA SELATAN,POINT(103.85023241831982 -3.112356001758256),Alex Nelson Smith,819824/7102452/694370,353201010381910,medic-bahagia-murni-prima-farma-bersama,47
Bakti Harmoni Terang Bintang Pharm Medika,Jl. Rambutan Sari Komplek 9 Kota/Kabupaten TELUK WONDAMA Provinsi PAPUA BARAT,POINT(134.62415888951804 -2.7043616845321488),Sarah Jones Garcia,7105419/672145/671373,10063501101088,bakti-harmoni-terang-bintang-pharm-medika,47
Toko Cemerlang Obat Medical Medik Jaya,Jl. Jeruk Kecil Daerah 12 Kota/Kabupaten DHARMASRAYA Provinsi SUMATERA BARAT,POINT(101.63202817042426 -1.2390247025898269),Michael Williams Martin,751455/2104901/773949,13016108910088,toko-cemerlang-obat-medical-medik-jaya,662
Amanah Prima Murni Berkah Farma Sehat,Jl. Sawah Pendek Wilayah 3 Kota/Kabupaten SUMBA TIMUR Provinsi NUSA TENGGARA TIMUR,POINT(120.07770999343651 -9.693761216792607),Rachel Johnson Harris,906161/250002/827743,8670791062031,amanah-prima-murni-berkah-farma-sehat,117
Resep Bumi Berkah Bakti Farma Apotik,Jl. Sirih Jenius Cluster 67 Kota/Kabupaten INDRAGIRI HILIR Provinsi RIAU,POINT(103.40274620522943 0.2657339664811164),Emily Harris Anderson,1101115/1050626/311053,690415080437,resep-bumi-berkah-bakti-farma-apotik,871
Kimia Lestari Prima Surya Medik Sejahtera,Jl. Pisang Indah Cluster 96 Kota/Kabupaten OGAN KOMERING ULU TIMUR Provinsi SUMATERA SELATAN,POINT(104.81312283767912 -3.8531189895526143),Lauren Smith Thompson,850178/2271056/613538,255138908626,kimia-lestari-prima-surya-medik-sejahtera,542
Terang Mutiara Harmoni Prima Farma Apotek,Jl. Kota Pintar Cluster 52 Kota/Kabupaten BANGKA SELATAN Provinsi KEPULAUAN BANGKA BELITUNG,POINT(106.22478440875354 -2.804444480534263),David Clark Martin,596610/318228/608873,1081078010498,terang-mutiara-harmoni-prima-farma-apotek,695
Harmoni Jaya Surya Amanah Pharm Sejahtera,Jl. Kuda Cepat Komplek 97 Kota/Kabupaten SABU RAIJUA Provinsi NUSA TENGGARA TIMUR,POINT(121.8193015114071 -10.59518196107342),Chris Clark Thomas,173340/222625/823059,4781190510550,harmoni-jaya-surya-amanah-pharm-sejahtera,312
Sehat Makmur Mawar Jaya Jaya Apotik,Jl. Kuda Cermat Komplek 99 Kota/Kabupaten FAKFAK Provinsi PAPUA BARAT,POINT(132.1113234118694 -2.928039511884352),Brittany Adams White,569521/112910/3327010,99100101767488,sehat-makmur-mawar-jaya-jaya-apotik,670
Bumi Sehat Medic Amanah Sehat Jaya,Jl. Rambutan Cerah Daerah 61 Kota/Kabupaten TANAH DATAR Provinsi SUMATERA BARAT,POINT(100.57546397848331 -0.5195544946686805),Rachel White Miller,4101185/299366/358648,8180510191066,bumi-sehat-medic-amanah-sehat-jaya,127
Murni Bumi Toko Farmasi Jaya Sejahtera,Jl. Gajah Cermat Komplek 27 Kota/Kabupaten BENGKALIS Provinsi RIAU,POINT(101.64275249062533 1.766873492375936),Jason Johnson Brown,617459/528926/131569,4183005818104,murni-bumi-toko-farmasi-jaya-sejahtera,576
Prima Berkah Cemerlang Prima Sehat Medika,Jl. Pisang Jenius Daerah 47 Kota/Kabupaten MUSI RAWAS Provinsi SUMATERA SELATAN,POINT(103.26594485948296 -3.0570982705586074),Jason Thomas Robinson,3077101/699322/5531001,3517101525408,prima-berkah-cemerlang-prima-sehat-medika,543
Bakti Kimia Terang Sehat Farma Medik,Jl. Apel Indah Daerah 76 Kota/Kabupaten TAPIN Provinsi KALIMANTAN SELATAN,POINT(115.16515741936767 -3.042496634541646),Emily Carter Brown,211775/622240/498131,899001444690,bakti-kimia-terang-sehat-farma-medik,25
Jaya Apotik Resep Sehat Farma Sehat,Jl. Gedung Cermat Wilayah 60 Kota/Kabupaten TIMOR TENGAH SELATAN Provinsi NUSA TENGGARA TIMUR,POINT(124.28368697504868 -9.986283356898726),Jason Johnson White,954118/932913/630505,4870103907105,jaya-apotik-resep-sehat-farma-sehat,770
Prima Cemerlang Sentorsa Harmoni Medika Sehat,Jl. Pisang Sejahtera Wilayah 53 Kota/Kabupaten TRENGGALEK Provinsi JAWA TIMUR,POINT(111.67401479649786 -8.097617145160575),John Carter Anderson,1431410/456825/850366,923840245159,prima-cemerlang-sentorsa-harmoni-medika-sehat,558
Terang Sehat Bakti Harmoni Farma Medik,Jl. Kuda Indah Blok 53 Kota/Kabupaten BERAU Provinsi KALIMANTAN TIMUR,POINT(117.36113946530416 1.569960119024154),Lauren Hill Jones,6061610/7100290/632907,9078847141060,terang-sehat-bakti-harmoni-farma-medik,76
Terang Makmur Sentorsa Bahagia Medik Farma,Jl. Kota Tinggi Komplek 39 Kota/Kabupaten MAPPI Provinsi PAPUA,POINT(139.39946570840425 -6.206463652416872),David Adams Robinson,695031/476492/513433,5282541100410,terang-makmur-sentorsa-bahagia-medik-farma,670
Prima Farmasi Tubuh Bakti Medik Pharm,Jl. Kucing Cepat Daerah 92 Kota/Kabupaten JEMBER Provinsi JAWA TIMUR,POINT(113.62211851387497 -8.238345601869442),Katie Nelson Wilson,1022019/7203710/852773,61310806961056,prima-farmasi-tubuh-bakti-medik-pharm,348
Sentorsa Indah Nusantara Toko Farma Sehat,Jl. Jeruk Cerah Cluster 31 Kota/Kabupaten KUTAI KARTANEGARA Provinsi KALIMANTAN TIMUR,POINT(116.3251370756334 -0.3190563069782151),Emily Smith Anderson,848781/1102177/3443010,59010843601013,sentorsa-indah-nusantara-toko-farma-sehat,907
Bumi Cemerlang Apotik Mutiara Sehat Medik,Jl. Ikan Cerah Wilayah 69 Kota/Kabupaten NUNUKAN Provinsi KALIMANTAN UTARA,POINT(117.27024213165784 3.7903017529693273),Michael Lewis White,420711/2410902/945432,728540012230,bumi-cemerlang-apotik-mutiara-sehat-medik,792
Amanah Harmoni Bakti Indah Medika Sejahtera,Jl. Mangga Cerah Komplek 38 Kota/Kabupaten BENGKULU UTARA Provinsi BENGKULU,POINT(102.0044646344343 -3.1802692801888988),Rachel Thomas Harris,10108631/1076326/436391,5519010626886,amanah-harmoni-bakti-indah-medika-sejahtera,918
Mutiara Toko Amanah Obat Pharm Bersama,Jl. Mangga Pintar Blok 84 Kota/Kabupaten KAMPAR Provinsi RIAU,POINT(100.73451777979795 0.8098142111665005),Katie Clark Jones,759100/9910722/3411020,8088151010139,mutiara-toko-amanah-obat-pharm-bersama,409
Nusantara Mawar Medical Jaya Sejahtera Jaya,Jl. Duku Kecil Komplek 88 Kota/Kabupaten TOLITOLI Provinsi SULAWESI TENGAH,POINT(120.68537021296484 0.933623698512898),John Harris Jones,5910301/723424/21310103,451105085576,nusantara-mawar-medical-jaya-sejahtera-jaya,62
Indah Tubuh Jaya Kimia Farma Bersama,Jl. Duku Besar Komplek 74 Kota/Kabupaten ASMAT Provinsi PAPUA,POINT(139.32282105174954 -5.261875030772994),Allison Thomas Thomas,170691/652298/394432,916549111308,indah-tubuh-jaya-kimia-farma-bersama,207
Resep Bakti Prima Obat Pharma Jaya,Jl. Duku Pintar Wilayah 98 Kota/Kabupaten MAHAKAM ULU Provinsi KALIMANTAN TIMUR,POINT(115.60466449289304 0.1868838783713364),Mark Jackson Harris,51481010/942252/190331,987048889031,resep-bakti-prima-obat-pharma-jaya,25
Tubuh Jaya Surya Prima Apotik Apotek,Jl. Rambutan Besar Wilayah 81 Kota/Kabupaten ASMAT Provinsi PAPUA,POINT(137.897850053414 -5.292443283467946),Chris Anderson Jackson,10111033/1094812/843903,1040598112371,tubuh-jaya-surya-prima-apotik-apotek,110
Jaya Makmur Medical Prima Medika Pharma,Jl. Kucing Indah Daerah 19 Kota/Kabupaten TELUK WONDAMA Provinsi PAPUA BARAT,POINT(134.16747741730362 -1.8302531772572),John Jones Johnson,848115/2810275/4610382,10106018221782,jaya-makmur-medical-prima-medika-pharma,99
Murni Tubuh Bintang Badan Farma Sehat,Jl. Durian Pintar Blok 37 Kota/Kabupaten KUANTAN SINGINGI Provinsi RIAU,POINT(101.3744140192076 -0.235199695623363),Brittany Lewis Garcia,594691/727247/759312,51810999910180,murni-tubuh-bintang-badan-farma-sehat,508
Prima Obat Apotik Mutiara Sejahtera Pharma,Jl. Kucing Cepat Blok 98 Kota/Kabupaten PESISIR SELATAN Provinsi SUMATERA BARAT,POINT(100.7641908083516 -1.585085248565166),Jason Anderson Miller,634104/1036287/601351,886228802013,prima-obat-apotik-mutiara-sejahtera-pharma,164
Terang Bakti Prima Farmasi Farma Apotik,Jl. Tembok Sejahtera Daerah 33 Kota/Kabupaten MERAUKE Provinsi PAPUA,POINT(140.4702624853708 -8.120473298129953),Chris Lewis Harris,481596/2210381/190935,5890910047104,terang-bakti-prima-farmasi-farma-apotik,672
Tenaga Obat Lestari Mawar Medika Bersama,Jl. Kuda Tinggi Blok 9 Kota/Kabupaten INDRAGIRI HULU Provinsi RIAU,POINT(102.5867280258903 0.022398953671022),Ashley Adams Harris,2615410/51051002/835414,872603186127,tenaga-obat-lestari-mawar-medika-bersama,736
Prima Bintang Amanah Mawar Apotik Sehat,Jl. Gajah Indah Blok 53 Kota/Kabupaten LANGKAT Provinsi SUMATERA UTARA,POINT(98.19575815042056 4.027708976139733),Jason Parker Jones,612269/286561/309471,20410514810038,prima-bintang-amanah-mawar-apotik-sehat,386
Nusantara Lestari Jaya Farmasi Sejahtera Medika,Jl. Mangga Sari Cluster 34 Kota/Kabupaten MURUNG RAYA Provinsi KALIMANTAN TENGAH,POINT(113.83713462988976 -0.217891986770315),Lauren Hill Wilson,32011010/162470/452638,82101082421300,nusantara-lestari-jaya-farmasi-sejahtera-medika,721
Surya Indah Prima Apotik Apotik Bersama,Jl. Anjing Cerah Blok 45 Kota/Kabupaten BARITO UTARA Provinsi KALIMANTAN TENGAH,POINT(115.27761768428655 -0.889029502766558),Jessica Smith Brown,453413/342220/958463,1786413007510,surya-indah-prima-apotik-apotik-bersama,430
Tenaga Apotik Indah Sentorsa Jaya Sejahtera,Jl. Jeruk Tinggi Komplek 32 Kota/Kabupaten SORONG Provinsi PAPUA BARAT,POINT(130.82165279347336 -1.2029758735538394),Allison Adams Harris,521642/926577/837039,1068204948107,tenaga-apotik-indah-sentorsa-jaya-sejahtera,588
Berkah Surya Makmur Bahagia Bersama Farma,Jl. Gajah Kecil Wilayah 42 Kota/Kabupaten LAMANDAU Provinsi KALIMANTAN TENGAH,POINT(111.40869498691464 -1.978958810991342),Lauren Hill Johnson,704143/920946/6710730,388027149329,berkah-surya-makmur-bahagia-bersama-farma,124
Resep Bintang Jaya Apotik Pharm Sejahtera,Jl. Anjing Kecil Wilayah 24 Kota/Kabupaten PULANG PISAU Provinsi KALIMANTAN TENGAH,POINT(113.937140686506 -2.7937709749701973),Brittany Johnson Garcia,577411/821814/3101903,1095871740418,resep-bintang-jaya-apotik-pharm-sejahtera,50
Mawar Jaya Murni Mutiara Apotik Jaya,Jl. Apel Kecil Komplek 89 Kota/Kabupaten MAMUJU Provinsi SULAWESI BARAT,POINT(119.47425944100706 -2.684051895625604),Jason Brown Smith,141378/422202/7439310,9320908812510,mawar-jaya-murni-mutiara-apotik-jaya,92
Mawar Kimia Surya Bumi Apotik Apotek,Jl. Jeruk Cepat Komplek 48 Kota/Kabupaten BENGKALIS Provinsi RIAU,POINT(101.45544209411172 1.1250102119661207),Jessica Williams Brown,676514/738926/934103,8334120517108,mawar-kimia-surya-bumi-apotik-apotek,175
Mutiara Bahagia Obat Indah Sehat Pharm,Jl. Kucing Indah Daerah 45 Kota/Kabupaten KETAPANG Provinsi KALIMANTAN BARAT,POINT(111.0669585666584 -0.5036570472063193),Chris Jones Harris,161666/926073/293092,1048031121300,mutiara-bahagia-obat-indah-sehat-pharm,622
Kimia Amanah Indah Farmasi Bersama Sejahtera,Jl. Jeruk Besar Daerah 70 Kota/Kabupaten WAROPEN Provinsi PAPUA,POINT(136.775260648749 -2.3118850593540348),Chris Martinez White,752180/7212410/3461031,74701910901085,kimia-amanah-indah-farmasi-bersama-sejahtera,83
Mawar Lestari Sehat Tubuh Sejahtera Apotek,Jl. Ikan Cerah Wilayah 12 Kota/Kabupaten ACEH BARAT DAYA Provinsi ACEH,POINT(96.64338910484184 3.7717987139527),Jessica Hill Thompson,815030/920432/2140310,285106702101011,mawar-lestari-sehat-tubuh-sejahtera-apotek,262
Cemerlang Farmasi Bahagia Tenaga Farma Pharm,Jl. Ikan Jenius Komplek 20 Kota/Kabupaten PANGANDARAN Provinsi JAWA BARAT,POINT(108.38359129898802 -7.480700975830592),Allison Taylor Thompson,10110162/1632710/1054413,81077705081031,cemerlang-farmasi-bahagia-tenaga-farma-pharm,76
Murni Toko Cemerlang Bahagia Pharma Bersama,Jl. Ikan Pendek Daerah 48 Kota/Kabupaten PAHUWATO Provinsi GORONTALO,POINT(122.11905467757946 0.7221277097151955),Megan Jones Jackson,163732/880062/314632,70109101259187,murni-toko-cemerlang-bahagia-pharma-bersama,62
Mutiara Toko Cemerlang Surya Bersama Apotik,Jl. Rambutan Pintar Daerah 91 Kota/Kabupaten DOGIYAI Provinsi PAPUA,POINT(136.20704924925508 -3.9815438793607),Michael Jackson Taylor,276111/574021/395005,5687101200431,mutiara-toko-cemerlang-surya-bersama-apotik,89
Medical Surya Jaya Surya Medika Pharma,Jl. Ikan Cepat Wilayah 43 Kota/Kabupaten SIAK Provinsi RIAU,POINT(101.65200096550204 0.953438873542856),Jessica Adams Johnson,418135/212671/7379710,8051037101101040,medical-surya-jaya-surya-medika-pharma,785
Lestari Obat Makmur Tubuh Sejahtera Farma,Jl. Jeruk Cerdas Blok 56 Kota/Kabupaten BERAU Provinsi KALIMANTAN TIMUR,POINT(117.38408243539276 1.9326757621839992),Megan Lewis Harris,713388/243620/183230,7805504971031,lestari-obat-makmur-tubuh-sejahtera-farma,422
Bumi Obat Toko Bahagia Jaya Bersama,Jl. Mangga Sari Cluster 13 Kota/Kabupaten KUTAI KARTANEGARA Provinsi KALIMANTAN TIMUR,POINT(116.93973289030264 -0.460755394030734),Sarah Thomas Anderson,817888/268521/973675,126210810106708,bumi-obat-toko-bahagia-jaya-bersama,553
Jaya Sehat Mawar Surya Apotek Bersama,Jl. Kucing Pintar Cluster 31 Kota/Kabupaten PUNCAK Provinsi PAPUA,POINT(137.91195433264204 -3.91835343538456),Steve Carter Martin,840197/246622/323252,1009601582414,jaya-sehat-mawar-surya-apotek-bersama,266
Mutiara Kimia Makmur Harmoni Pharma Apotek,Jl. Sirih Kecil Blok 6 Kota/Kabupaten KUTAI BARAT Provinsi KALIMANTAN TIMUR,POINT(115.63421607303826 -0.926623985198976),Alex Hill Miller,9111042/619523/3432610,3800086101498,mutiara-kimia-makmur-harmoni-pharma-apotek,153
Apotik Obat Surya Nusantara Pharma Sejahtera,Jl. Gunung Besar Komplek 73 Kota/Kabupaten GUNUNG MAS Provinsi KALIMANTAN TENGAH,POINT(113.79571592347092 -1.4044759204512491),Michael Nelson Brown,70710110/1048232/340380,10030010851620,apotik-obat-surya-nusantara-pharma-sejahtera,743
Tubuh Harmoni Jaya Medic Sejahtera Sehat,Jl. Mangga Jenius Wilayah 19 Kota/Kabupaten HALMAHERA SELATAN Provinsi MALUKU UTARA,POINT(127.5895107445592 -1.5788629984296083),Steve Parker Smith,1032411/608279/10109823,250986810308,tubuh-harmoni-jaya-medic-sejahtera-sehat,98
Harmoni Sejahtera Badan Toko Apotek Sejahtera,Jl. Gedung Sari Daerah 50 Kota/Kabupaten YAHUKIMO Provinsi PAPUA,POINT(139.29638946434443 -4.523234283851298),Alex Thomas Jones,491950/201250/383623,951587608713,harmoni-sejahtera-badan-toko-apotek-sejahtera,409
Tenaga Toko Berkah Cemerlang Medik Sejahtera,Jl. Duku Cerah Wilayah 72 Kota/Kabupaten KUANTAN SINGINGI Provinsi RIAU,POINT(101.50433710799844 -0.5155480970166586),Rachel Parker Anderson,6481021/986242/3450310,10101000370289,tenaga-toko-berkah-cemerlang-medik-sejahtera,182
Cemerlang Mutiara Jaya Apotik Sehat Sejahtera,Jl. Gunung Jenius Komplek 38 Kota/Kabupaten DONGGALA Provinsi SULAWESI TENGAH,POINT(119.97972437866342 -0.5968177606731295),Rachel Harris Williams,6144310/629495/883193,2421068291043,cemerlang-mutiara-jaya-apotik-sehat-sejahtera,430
Sentorsa Harmoni Makmur Tenaga Bersama Farma,Jl. Anjing Cerah Komplek 24 Kota/Kabupaten BURU Provinsi MALUKU,POINT(126.72856905693504 -3.124485443946301),Chris Jackson White,9101101/1027224/870633,3428010318920,sentorsa-harmoni-makmur-tenaga-bersama-farma,342
Tenaga Cemerlang Tubuh Indah Farma Apotek,Jl. Gajah Cermat Wilayah 90 Kota/Kabupaten MUARA ENIM Provinsi SUMATERA SELATAN,POINT(103.8549159307438 -3.456376143836793),Sarah White Garcia,8741018/7620102/587132,10558109522010,tenaga-cemerlang-tubuh-indah-farma-apotek,193
Mawar Prima Terang Bakti Farma Sejahtera,Jl. Sawah Kecil Daerah 85 Kota/Kabupaten KAMPAR Provinsi RIAU,POINT(101.25861845733768 0.5736167758529049),Megan Nelson Davis,114127/722648/729213,10524311084610,mawar-prima-terang-bakti-farma-sejahtera,898
Apotik Cemerlang Tenaga Makmur Medik Pharma,Jl. Anjing Tinggi Cluster 17 Kota/Kabupaten PASER Provinsi KALIMANTAN TIMUR,POINT(116.41434563050744 -1.5980829766646707),Brittany Hill Garcia,471104/280678/3105746,899200768016,apotik-cemerlang-tenaga-makmur-medik-pharma,57
Makmur Harmoni Jaya Resep Pharma Apotek,Jl. Rambutan Tinggi Komplek 100 Kota/Kabupaten PEGUNUNGAN BINTANG Provinsi PAPUA,POINT(140.75873490643727 -4.165854511559162),John Johnson Thompson,1022501/10410427/6104344,9105150418335,makmur-harmoni-jaya-resep-pharma-apotek,623
Bakti Berkah Apotik Medic Sehat Medika,Jl. Sirih Sejahtera Wilayah 5 Kota/Kabupaten MALUKU BARAT DAYA Provinsi MALUKU,POINT(126.57521558663908 -7.791610361228755),Brittany Clark Thompson,258153/824738/989838,859854810718,bakti-berkah-apotik-medic-sehat-medika,679
Prima Harmoni Mutiara Sehat Farma Bersama,Jl. Anjing Sejahtera Blok 53 Kota/Kabupaten PEGUNUNGAN BINTANG Provinsi PAPUA,POINT(140.55043885087676 -4.377719470296117),Allison Hill Moore,810253/352171/10110238,6507016486106,prima-harmoni-mutiara-sehat-farma-bersama,402
Bahagia Badan Bakti Farmasi Jaya Pharma,Jl. Ikan Kecil Daerah 57 Kota/Kabupaten GARUT Provinsi JAWA BARAT,POINT(107.78549415946652 -7.48704697999813),John White White,159253/123948/422834,1157181802010,bahagia-badan-bakti-farmasi-jaya-pharma,567
Makmur Apotik Surya Bintang Pharm Medika,Jl. Mangga Cepat Cluster 12 Kota/Kabupaten KAPUAS HULU Provinsi KALIMANTAN BARAT,POINT(113.00060096248616 1.3705536859938672),Jessica Anderson Jones,1061616/276718/930513,80510091601064,makmur-apotik-surya-bintang-pharm-medika,872
Resep Medical Tenaga Surya Medika Sehat,Jl. Duku Tinggi Wilayah 58 Kota/Kabupaten KUTAI KARTANEGARA Provinsi KALIMANTAN TIMUR,POINT(115.75932384263297 1.2522133377691222),Megan Brown Williams,5110823/361202/817345,113989461190,resep-medical-tenaga-surya-medika-sehat,33
Jaya Mutiara Apotik Bumi Medika Sejahtera,Jl. Pisang Pendek Blok 43 Kota/Kabupaten KOTA PRABUMULIH Provinsi SUMATERA SELATAN,POINT(104.23817726374256 -3.52686645909757),Chris White Miller,581353/4123210/733818,919050589363,jaya-mutiara-apotik-bumi-medika-sejahtera,927
Amanah Bakti Apotik Tenaga Pharma Bersama,Jl. Kucing Kecil Blok 30 Kota/Kabupaten INDRAGIRI HULU Provinsi RIAU,POINT(101.99354486250088 -0.5104700957391604),David Roberts Anderson,9102271/624469/831733,81368091910510,amanah-bakti-apotik-tenaga-pharma-bersama,869
Tenaga Kimia Obat Amanah Bersama Sehat,Jl. Ikan Cepat Blok 92 Kota/Kabupaten ACEH BESAR Provinsi ACEH,POINT(95.65764659606954 5.596250507495322),Katie Parker Jackson,480191/10291082/10361031,9855970167101,tenaga-kimia-obat-amanah-bersama-sehat,371
Bahagia Sejahtera Surya Sentorsa Sejahtera Jaya,Jl. Durian Pintar Cluster 78 Kota/Kabupaten TABALONG Provinsi KALIMANTAN SELATAN,POINT(115.41354710493546 -1.6086256849342977),Allison Harris Jackson,11003710/9941026/494838,382491319704,bahagia-sejahtera-surya-sentorsa-sejahtera-jaya,738
Jaya Bakti Sentorsa Cemerlang Sejahtera Sejahtera,Jl. Sawah Tinggi Blok 1 Kota/Kabupaten NUNUKAN Provinsi KALIMANTAN UTARA,POINT(117.31587581153649 3.637104951240024),Jason Smith Johnson,7791102/902417/378120,8955301081877,jaya-bakti-sentorsa-cemerlang-sejahtera-sejahtera,672
Harmoni Mawar Medical Apotik Bersama Pharm,Jl. Anjing Indah Cluster 38 Kota/Kabupaten SAMPANG Provinsi JAWA TIMUR,POINT(112.36528807737236 -7.021467983119262),Emily Parker Brown,609416/457912/336251,10108855990815,harmoni-mawar-medical-apotik-bersama-pharm,23
Bumi Resep Sejahtera Tubuh Sehat Apotek,Jl. Rambutan Cerdas Blok 27 Kota/Kabupaten SIAK Provinsi RIAU,POINT(101.61634127753068 0.62253875550436),Alex Brown Martinez,131297/41022610/210233,132178548047,bumi-resep-sejahtera-tubuh-sehat-apotek,621
Medical Jaya Kimia Prima Sehat Apotik,Jl. Kebun Kecil Blok 47 Kota/Kabupaten KEPULAUAN ARU Provinsi MALUKU,POINT(134.13857366217843 -6.702106262029262),Emily Clark Williams,965951/386732/2100193,1108086189410,medical-jaya-kimia-prima-sehat-apotik,944
Jaya Nusantara Sejahtera Makmur Apotek Medik,Jl. Duku Cermat Cluster 5 Kota/Kabupaten TOLIKARA Provinsi PAPUA,POINT(138.6717343348579 -3.6905119702154368),Rachel White White,711714/7821011/388259,857292710180,jaya-nusantara-sejahtera-makmur-apotek-medik,81
Bintang Surya Sentorsa Kimia Apotek Sejahtera,Jl. Gunung Cerah Daerah 55 Kota/Kabupaten KUTAI TIMUR Provinsi KALIMANTAN TIMUR,POINT(117.43864930952785 0.5382299795374195),Matt Clark Davis,1171011/332416/232967,388000611001010,bintang-surya-sentorsa-kimia-apotek-sejahtera,627
Medic Tenaga Mawar Toko Apotek Medik,Jl. Gunung Pendek Blok 40 Kota/Kabupaten MANDAILING NATAL Provinsi SUMATERA UTARA,POINT(99.48667282309997 0.5920557385319256),Katie Nelson Martin,611163/427012/32091010,9809061019914,medic-tenaga-mawar-toko-apotek-medik,973
Mawar Tubuh Kimia Berkah Pharma Apotik,Jl. Duku Besar Cluster 46 Kota/Kabupaten PENAJAM PASER UTARA Provinsi KALIMANTAN TIMUR,POINT(116.53307725987985 -1.434499852666539),Katie Martinez Garcia,1078018/283372/540538,315589061005,mawar-tubuh-kimia-berkah-pharma-apotik,340
Bintang Mawar Sehat Jaya Medik Apotek,Jl. Durian Cerdas Cluster 14 Kota/Kabupaten OGAN KOMERING ULU TIMUR Provinsi SUMATERA SELATAN,POINT(104.82935148886234 -3.8169328331513457),Matt Nelson Harris,158791/1063432/973553,990787134384,bintang-mawar-sehat-jaya-medik-apotek,842
Medic Prima Resep Kimia Sejahtera Medika,Jl. Kuda Tinggi Cluster 92 Kota/Kabupaten KUTAI BARAT Provinsi KALIMANTAN TIMUR,POINT(116.0624230726412 -0.9558653176943216),Brittany Jackson Thompson,11030210/62108102/795243,121629084930,medic-prima-resep-kimia-sejahtera-medika,744
Tubuh Bakti Surya Kimia Sejahtera Apotik,Jl. Kucing Besar Cluster 100 Kota/Kabupaten MURUNG RAYA Provinsi KALIMANTAN TENGAH,POINT(114.89282741044276 -0.1939496106978051),Lauren Smith Brown,14106110/1084621/1073199,710748187522,tubuh-bakti-surya-kimia-sejahtera-apotik,15
Harmoni Bumi Badan Berkah Jaya Bersama,Jl. Kota Cerah Blok 17 Kota/Kabupaten KUTAI KARTANEGARA Provinsi KALIMANTAN TIMUR,POINT(117.25450874888551 -0.1940569725101113),Lauren Adams Wilson,9450110/377828/644357,1128640610008,harmoni-bumi-badan-berkah-jaya-bersama,280
Obat Apotik Jaya Prima Bersama Apotek,Jl. Anjing Cerah Komplek 72 Kota/Kabupaten MAMUJU UTARA Provinsi SULAWESI BARAT,POINT(119.39049668932148 -1.4035575247069492),Jessica Clark Davis,1545107/286066/8010322,591016188420,obat-apotik-jaya-prima-bersama-apotek,508
Lestari Toko Surya Tubuh Farma Sejahtera,Jl. Gajah Cerdas Komplek 65 Kota/Kabupaten KUDUS Provinsi JAWA TENGAH,POINT(110.92467626943112 -6.768663958609198),Tom Harris Taylor,180505/892149/38104610,8100651160462,lestari-toko-surya-tubuh-farma-sejahtera,280
Bakti Nusantara Sejahtera Medical Farma Pharm,Jl. Apel Sari Wilayah 44 Kota/Kabupaten MALINAU Provinsi KALIMANTAN UTARA,POINT(115.37936541525008 1.671410402884577),Megan Jackson Williams,164363/460021/952312,519013067869,bakti-nusantara-sejahtera-medical-farma-pharm,945
Obat Indah Sentorsa Surya Medik Pharm,Jl. Kebun Cepat Blok 58 Kota/Kabupaten BOLAANG MONGONDOW Provinsi SULAWESI UTARA,POINT(124.1227266076434 0.6276987226756461),Ashley Smith Moore,791740/882356/641370,1801418021050,obat-indah-sentorsa-surya-medik-pharm,35
Prima Medical Bahagia Kimia Medik Apotek,Jl. Jeruk Cepat Wilayah 58 Kota/Kabupaten BANDUNG BARAT Provinsi JAWA BARAT,POINT(107.35732479035794 -7.058106922876842),Megan Jones Anderson,321924/7109274/633370,1078681009909,prima-medical-bahagia-kimia-medik-apotek,644
Tubuh Medic Mutiara Cemerlang Bersama Sejahtera,Jl. Gedung Pendek Blok 88 Kota/Kabupaten BOVEN DIGOEL Provinsi PAPUA,POINT(140.88902808686885 -5.791415959675859),Tom Anderson Moore,6074110/6426105/231755,819005042667,tubuh-medic-mutiara-cemerlang-bersama-sejahtera,88
Sejahtera Murni Apotik Mutiara Bersama Sejahtera,Jl. Duku Pendek Cluster 70 Kota/Kabupaten TOLITOLI Provinsi SULAWESI TENGAH,POINT(120.6299359836834 1.0538352362959422),David Adams Smith,417970/62101032/611351,19304104061028,sejahtera-murni-apotik-mutiara-bersama-sejahtera,380
Jaya Lestari Jaya Medic Jaya Pharma,Jl. Duku Indah Wilayah 41 Kota/Kabupaten BENGKALIS Provinsi RIAU,POINT(101.19461951185788 1.258578572026602),David Roberts Thompson,271678/254436/823382,68107743101020,jaya-lestari-jaya-medic-jaya-pharma,259
Nusantara Surya Bintang Prima Medika Sehat,Jl. Gunung Jenius Daerah 59 Kota/Kabupaten KAPUAS HULU Provinsi KALIMANTAN BARAT,POINT(113.50461239455753 0.556575746837332),Lauren Martinez Thomas,216894/2218107/325630,308243331814,nusantara-surya-bintang-prima-medika-sehat,653
Bakti Cemerlang Jaya Sehat Apotik Apotek,Jl. Tembok Pintar Wilayah 88 Kota/Kabupaten PELALAWAN Provinsi RIAU,POINT(101.72657078249564 0.344981075766313),Emily Brown Wilson,1494106/255178/237944,10620410610438,bakti-cemerlang-jaya-sehat-apotik-apotek,92
Apotik Kimia Bakti Nusantara Jaya Pharm,Jl. Duku Pintar Blok 98 Kota/Kabupaten BOJONEGORO Provinsi JAWA TIMUR,POINT(111.62663237059084 -7.213874753770037),Alex Hill Taylor,901469/4211072/1053513,208669264123,apotik-kimia-bakti-nusantara-jaya-pharm,375
Amanah Sejahtera Apotik Terang Medik Bersama,Jl. Anjing Besar Wilayah 36 Kota/Kabupaten PESAWARAN Provinsi LAMPUNG,POINT(105.19942303514924 -5.648262677686681),Ashley Thomas Garcia,6112910/760224/519043,882116351071,amanah-sejahtera-apotik-terang-medik-bersama,325
Jaya Bintang Indah Prima Sehat Pharm,Jl. Sawah Besar Blok 76 Kota/Kabupaten KAIMANA Provinsi PAPUA BARAT,POINT(134.8105148508156 -4.006145961934115),Alex Hill Thomas,4110957/226513/5100341,3041908110481,jaya-bintang-indah-prima-sehat-pharm,531
Bumi Obat Jaya Terang Bersama Pharm,Jl. Kebun Kecil Komplek 17 Kota/Kabupaten LAMPUNG TENGAH Provinsi LAMPUNG,POINT(105.37758626858133 -4.6437324946015845),Matt Martinez Davis,861547/218537/952373,710108510897140,bumi-obat-jaya-terang-bersama-pharm,84
Obat Tenaga Amanah Murni Apotik Apotek,Jl. Ikan Indah Blok 42 Kota/Kabupaten MERAUKE Provinsi PAPUA,POINT(140.85698866613922 -7.908403649199638),Emily Anderson Jones,321880/102273/395039,280070281138,obat-tenaga-amanah-murni-apotik-apotek,693
Indah Sentorsa Makmur Farmasi Apotik Sehat,Jl. Sawah Besar Daerah 83 Kota/Kabupaten ASMAT Provinsi PAPUA,POINT(138.92912543275895 -4.785665387514457),Rachel Brown Miller,10110216/72101026/763903,21041810915022,indah-sentorsa-makmur-farmasi-apotik-sehat,250
Terang Obat Sejahtera Murni Apotek Sejahtera,Jl. Gajah Pendek Wilayah 89 Kota/Kabupaten BANYUWANGI Provinsi JAWA TIMUR,POINT(114.3443122949986 -8.11027451647649),Alex Williams Garcia,181858/5192710/860037,116503881106,terang-obat-sejahtera-murni-apotek-sejahtera,19
Indah Badan Cemerlang Surya Farma Medika,Jl. Balai Kecil Blok 36 Kota/Kabupaten PAKPAK BHARAT Provinsi SUMATERA UTARA,POINT(98.230097111468 2.6532743386157414),Lauren White Williams,819843/2102438/4410903,6111098740107,indah-badan-cemerlang-surya-farma-medika,96
Jaya Cemerlang Tenaga Farmasi Farma Sejahtera,Jl. Durian Tinggi Cluster 89 Kota/Kabupaten MERAUKE Provinsi PAPUA,POINT(140.83942903051243 -7.1196149144505725),John Smith Thompson,741435/532657/81058310,1006104465848,jaya-cemerlang-tenaga-farmasi-farma-sejahtera,379
Harmoni Resep Murni Apotik Medika Sejahtera,Jl. Gunung Cerah Komplek 76 Kota/Kabupaten BENGKULU TENGAH Provinsi BENGKULU,POINT(102.38380556146636 -3.7253399100165465),Ashley Anderson Martin,286217/1084729/123448,1312709580104,harmoni-resep-murni-apotik-medika-sejahtera,691
Farmasi Makmur Berkah Tenaga Bersama Sejahtera,Jl. Jeruk Pendek Blok 76 Kota/Kabupaten PASER Provinsi KALIMANTAN TIMUR,POINT(116.22282901018936 -1.5908485296824857),Alex Williams Jackson,891282/285965/3443105,2108150048759,farmasi-makmur-berkah-tenaga-bersama-sejahtera,355
Surya Apotik Farmasi Harmoni Apotek Apotik,Jl. Mangga Pendek Blok 64 Kota/Kabupaten KEPULAUAN ANAMBAS Provinsi KEPULAUAN RIAU,POINT(105.7608176034878 2.919747479469597),Brittany Martinez Harris,7101691/160922/863040,508210189342,surya-apotik-farmasi-harmoni-apotek-apotik,623
Mawar Sejahtera Toko Surya Apotek Medika,Jl. Jeruk Cerah Daerah 62 Kota/Kabupaten MERAUKE Provinsi PAPUA,POINT(138.2577498459668 -8.30921742006491),Steve Adams Thompson,10510191/2312102/253352,821202678891,mawar-sejahtera-toko-surya-apotek-medika,297
Mutiara Mawar Kimia Sejahtera Sejahtera Pharm,Jl. Kuda Sari Daerah 65 Kota/Kabupaten SEKADAU Provinsi KALIMANTAN BARAT,POINT(110.95145552454942 0.0288956629526069),Sarah Roberts Smith,518721/1022174/533727,8531013281001,mutiara-mawar-kimia-sejahtera-sejahtera-pharm,34
Tenaga Makmur Tubuh Jaya Bersama Sehat,Jl. Pisang Cermat Daerah 90 Kota/Kabupaten HALMAHERA SELATAN Provinsi MALUKU UTARA,POINT(127.79624688313602 -0.1022595254152971),Michael Roberts Smith,4211094/4282107/312399,1480249110920,tenaga-makmur-tubuh-jaya-bersama-sehat,168
Jaya Makmur Terang Bumi Medik Jaya,Jl. Mangga Indah Blok 41 Kota/Kabupaten SORONG SELATAN Provinsi PAPUA BARAT,POINT(131.97523708260354 -1.8487530231193805),Tom Clark Martinez,210669/122421/133344,57981007218910,jaya-makmur-terang-bumi-medik-jaya,616
Indah Murni Prima Bahagia Medika Jaya,Jl. Balai Sejahtera Komplek 89 Kota/Kabupaten ACEH SELATAN Provinsi ACEH,POINT(97.34321809778238 3.048567051036894),David Hill Jackson,112120/2107592/10309310,89071010019006,indah-murni-prima-bahagia-medika-jaya,648
Berkah Bahagia Mutiara Bakti Apotek Medika,Jl. Sirih Indah Daerah 7 Kota/Kabupaten MERAUKE Provinsi PAPUA,POINT(140.81710253177482 -8.749052329388295),Katie Roberts Williams,151622/207072/5230310,4182804107801,berkah-bahagia-mutiara-bakti-apotek-medika,487
Tubuh Toko Terang Sejahtera Apotik Jaya,Jl. Mangga Cermat Wilayah 55 Kota/Kabupaten MANDAILING NATAL Provinsi SUMATERA UTARA,POINT(99.55427337907152 0.9239316552195672),Allison Hill Harris,262818/872025/1061034,846181980937,tubuh-toko-terang-sejahtera-apotik-jaya,5
Prima Medic Tubuh Surya Bersama Jaya,Jl. Gedung Jenius Blok 10 Kota/Kabupaten CILACAP Provinsi JAWA TENGAH,POINT(109.26158780982274 -7.691705955055292),Chris Jackson Garcia,182145/424614/1035751,1109780919653,prima-medic-tubuh-surya-bersama-jaya,407
Mutiara Amanah Badan Murni Sejahtera Farma,Jl. Duku Cerdas Daerah 15 Kota/Kabupaten KOTAWARINGIN BARAT Provinsi KALIMANTAN TENGAH,POINT(111.85529414901738 -2.237084659965504),Lauren Clark Martinez,309461/855712/913369,21110810368760,mutiara-amanah-badan-murni-sejahtera-farma,4
Kimia Farmasi Apotik Tubuh Jaya Sejahtera,Jl. Gunung Pintar Komplek 25 Kota/Kabupaten KUTAI TIMUR Provinsi KALIMANTAN TIMUR,POINT(116.38168878354551 1.2720762803747867),Sarah Lewis Robinson,258819/962673/916973,909804176839,kimia-farmasi-apotik-tubuh-jaya-sejahtera,259
Obat Tubuh Bakti Berkah Medika Bersama,Jl. Kebun Tinggi Komplek 31 Kota/Kabupaten KAPUAS HULU Provinsi KALIMANTAN BARAT,POINT(111.98751287105856 0.6337548759640139),Jessica Nelson Martin,6775101/4285210/3472105,998128302681,obat-tubuh-bakti-berkah-medika-bersama,388
Mutiara Apotik Medical Jaya Apotik Sejahtera,Jl. Kota Besar Wilayah 41 Kota/Kabupaten SINTANG Provinsi KALIMANTAN BARAT,POINT(112.67622172746086 0.0687082723028282),John Williams Williams,461137/610293/4601043,10681096800148,mutiara-apotik-medical-jaya-apotik-sejahtera,897
Berkah Prima Tenaga Murni Apotik Bersama,Jl. Apel Indah Wilayah 5 Kota/Kabupaten MALINAU Provinsi KALIMANTAN UTARA,POINT(115.79812619568808 2.32413187500393),Michael Carter Thomas,441711/935022/4710939,3817201069310,berkah-prima-tenaga-murni-apotik-bersama,99
Surya Mutiara Sentorsa Badan Bersama Sejahtera,Jl. Sirih Cermat Komplek 5 Kota/Kabupaten BARITO KUALA Provinsi KALIMANTAN SELATAN,POINT(114.67910698077512 -3.175759108101798),Steve Jones Taylor,612967/288632/902335,903532070198,surya-mutiara-sentorsa-badan-bersama-sejahtera,446
Bakti Surya Berkah Badan Bersama Sejahtera,Jl. Kuda Tinggi Wilayah 96 Kota/Kabupaten MOROWALI Provinsi SULAWESI TENGAH,POINT(121.7197727408941 -2.500072577951226),Chris Adams Martinez,696215/716218/563863,1098159051802,bakti-surya-berkah-badan-bersama-sejahtera,43
Nusantara Bakti Jaya Harmoni Medik Pharm,Jl. Kucing Jenius Daerah 16 Kota/Kabupaten MAHAKAM ULU Provinsi KALIMANTAN TIMUR,POINT(114.17551873426012 0.6351053339486974),Jessica Smith White,554150/4521039/1012973,7812101157404,nusantara-bakti-jaya-harmoni-medik-pharm,68
Sentorsa Tenaga Medic Jaya Apotik Medik,Jl. Gajah Cepat Cluster 41 Kota/Kabupaten NGAWI Provinsi JAWA TIMUR,POINT(111.5120118444691 -7.521278343520813),Emily Jackson Smith,198549/10821025/321455,861800068725,sentorsa-tenaga-medic-jaya-apotik-medik,37
Nusantara Badan Bintang Farmasi Pharm Apotik,Jl. Sawah Tinggi Komplek 55 Kota/Kabupaten KUTAI BARAT Provinsi KALIMANTAN TIMUR,POINT(115.99459573715951 0.0343988094940641),Megan Nelson Harris,631481/42461010/120353,470456716883,nusantara-badan-bintang-farmasi-pharm-apotik,9
Sejahtera Nusantara Bahagia Indah Pharm Pharma,Jl. Kebun Cepat Daerah 18 Kota/Kabupaten PUNCAK Provinsi PAPUA,POINT(137.7363894041168 -3.871668916125344),Jessica Roberts Thompson,174673/609224/706993,11038105900108,sejahtera-nusantara-bahagia-indah-pharm-pharma,750
Prima Sehat Bintang Prima Pharm Bersama,Jl. Tembok Cepat Cluster 61 Kota/Kabupaten MAMBERAMO RAYA Provinsi PAPUA,POINT(137.83707015023597 -1.764582363738846),Jason Jackson Brown,3761710/600842/693807,260883301177,prima-sehat-bintang-prima-pharm-bersama,865
Surya Toko Terang Mutiara Farma Sejahtera,Jl. Anjing Pendek Komplek 68 Kota/Kabupaten SUBANG Provinsi JAWA BARAT,POINT(107.59938547947397 -6.51229286101748),Tom Anderson Miller,561931/82210010/502342,268727506715,surya-toko-terang-mutiara-farma-sejahtera,752
Sejahtera Bumi Sehat Bintang Apotik Sejahtera,Jl. Tembok Cerdas Daerah 86 Kota/Kabupaten BOLAANG MONGONDOW Provinsi SULAWESI UTARA,POINT(124.04151409970648 0.6592176883368079),Sarah White Thomas,513022/179825/3624106,1384990107540,sejahtera-bumi-sehat-bintang-apotik-sejahtera,526
Bintang Obat Cemerlang Bumi Pharm Medika,Jl. Rambutan Besar Wilayah 28 Kota/Kabupaten YAHUKIMO Provinsi PAPUA,POINT(138.86577712915164 -4.421021105551199),John Jones Johnson,5913105/192991/707537,10230110806124,bintang-obat-cemerlang-bumi-pharm-medika,312
Medic Sentorsa Surya Resep Sehat Medik,Jl. Duku Cerdas Wilayah 77 Kota/Kabupaten MAHAKAM ULU Provinsi KALIMANTAN TIMUR,POINT(115.35445273482544 0.0994016082423101),Allison Hill Williams,666138/72109109/638479,110906682010108,medic-sentorsa-surya-resep-sehat-medik,138
Toko Obat Makmur Resep Pharm Apotik,Jl. Ikan Tinggi Cluster 93 Kota/Kabupaten KEPULAUAN SULA Provinsi MALUKU UTARA,POINT(125.56919134557916 -1.851664710510548),Steve Martinez Robinson,1903100/525704/3109689,1866881064609,toko-obat-makmur-resep-pharm-apotik,477
Resep Terang Bahagia Mutiara Jaya Pharm,Jl. Anjing Kecil Daerah 11 Kota/Kabupaten HALMAHERA TIMUR Provinsi MALUKU UTARA,POINT(128.41507952432102 0.5313197732499049),Chris Williams Miller,680182/279605/733990,791947858110,resep-terang-bahagia-mutiara-jaya-pharm,83
Surya Tenaga Prima Jaya Apotik Medika,Jl. Anjing Kecil Wilayah 23 Kota/Kabupaten PESISIR SELATAN Provinsi SUMATERA BARAT,POINT(100.92521463924136 -2.3249864147114234),Matt Roberts Anderson,1671013/922812/630206,711089603380,surya-tenaga-prima-jaya-apotik-medika,809
Bintang Bakti Kimia Jaya Sejahtera Apotik,Jl. Gunung Cerah Wilayah 34 Kota/Kabupaten KUANTAN SINGINGI Provinsi RIAU,POINT(101.25142478190092 -0.1722192780120135),Lauren Hill Wilson,3341100/2679103/823438,1819681100100,bintang-bakti-kimia-jaya-sejahtera-apotik,390
Lestari Mutiara Resep Berkah Apotik Medika,Jl. Apel Pintar Daerah 46 Kota/Kabupaten PASER Provinsi KALIMANTAN TIMUR,POINT(116.09348801904086 -1.174091535001306),David Williams Robinson,11051810/9108245/937538,455419830309,lestari-mutiara-resep-berkah-apotik-medika,509
Cemerlang Surya Terang Toko Apotik Jaya,Jl. Pisang Kecil Komplek 2 Kota/Kabupaten REJANG LEBONG Provinsi BENGKULU,POINT(102.77665693604246 -3.4060773425798416),Brittany Williams Harris,541010/2211013/3301410,7210121080836,cemerlang-surya-terang-toko-apotik-jaya,343
Sejahtera Medic Medical Mawar Medik Bersama,Jl. Kota Cermat Komplek 72 Kota/Kabupaten KUTAI KARTANEGARA Provinsi KALIMANTAN TIMUR,POINT(116.8739456385874 0.160426150215132),Brittany Parker Johnson,515195/3101276/878034,100883590991,sejahtera-medic-medical-mawar-medik-bersama,509
Murni Indah Medical Surya Bersama Pharma,Jl. Duku Pendek Daerah 34 Kota/Kabupaten BERAU Provinsi KALIMANTAN TIMUR,POINT(117.72220614816224 1.7455994544880706),Ashley Johnson Anderson,780415/3271033/138212,1018516528034,murni-indah-medical-surya-bersama-pharma,102
Badan Bakti Mutiara Mawar Farma Jaya,Jl. Balai Sari Cluster 58 Kota/Kabupaten SANGGAU Provinsi KALIMANTAN BARAT,POINT(110.5726440810312 0.5867471438776359),Allison Anderson Martinez,5241010/1092385/1342710,11020058102069,badan-bakti-mutiara-mawar-farma-jaya,842
Sehat Jaya Harmoni Apotik Jaya Sejahtera,Jl. Tembok Cermat Komplek 57 Kota/Kabupaten LAMPUNG TENGAH Provinsi LAMPUNG,POINT(105.79413123592252 -4.6809684070704325),Emily Harris Harris,547107/42201010/754036,64012038102100,sehat-jaya-harmoni-apotik-jaya-sejahtera,54
Jaya Lestari Sehat Bumi Medik Sejahtera,Jl. Anjing Kecil Komplek 95 Kota/Kabupaten YALIMO Provinsi PAPUA,POINT(139.10237134692727 -3.982477479991661),Brittany Brown Martinez,279515/1210212/3350101,195854832032,jaya-lestari-sehat-bumi-medik-sejahtera,9
Cemerlang Berkah Prima Sejahtera Sejahtera Medik,Jl. Rambutan Pendek Cluster 26 Kota/Kabupaten BUNGO Provinsi JAMBI,POINT(101.8706832610381 -1.7316759062296043),Chris Martinez Martinez,997571/6102832/735032,820111538509,cemerlang-berkah-prima-sejahtera-sejahtera-medik,274
Prima Mutiara Murni Harmoni Medika Jaya,Jl. Anjing Besar Cluster 6 Kota/Kabupaten MURUNG RAYA Provinsi KALIMANTAN TENGAH,POINT(113.942878928358 -0.2120590837231777),Jessica Jackson Thompson,3628101/105025/3702108,572012805910,prima-mutiara-murni-harmoni-medika-jaya,343
Sehat Prima Prima Kimia Sejahtera Jaya,Jl. Ikan Kecil Wilayah 11 Kota/Kabupaten SUKAMARA Provinsi KALIMANTAN TENGAH,POINT(111.25555719200626 -2.787950513081162),Brittany Jackson Davis,1591010/81010722/1093991,2421091981088,sehat-prima-prima-kimia-sejahtera-jaya,566
Resep Jaya Bumi Surya Apotik Jaya,Jl. Anjing Pintar Daerah 88 Kota/Kabupaten TANJUNG JABUNG TIMUR Provinsi JAMBI,POINT(103.71027197425684 -0.95618989518446),Sarah Parker Martin,18101082/9427510/6104833,41068108818028,resep-jaya-bumi-surya-apotik-jaya,236
Mawar Bintang Berkah Toko Farma Apotek,Jl. Kuda Indah Daerah 17 Kota/Kabupaten MURUNG RAYA Provinsi KALIMANTAN TENGAH,POINT(114.2940564181577 0.1436608570877204),Chris White Taylor,594031/3710042/318482,108910907018,mawar-bintang-berkah-toko-farma-apotek,906
Makmur Jaya Murni Bakti Farma Pharm,Jl. Sawah Kecil Komplek 1 Kota/Kabupaten LAMPUNG BARAT Provinsi LAMPUNG,POINT(104.36137166805808 -4.950750212320942),Allison Smith Thompson,3141086/2206410/5551063,9101018909502,makmur-jaya-murni-bakti-farma-pharm,402
Resep Bahagia Nusantara Sentorsa Sehat Apotek,Jl. Kucing Sari Komplek 51 Kota/Kabupaten ROTE NDAO Provinsi NUSA TENGGARA TIMUR,POINT(122.93527524371888 -10.86669310356724),Brittany Williams Miller,1570610/528522/6533410,411540580798,resep-bahagia-nusantara-sentorsa-sehat-apotek,74
Farmasi Toko Indah Kimia Sejahtera Pharma,Jl. Rambutan Sari Wilayah 94 Kota/Kabupaten NIAS SELATAN Provinsi SUMATERA UTARA,POINT(98.43620239432244 -0.0812872900015175),Michael Brown Jones,951677/414523/415963,182850687216,farmasi-toko-indah-kimia-sejahtera-pharma,509
Cemerlang Harmoni Berkah Makmur Medika Apotik,Jl. Gunung Kecil Blok 2 Kota/Kabupaten KOTABARU Provinsi KALIMANTAN SELATAN,POINT(115.9820069607837 -2.477253425991325),Michael Parker Brown,723118/704724/603597,50100108118370,cemerlang-harmoni-berkah-makmur-medika-apotik,235
Terang Medical Bakti Murni Apotik Jaya,Jl. Duku Tinggi Komplek 56 Kota/Kabupaten NABIRE Provinsi PAPUA,POINT(135.9356227317498 -2.875211208751022),David Johnson Thomas,931483/612084/9310811,15031010212888,terang-medical-bakti-murni-apotik-jaya,960
Farmasi Badan Mawar Medical Sejahtera Sehat,Jl. Ikan Kecil Daerah 89 Kota/Kabupaten SAROLANGUN Provinsi JAMBI,POINT(103.00215678994198 -2.2583137964465294),Lauren Thomas Jackson,915829/1062372/10931023,1087028101010310,farmasi-badan-mawar-medical-sejahtera-sehat,924
Prima Mawar Cemerlang Tubuh Pharma Sejahtera,Jl. Gunung Sari Daerah 64 Kota/Kabupaten KAMPAR Provinsi RIAU,POINT(100.6952227015608 0.3166398401811161),Brittany Taylor Davis,3612104/832984/7101830,36169001010859,prima-mawar-cemerlang-tubuh-pharma-sejahtera,97
Prima Resep Prima Sentorsa Farma Sehat,Jl. Gajah Pendek Blok 50 Kota/Kabupaten MALINAU Provinsi KALIMANTAN UTARA,POINT(116.07983362721308 2.4796166668990853),Michael White Williams,7101049/903202/1474310,677948110011,prima-resep-prima-sentorsa-farma-sehat,912
Berkah Prima Murni Medical Pharm Jaya,Jl. Ikan Kecil Blok 78 Kota/Kabupaten OGAN KOMERING ULU SELATAN Provinsi SUMATERA SELATAN,POINT(103.77069672895732 -4.703258937281582),Jason Carter Taylor,2110700/246719/823430,924018957801,berkah-prima-murni-medical-pharm-jaya,164
Makmur Badan Jaya Lestari Medik Apotek,Jl. Gunung Indah Blok 44 Kota/Kabupaten ALOR Provinsi NUSA TENGGARA TIMUR,POINT(124.27976179006326 -8.3093764824477),Alex Lewis Moore,178051/2541080/309527,567380381845,makmur-badan-jaya-lestari-medik-apotek,724
Murni Medical Amanah Medic Medika Apotek,Jl. Apel Cepat Komplek 35 Kota/Kabupaten TOLITOLI Provinsi SULAWESI TENGAH,POINT(120.94610115669494 0.8927523953623506),Megan Thomas Martinez,110080/711293/573281,8351070109608,murni-medical-amanah-medic-medika-apotek,672
Bintang Medic Resep Indah Sejahtera Apotek,Jl. Ikan Indah Cluster 50 Kota/Kabupaten BANDUNG Provinsi JAWA BARAT,POINT(107.6221824979796 -7.093579048620188),Ashley White Martin,410369/1029845/200138,398617705901,bintang-medic-resep-indah-sejahtera-apotek,171
Badan Sejahtera Medic Kimia Farma Sejahtera,Jl. Mangga Cerdas Blok 100 Kota/Kabupaten PELALAWAN Provinsi RIAU,POINT(102.58902029088196 0.3686023859717391),Brittany Johnson Thompson,815141/238125/9309010,8101617954033,badan-sejahtera-medic-kimia-farma-sejahtera,934
Mawar Mutiara Murni Harmoni Sehat Bersama,Jl. Gunung Sari Komplek 18 Kota/Kabupaten BOVEN DIGOEL Provinsi PAPUA,POINT(140.452313030652 -6.839713792123916),Megan Hill Jackson,6121101/109210103/169743,80290491810810,mawar-mutiara-murni-harmoni-sehat-bersama,233
Prima Sentorsa Cemerlang Medical Jaya Medik,Jl. Gunung Cerah Daerah 24 Kota/Kabupaten BANGKA BARAT Provinsi KEPULAUAN BANGKA BELITUNG,POINT(105.57100564277422 -2.077877102533984),Emily Harris Martin,179040/142968/8310168,2830101555790,prima-sentorsa-cemerlang-medical-jaya-medik,152
Resep Badan Bahagia Tubuh Pharm Pharma,Jl. Kucing Besar Komplek 61 Kota/Kabupaten BANGGAI Provinsi SULAWESI TENGAH,POINT(121.93057165369096 -1.072672532328074),Sarah Williams Miller,7410127/2167810/550103,8709217102285,resep-badan-bahagia-tubuh-pharm-pharma,724
Medical Sejahtera Medic Obat Apotik Sejahtera,Jl. Gajah Cerah Wilayah 78 Kota/Kabupaten KOTABARU Provinsi KALIMANTAN SELATAN,POINT(116.02400206083392 -3.0538031951039706),Jessica Harris Thomas,171801/200420/858733,629137906815,medical-sejahtera-medic-obat-apotik-sejahtera,346
Bahagia Nusantara Badan Toko Sehat Bersama,Jl. Duku Cermat Blok 33 Kota/Kabupaten ASMAT Provinsi PAPUA,POINT(138.2222384632651 -5.2888267329571645),Katie Harris Brown,5010871/300828/997393,6801046101084,bahagia-nusantara-badan-toko-sehat-bersama,617
Berkah Nusantara Jaya Makmur Apotik Jaya,Jl. Pisang Sejahtera Cluster 51 Kota/Kabupaten KUTAI BARAT Provinsi KALIMANTAN TIMUR,POINT(115.27293520051174 -0.2048759506905355),Michael Taylor Harris,611609/643112/3102013,134080028843,berkah-nusantara-jaya-makmur-apotik-jaya,91
Cemerlang Sentorsa Tubuh Mawar Apotik Farma,Jl. Gunung Kecil Daerah 25 Kota/Kabupaten MERAUKE Provinsi PAPUA,POINT(138.58281999384354 -7.703045444164736),Chris Jackson Davis,631631/4522310/735555,810260102110241,cemerlang-sentorsa-tubuh-mawar-apotik-farma,763
Mutiara Badan Berkah Bintang Apotik Apotek,Jl. Mangga Cermat Wilayah 13 Kota/Kabupaten TEBO Provinsi JAMBI,POINT(102.16938769864882 -0.9217769375642106),Sarah Clark Miller,3541001/2110436/317023,805026530117,mutiara-badan-berkah-bintang-apotik-apotek,262
Amanah Kimia Prima Bakti Medik Pharma,Jl. Anjing Cepat Daerah 91 Kota/Kabupaten SANGGAU Provinsi KALIMANTAN BARAT,POINT(110.3564462587634 0.7406308174470801),Chris Parker Moore,229051/1032710/932147,7618148201001,amanah-kimia-prima-bakti-medik-pharma,259
Mutiara Amanah Cemerlang Lestari Pharma Jaya,Jl. Durian Cerdas Blok 84 Kota/Kabupaten MELAWI Provinsi KALIMANTAN BARAT,POINT(111.29614901103702 -0.9391714673321624),Emily Smith Moore,460801/62710710/9443103,882918630872,mutiara-amanah-cemerlang-lestari-pharma-jaya,329
Tubuh Toko Nusantara Tenaga Medik Sejahtera,Jl. Gajah Cermat Daerah 40 Kota/Kabupaten KUPANG Provinsi NUSA TENGGARA TIMUR,POINT(124.1211459946704 -10.139440689777562),Allison Lewis Jones,117387/523222/683294,91010106850694,tubuh-toko-nusantara-tenaga-medik-sejahtera,746
Terang Amanah Sehat Surya Apotek Jaya,Jl. Rambutan Besar Wilayah 74 Kota/Kabupaten MURUNG RAYA Provinsi KALIMANTAN TENGAH,POINT(113.95922046830675 0.2066842662042773),David Thomas Davis,753601/10010129/8410130,682868541013,terang-amanah-sehat-surya-apotek-jaya,913
Jaya Jaya Harmoni Bumi Apotik Bersama,Jl. Ikan Cepat Blok 43 Kota/Kabupaten JAYAPURA Provinsi PAPUA,POINT(140.0906239005674 -2.8162421716481987),David Clark Smith,791273/291695/218593,4155100387545,jaya-jaya-harmoni-bumi-apotik-bersama,626
Prima Surya Bintang Terang Sejahtera Sehat,Jl. Kuda Sari Blok 72 Kota/Kabupaten PADANG LAWAS UTARA Provinsi SUMATERA UTARA,POINT(100.0935515464534 1.5923080672382444),Jessica Jackson Jackson,18107610/655287/323452,8803267561041,prima-surya-bintang-terang-sejahtera-sehat,55
Badan Harmoni Amanah Medical Bersama Jaya,Jl. Gunung Sejahtera Cluster 10 Kota/Kabupaten DHARMASRAYA Provinsi SUMATERA BARAT,POINT(101.54195479707252 -1.164273488772567),Alex Parker Robinson,592601/588182/6173310,8549106910909,badan-harmoni-amanah-medical-bersama-jaya,407
Makmur Mawar Badan Resep Jaya Pharm,Jl. Kuda Cerah Cluster 10 Kota/Kabupaten LUMAJANG Provinsi JAWA TIMUR,POINT(113.09046302584883 -8.255297011888853),Ashley Clark Taylor,3315410/241928/231439,449814207954,makmur-mawar-badan-resep-jaya-pharm,648
Murni Sentorsa Bumi Medic Pharma Apotek,Jl. Balai Sejahtera Blok 70 Kota/Kabupaten NUNUKAN Provinsi KALIMANTAN UTARA,POINT(116.54816577998436 4.131290871788078),Megan Smith Moore,1230101/351227/1532105,1541071893037,murni-sentorsa-bumi-medic-pharma-apotek,49
Bintang Sejahtera Berkah Prima Farma Pharma,Jl. Ikan Indah Blok 87 Kota/Kabupaten LAMPUNG SELATAN Provinsi LAMPUNG,POINT(105.36096442751791 -5.29949897232558),Jason Williams Miller,771979/122803/3103935,8785950311099,bintang-sejahtera-berkah-prima-farma-pharma,81
Amanah Apotik Murni Obat Apotik Sejahtera,Jl. Kebun Sari Wilayah 10 Kota/Kabupaten MUARO JAMBI Provinsi JAMBI,POINT(103.52930059073628 -2.1572908029699605),Emily Adams Johnson,221118/372891/104583,61090038101882,amanah-apotik-murni-obat-apotik-sejahtera,285
Obat Terang Prima Bintang Pharma Apotek,Jl. Mangga Pendek Cluster 17 Kota/Kabupaten HALMAHERA BARAT Provinsi MALUKU UTARA,POINT(127.5687197824139 1.101740927281881),Megan Clark Martinez,6100315/283284/787326,872661760001,obat-terang-prima-bintang-pharma-apotek,449
Bakti Terang Sentorsa Farmasi Medika Apotik,Jl. Jeruk Tinggi Komplek 45 Kota/Kabupaten OGAN KOMERING ULU TIMUR Provinsi SUMATERA SELATAN,POINT(104.24271114999443 -4.277991661807198),Rachel Jones Jackson,822313/836702/9538110,9061210070328,bakti-terang-sentorsa-farmasi-medika-apotik,574
Badan Mawar Jaya Amanah Medika Pharm,Jl. Tembok Sari Komplek 79 Kota/Kabupaten MERAUKE Provinsi PAPUA,POINT(140.86967778369075 -8.290765886979898),Chris Johnson Wilson,3291021/9102333/323210,588352110188,badan-mawar-jaya-amanah-medika-pharm,662
Murni Harmoni Sentorsa Sehat Pharma Sejahtera,Jl. Pisang Pintar Blok 39 Kota/Kabupaten BUNGO Provinsi JAMBI,POINT(101.66064421031452 -1.5696919057953025),Alex Lewis Martinez,1042812/670254/469300,8091067245411,murni-harmoni-sentorsa-sehat-pharma-sejahtera,621
Bintang Nusantara Farmasi Sentorsa Bersama Apotik,Jl. Kebun Pintar Daerah 93 Kota/Kabupaten KAPUAS Provinsi KALIMANTAN TENGAH,POINT(114.03561456668264 -0.5079700353654495),Emily Jones Robinson,383114/439326/337085,19507610100083,bintang-nusantara-farmasi-sentorsa-bersama-apotik,467
Bintang Mutiara Tubuh Toko Apotik Sejahtera,Jl. Gajah Jenius Wilayah 12 Kota/Kabupaten KETAPANG Provinsi KALIMANTAN BARAT,POINT(110.62294078857882 -2.269366757132733),Jason Anderson Moore,711836/112376/7803110,8838001871077,bintang-mutiara-tubuh-toko-apotik-sejahtera,220
Lestari Surya Kimia Prima Farma Pharm,Jl. Sirih Sari Komplek 8 Kota/Kabupaten KATINGAN Provinsi KALIMANTAN TENGAH,POINT(112.96966908505154 -0.765124640356996),Ashley Jackson Thomas,279139/760222/10110633,7510547150168,lestari-surya-kimia-prima-farma-pharm,49
Kimia Makmur Bumi Sentorsa Bersama Jaya,Jl. Gedung Indah Daerah 1 Kota/Kabupaten SARMI Provinsi PAPUA,POINT(138.93314189860405 -2.634046468816494),Brittany Martinez Thompson,5411058/350125/5101153,10031933821041,kimia-makmur-bumi-sentorsa-bersama-jaya,260
Mawar Cemerlang Jaya Bakti Apotek Medika,Jl. Duku Kecil Blok 12 Kota/Kabupaten BIAK NUMFOR Provinsi PAPUA,POINT(135.9067781562247 -1.1555809325195092),Chris Roberts Davis,133714/2110124/343674,132057686480,mawar-cemerlang-jaya-bakti-apotek-medika,338
Badan Resep Prima Prima Bersama Pharma,Jl. Sirih Sari Komplek 7 Kota/Kabupaten BATANGHARI Provinsi JAMBI,POINT(103.1256166004639 -1.4932734909059917),Allison Clark Garcia,5828101/131204/163273,188339805110,badan-resep-prima-prima-bersama-pharma,168
Farmasi Tenaga Nusantara Obat Apotek Apotik,Jl. Duku Sejahtera Wilayah 92 Kota/Kabupaten SERAM BAGIAN TIMUR Provinsi MALUKU,POINT(130.68666912114338 -3.738359868014333),John Brown Jones,119166/5371210/220391,161031080257010,farmasi-tenaga-nusantara-obat-apotek-apotik,325
Bahagia Harmoni Makmur Jaya Bersama Jaya,Jl. Kuda Sari Daerah 30 Kota/Kabupaten FLORES TIMUR Provinsi NUSA TENGGARA TIMUR,POINT(122.96603846975287 -8.236996431795866),Brittany Roberts Robinson,354131/143202/942339,2694010171508,bahagia-harmoni-makmur-jaya-bersama-jaya,217
Makmur Lestari Surya Tenaga Farma Sejahtera,Jl. Mangga Kecil Komplek 72 Kota/Kabupaten BLORA Provinsi JAWA TENGAH,POINT(111.3453537967622 -6.945849702666105),David Smith White,838921/254843/803931,310892033165,makmur-lestari-surya-tenaga-farma-sejahtera,415
Mawar Bahagia Surya Terang Sejahtera Sehat,Jl. Mangga Sejahtera Daerah 58 Kota/Kabupaten SIMALUNGUN Provinsi SUMATERA UTARA,POINT(98.78268789052169 3.199034681942837),Mark Carter Harris,701190/399927/120307,871515068015,mawar-bahagia-surya-terang-sejahtera-sehat,308
Resep Apotik Surya Bahagia Pharm Sehat,Jl. Tembok Pintar Blok 17 Kota/Kabupaten OGAN KOMERING ILIR Provinsi SUMATERA SELATAN,POINT(105.68576402980462 -3.1546183366674896),Rachel Taylor Davis,1029121/2510604/661334,1074681151040,resep-apotik-surya-bahagia-pharm-sehat,430
Surya Apotik Resep Jaya Farma Sejahtera,Jl. Rambutan Besar Cluster 2 Kota/Kabupaten SERUYAN Provinsi KALIMANTAN TENGAH,POINT(112.01111797605084 -1.0473379962295013),Steve Martinez Johnson,10710158/4371022/31101051,3808788810131,surya-apotik-resep-jaya-farma-sejahtera,125
Resep Toko Prima Nusantara Medik Medika,Jl. Sirih Cepat Wilayah 69 Kota/Kabupaten BENGKAYANG Provinsi KALIMANTAN BARAT,POINT(110.03186373465228 1.2488335379363953),Tom Carter Davis,10341210/221540/336629,18389091010915,resep-toko-prima-nusantara-medik-medika,907
Sejahtera Surya Toko Mawar Apotek Farma,Jl. Anjing Jenius Komplek 18 Kota/Kabupaten KEPULAUAN YAPEN Provinsi PAPUA,POINT(135.9200312564572 -1.6440910673077287),Jason Carter Robinson,481166/9310253/536270,1843010861062,sejahtera-surya-toko-mawar-apotek-farma,862
Sejahtera Kimia Bakti Surya Jaya Farma,Jl. Tembok Cermat Cluster 65 Kota/Kabupaten KUTAI TIMUR Provinsi KALIMANTAN TIMUR,POINT(117.3354058522433 0.5157917198662947),Brittany White Davis,1011751/92510108/8861039,121894840530,sejahtera-kimia-bakti-surya-jaya-farma,174
Sejahtera Bumi Makmur Sehat Pharma Apotik,Jl. Balai Cerah Wilayah 58 Kota/Kabupaten NIAS BARAT Provinsi SUMATERA UTARA,POINT(97.59491362747936 1.0818742060607356),Jessica Martinez Thompson,184163/399021/333308,848249218460,sejahtera-bumi-makmur-sehat-pharma-apotik,598
Mutiara Harmoni Sejahtera Sentorsa Apotek Sehat,Jl. Anjing Cerdas Komplek 34 Kota/Kabupaten TANAH BUMBU Provinsi KALIMANTAN SELATAN,POINT(115.60044652452903 -3.4958153471530755),Chris Thomas Wilson,578471/2144102/373435,7310866410308,mutiara-harmoni-sejahtera-sentorsa-apotek-sehat,2
Farmasi Jaya Obat Indah Apotek Sejahtera,Jl. Duku Cerdas Cluster 50 Kota/Kabupaten ACEH JAYA Provinsi ACEH,POINT(95.75998903061276 4.849933606835329),Brittany Martinez Anderson,169079/606826/392345,60071251041080,farmasi-jaya-obat-indah-apotek-sejahtera,755
Apotik Berkah Murni Surya Sehat Pharma,Jl. Sawah Kecil Wilayah 9 Kota/Kabupaten KOTABARU Provinsi KALIMANTAN SELATAN,POINT(116.19346027372148 -3.9594464314890487),Alex Roberts Wilson,1109368/2446710/1045803,430284189481,apotik-berkah-murni-surya-sehat-pharma,335
Surya Indah Mutiara Sehat Farma Medika,Jl. Durian Sari Blok 16 Kota/Kabupaten MELAWI Provinsi KALIMANTAN BARAT,POINT(112.14523751086418 -0.5151727257226852),Alex Jackson Jackson,46101100/249415/3010448,4094100048158,surya-indah-mutiara-sehat-farma-medika,4
Sejahtera Makmur Prima Lestari Sejahtera Sehat,Jl. Jeruk Kecil Daerah 5 Kota/Kabupaten KENDAL Provinsi JAWA TENGAH,POINT(110.28321059657246 -6.9573424986207),Lauren Roberts Moore,20111010/71072109/825133,83110100819784,sejahtera-makmur-prima-lestari-sejahtera-sehat,458
Medical Bintang Terang Cemerlang Sejahtera Jaya,Jl. Gedung Sari Komplek 71 Kota/Kabupaten MAGETAN Provinsi JAWA TIMUR,POINT(111.41522424408733 -7.710048051125092),Matt Adams Harris,2708101/912632/131058,4081064441968,medical-bintang-terang-cemerlang-sejahtera-jaya,371
Mutiara Sehat Bakti Amanah Bersama Jaya,Jl. Gunung Kecil Komplek 2 Kota/Kabupaten GROBOGAN Provinsi JAWA TENGAH,POINT(111.19631775336988 -7.131799732587847),Mark Harris Davis,1201046/234878/3510632,439080106711,mutiara-sehat-bakti-amanah-bersama-jaya,548
Surya Murni Harmoni Surya Medika Apotik,Jl. Kucing Cerah Daerah 9 Kota/Kabupaten AGAM Provinsi SUMATERA BARAT,POINT(100.36127385578406 -0.2292609638317788),Steve Williams Brown,129634/722875/381882,9534903181060,surya-murni-harmoni-surya-medika-apotik,543
Obat Prima Tubuh Bahagia Sehat Apotek,Jl. Rambutan Cerdas Cluster 74 Kota/Kabupaten NUNUKAN Provinsi KALIMANTAN UTARA,POINT(116.86679517457272 4.261785226095347),Brittany Adams Wilson,1015419/168729/1404310,9885571107085,obat-prima-tubuh-bahagia-sehat-apotek,959
Terang Farmasi Jaya Obat Jaya Sejahtera,Jl. Mangga Pendek Cluster 43 Kota/Kabupaten KUANTAN SINGINGI Provinsi RIAU,POINT(101.7501834491427 -0.4517515255555562),David Parker Wilson,145647/398262/3196108,7891070105826,terang-farmasi-jaya-obat-jaya-sejahtera,766
Medical Makmur Sejahtera Harmoni Sejahtera Jaya,Jl. Ikan Indah Cluster 9 Kota/Kabupaten KUANTAN SINGINGI Provinsi RIAU,POINT(101.48212462058738 -0.7256162014645149),Megan Brown Anderson,811114/2105210/723893,1287203103518,medical-makmur-sejahtera-harmoni-sejahtera-jaya,504
Bahagia Toko Nusantara Medic Bersama Sejahtera,Jl. Kota Besar Wilayah 42 Kota/Kabupaten KOLAKA Provinsi SULAWESI TENGGARA,POINT(121.18511910130825 -3.744768932386722),Megan Anderson Harris,4491210/122544/51031013,6821071972305,bahagia-toko-nusantara-medic-bersama-sejahtera,443
Cemerlang Prima Surya Badan Medika Apotik,Jl. Ikan Tinggi Cluster 78 Kota/Kabupaten LAMPUNG UTARA Provinsi LAMPUNG,POINT(104.6718407895542 -4.831781410901869),Alex Johnson Johnson,411003/250260/5307710,328906088011,cemerlang-prima-surya-badan-medika-apotik,402
Cemerlang Bakti Nusantara Mawar Apotek Apotik,Jl. Kuda Indah Wilayah 20 Kota/Kabupaten KAPUAS HULU Provinsi KALIMANTAN BARAT,POINT(112.52891837752344 0.9171941468273488),John Roberts Miller,3106136/432452/3381104,1001316330498,cemerlang-bakti-nusantara-mawar-apotek-apotik,170
Indah Apotik Sejahtera Surya Sejahtera Farma,Jl. Kucing Cepat Komplek 41 Kota/Kabupaten KAIMANA Provinsi PAPUA BARAT,POINT(133.90215323183523 -2.997090873379393),Mark Taylor Brown,9291016/8910227/31071030,311074981876,indah-apotik-sejahtera-surya-sejahtera-farma,99
Mawar Bintang Harmoni Kimia Apotek Sejahtera,Jl. Gunung Sejahtera Daerah 68 Kota/Kabupaten ACEH SELATAN Provinsi ACEH,POINT(97.16958083434288 3.2835933635412147),Sarah Anderson Moore,1010667/103526/138867,6095813106423,mawar-bintang-harmoni-kimia-apotek-sejahtera,84
Terang Murni Cemerlang Amanah Apotek Bersama,Jl. Pisang Pendek Wilayah 74 Kota/Kabupaten JAYAPURA Provinsi PAPUA,POINT(140.06742130370085 -2.6904750665755337),Rachel Clark Williams,919161/736327/300204,922281023378,terang-murni-cemerlang-amanah-apotek-bersama,390
Bahagia Kimia Surya Sentorsa Apotik Apotek,Jl. Kuda Sari Cluster 49 Kota/Kabupaten MERANGIN Provinsi JAMBI,POINT(102.42374545190854 -1.7405356160040224),Mark Thomas Johnson,413741/22810101/373195,2080001811101,bahagia-kimia-surya-sentorsa-apotik-apotek,795
Harmoni Jaya Nusantara Bakti Jaya Apotik,Jl. Pisang Kecil Daerah 42 Kota/Kabupaten WAY KANAN Provinsi LAMPUNG,POINT(104.42342971979927 -4.369181863277106),Ashley Harris White,179613/123882/5231021,1980511980103,harmoni-jaya-nusantara-bakti-jaya-apotik,348
Medic Obat Terang Kimia Apotek Apotik,Jl. Anjing Cerdas Blok 47 Kota/Kabupaten SIAK Provinsi RIAU,POINT(102.20454038324152 0.8399055796378274),Sarah Smith Williams,6411030/825772/3817103,7908281081018,medic-obat-terang-kimia-apotek-apotik,348
Indah Murni Mutiara Sejahtera Apotek Medik,Jl. Kucing Cerdas Blok 62 Kota/Kabupaten PUNCAK Provinsi PAPUA,POINT(137.25882210867738 -3.619195928335476),Matt Jackson Robinson,1008109/1528410/300014,732083510008,indah-murni-mutiara-sejahtera-apotek-medik,121
Bumi Sentorsa Bakti Tubuh Apotek Medik,Jl. Duku Besar Cluster 98 Kota/Kabupaten KUANTAN SINGINGI Provinsi RIAU,POINT(101.46855365938548 -0.5000506466423182),John Harris Anderson,4261018/5772910/6363100,4110701381226,bumi-sentorsa-bakti-tubuh-apotek-medik,167
Bakti Prima Apotik Kimia Apotek Farma,Jl. Ikan Pendek Komplek 21 Kota/Kabupaten KUTAI KARTANEGARA Provinsi KALIMANTAN TIMUR,POINT(115.94670226001745 1.2968171755918192),Tom Clark Jackson,1091144/598288/373552,10171101184020,bakti-prima-apotik-kimia-apotek-farma,971
Sentorsa Prima Murni Tenaga Sejahtera Pharma,Jl. Duku Cerah Blok 60 Kota/Kabupaten BATANGHARI Provinsi JAMBI,POINT(102.97784953546358 -1.7538265082464155),Emily Adams Brown,952121/1032751/6010387,10102106619085,sentorsa-prima-murni-tenaga-sejahtera-pharma,690
Makmur Mawar Mutiara Prima Apotik Sehat,Jl. Duku Pendek Blok 65 Kota/Kabupaten KUPANG Provinsi NUSA TENGGARA TIMUR,POINT(123.87898597004784 -9.897759678733305),Steve Clark Smith,3102101/269750/3631001,118431800032,makmur-mawar-mutiara-prima-apotik-sehat,134
Bakti Jaya Amanah Medic Sejahtera Bersama,Jl. Mangga Jenius Wilayah 56 Kota/Kabupaten MUSI RAWAS Provinsi SUMATERA SELATAN,POINT(102.72347369553148 -3.1323907019283173),Ashley Taylor White,238491/239659/642033,8971061841061,bakti-jaya-amanah-medic-sejahtera-bersama,54
Toko Sehat Kimia Berkah Pharma Jaya,Jl. Duku Sari Daerah 38 Kota/Kabupaten FLORES TIMUR Provinsi NUSA TENGGARA TIMUR,POINT(122.93480584835116 -8.19349120871911),Sarah Williams Harris,107762/338992/123921,288014636686,toko-sehat-kimia-berkah-pharma-jaya,202
Surya Mutiara Medical Cemerlang Bersama Pharma,Jl. Mangga Kecil Wilayah 33 Kota/Kabupaten KATINGAN Provinsi KALIMANTAN TENGAH,POINT(113.5000661933076 -2.911243878823999),Mark Brown Moore,1511510/313942/73010110,9184898810108,surya-mutiara-medical-cemerlang-bersama-pharma,36
Kimia Lestari Sentorsa Bintang Pharm Apotik,Jl. Gunung Tinggi Blok 26 Kota/Kabupaten KETAPANG Provinsi KALIMANTAN BARAT,POINT(110.34852481082429 -0.6561217749443014),Mark Nelson Wilson,187702/1015230/733031,391630802665,kimia-lestari-sentorsa-bintang-pharm-apotik,324
Sehat Prima Jaya Lestari Sejahtera Medik,Jl. Duku Tinggi Komplek 4 Kota/Kabupaten SINTANG Provinsi KALIMANTAN BARAT,POINT(111.2914556355151 0.7277268777003236),David Johnson Miller,331803/920698/431041010,929108650407,sehat-prima-jaya-lestari-sejahtera-medik,383
Sentorsa Terang Indah Cemerlang Jaya Pharm,Jl. Gajah Jenius Daerah 92 Kota/Kabupaten BARITO UTARA Provinsi KALIMANTAN TENGAH,POINT(114.95792287283813 -0.7446645241066836),Allison Anderson Davis,91001610/727566/377803,8238210896310,sentorsa-terang-indah-cemerlang-jaya-pharm,70
Mutiara Lestari Sehat Resep Medika Apotek,Jl. Gedung Pintar Komplek 29 Kota/Kabupaten SUKABUMI Provinsi JAWA BARAT,POINT(106.58217729031792 -7.365169258054574),Ashley Roberts Anderson,991625/10101259/534425,7008443102131,mutiara-lestari-sehat-resep-medika-apotek,217
Toko Terang Bahagia Surya Apotek Sehat,Jl. Balai Sejahtera Wilayah 42 Kota/Kabupaten MURUNG RAYA Provinsi KALIMANTAN TENGAH,POINT(114.185802650712 -0.1495498513332851),Alex Parker Smith,10156109/2410487/2498310,103045008716,toko-terang-bahagia-surya-apotek-sehat,433
Jaya Sehat Medic Prima Farma Medika,Jl. Gunung Cepat Daerah 30 Kota/Kabupaten PELALAWAN Provinsi RIAU,POINT(101.70978151428228 0.241564669454414),John Jackson Smith,312001/645928/470232,833020448170,jaya-sehat-medic-prima-farma-medika,85
Nusantara Surya Sejahtera Tubuh Pharm Apotek,Jl. Durian Pendek Komplek 67 Kota/Kabupaten SORONG Provinsi PAPUA BARAT,POINT(131.88554172230866 -0.874509386905908),Lauren White Davis,402551/2510422/4301005,443123106382,nusantara-surya-sejahtera-tubuh-pharm-apotek,175
Surya Resep Surya Medic Medika Bersama,Jl. Sirih Sejahtera Komplek 93 Kota/Kabupaten PESISIR SELATAN Provinsi SUMATERA BARAT,POINT(100.99120955453294 -2.164657967190694),Emily Williams Smith,518763/552455/473951,8581501510110,surya-resep-surya-medic-medika-bersama,924
Mutiara Sentorsa Berkah Makmur Pharm Farma,Jl. Sawah Pendek Komplek 9 Kota/Kabupaten KOTAWARINGIN TIMUR Provinsi KALIMANTAN TENGAH,POINT(112.62463224178532 -1.5669670859923563),Matt Taylor Jackson,524181/209346/803934,2690411011408,mutiara-sentorsa-berkah-makmur-pharm-farma,121
Badan Bumi Bakti Farmasi Medik Sejahtera,Jl. Tembok Sejahtera Cluster 69 Kota/Kabupaten MESUJI Provinsi LAMPUNG,POINT(105.1168100109049 -4.162633919666295),Katie Williams Johnson,742418/252856/537239,913680051401,badan-bumi-bakti-farmasi-medik-sejahtera,69
Kimia Bumi Surya Prima Sejahtera Apotik,Jl. Anjing Cermat Blok 81 Kota/Kabupaten PELALAWAN Provinsi RIAU,POINT(102.01659444188302 -0.2765414118474929),John Clark Martinez,765061/422267/3655210,18210880102080,kimia-bumi-surya-prima-sejahtera-apotik,49
Kimia Prima Makmur Bakti Sejahtera Medik,Jl. Gedung Pintar Cluster 12 Kota/Kabupaten RAJA AMPAT Provinsi PAPUA BARAT,POINT(130.45975626308274 -0.8603776355407149),Katie Brown Thompson,313091/852464/321240,45108613710910,kimia-prima-makmur-bakti-sejahtera-medik,385
Lestari Cemerlang Sentorsa Jaya Medika Sejahtera,Jl. Apel Besar Cluster 97 Kota/Kabupaten BULUNGAN Provinsi KALIMANTAN UTARA,POINT(117.78262110996776 2.492363479060751),Brittany Roberts Moore,5125810/100422/893698,300283031719,lestari-cemerlang-sentorsa-jaya-medika-sejahtera,477
Makmur Obat Apotik Sentorsa Sejahtera Apotik,Jl. Sawah Jenius Wilayah 84 Kota/Kabupaten PULANG PISAU Provinsi KALIMANTAN TENGAH,POINT(113.9246704744854 -1.8961693741663976),Tom Roberts Jackson,191029/7244108/803375,7381307884105,makmur-obat-apotik-sentorsa-sejahtera-apotik,171
Bakti Cemerlang Nusantara Bahagia Sejahtera Medik,Jl. Pisang Besar Komplek 24 Kota/Kabupaten KOTA PRABUMULIH Provinsi SUMATERA SELATAN,POINT(104.21447106280604 -3.419808916869246),Mark Anderson Wilson,307186/274613/690539,10190128348108,bakti-cemerlang-nusantara-bahagia-sejahtera-medik,317
Indah Toko Farmasi Cemerlang Sejahtera Apotek,Jl. Rambutan Jenius Daerah 46 Kota/Kabupaten PANIAI Provinsi PAPUA,POINT(136.5202928167869 -3.980498479957351),Brittany Harris Thomas,168975/900528/539226,3431066800010,indah-toko-farmasi-cemerlang-sejahtera-apotek,982
Bintang Nusantara Medic Kimia Pharm Medik,Jl. Pisang Jenius Wilayah 92 Kota/Kabupaten ALOR Provinsi NUSA TENGGARA TIMUR,POINT(124.5035537960136 -8.33819181709879),Chris Adams Harris,991766/209911/553074,658061507888,bintang-nusantara-medic-kimia-pharm-medik,489
Lestari Terang Bahagia Apotik Medik Sehat,Jl. Kebun Tinggi Cluster 80 Kota/Kabupaten ENREKANG Provinsi SULAWESI SELATAN,POINT(119.9120454446942 -3.6163896681057928),Jessica Anderson Williams,697501/342305/894343,8288910071010,lestari-terang-bahagia-apotik-medik-sehat,748
Indah Medic Kimia Amanah Medik Medika,Jl. Pisang Kecil Daerah 16 Kota/Kabupaten LUWU UTARA Provinsi SULAWESI SELATAN,POINT(120.632873958974 -2.627668254910484),Rachel Brown Smith,311299/8910029/654903,180082669704,indah-medic-kimia-amanah-medik-medika,75
Surya Mawar Bakti Sentorsa Sejahtera Sehat,Jl. Gedung Pendek Cluster 78 Kota/Kabupaten BIAK NUMFOR Provinsi PAPUA,POINT(135.83612333048129 -0.9329021606083856),John Adams Robinson,186564/410203/660083,7775280554110,surya-mawar-bakti-sentorsa-sejahtera-sehat,998
Farmasi Nusantara Medic Mutiara Medika Sejahtera,Jl. Duku Tinggi Wilayah 91 Kota/Kabupaten KETAPANG Provinsi KALIMANTAN BARAT,POINT(110.38332639935167 -2.3472357674739825),Lauren Adams Taylor,128101010/1052539/1093709,970071281364,farmasi-nusantara-medic-mutiara-medika-sejahtera,382
Sejahtera Obat Toko Resep Sejahtera Apotik,Jl. Kuda Pendek Wilayah 18 Kota/Kabupaten MAMBERAMO RAYA Provinsi PAPUA,POINT(138.45058061830113 -2.7748579814936463),Jason Thomas Martinez,874167/2999102/834869,229708314931,sejahtera-obat-toko-resep-sejahtera-apotik,662
Badan Bintang Sehat Obat Pharm Apotek,Jl. Kebun Cepat Daerah 25 Kota/Kabupaten MAMUJU UTARA Provinsi SULAWESI BARAT,POINT(119.5983994394496 -1.476210495534346),Rachel Jones Smith,4210716/214451/683552,4150015086210,badan-bintang-sehat-obat-pharm-apotek,146
Indah Cemerlang Tenaga Bintang Pharm Pharma,Jl. Duku Sejahtera Blok 10 Kota/Kabupaten INDRAGIRI HILIR Provinsi RIAU,POINT(102.9872307200428 -0.6660454322490725),Jason Hill Williams,1024012/1052874/536082,8010715016046,indah-cemerlang-tenaga-bintang-pharm-pharma,630
Resep Obat Bahagia Terang Sehat Apotik,Jl. Ikan Kecil Komplek 59 Kota/Kabupaten KUTAI TIMUR Provinsi KALIMANTAN TIMUR,POINT(117.89944188547048 0.9351125313333846),Tom Harris Thomas,1100901/52210510/553509,21608891108102,resep-obat-bahagia-terang-sehat-apotik,461
Bahagia Terang Badan Resep Medika Sejahtera,Jl. Jeruk Cermat Wilayah 27 Kota/Kabupaten KUTAI TIMUR Provinsi KALIMANTAN TIMUR,POINT(117.55220325404328 1.3834000660510828),Ashley Smith Moore,1013103/212856/193023,142406391828,bahagia-terang-badan-resep-medika-sejahtera,380
Kimia Sejahtera Prima Makmur Apotik Bersama,Jl. Sirih Kecil Blok 31 Kota/Kabupaten INDRAGIRI HILIR Provinsi RIAU,POINT(102.78208838521752 -0.0770528131118606),Matt Jackson Harris,710408/723171/508833,72101171077840,kimia-sejahtera-prima-makmur-apotik-bersama,117
Jaya Kimia Makmur Bintang Pharm Jaya,Jl. Jeruk Besar Daerah 71 Kota/Kabupaten BOVEN DIGOEL Provinsi PAPUA,POINT(140.33959249992856 -6.593453865685706),Jason Thomas Wilson,4109817/1109226/3105134,411431809615,jaya-kimia-makmur-bintang-pharm-jaya,684
Apotik Murni Amanah Surya Bersama Apotik,Jl. Sirih Tinggi Cluster 34 Kota/Kabupaten KAIMANA Provinsi PAPUA BARAT,POINT(133.1429324348278 -3.560489671909056),Michael White Jones,791807/210102101/10630103,8834062101087,apotik-murni-amanah-surya-bersama-apotik,306
Tubuh Tenaga Bahagia Bintang Sejahtera Apotek,Jl. Rambutan Indah Daerah 79 Kota/Kabupaten TRENGGALEK Provinsi JAWA TIMUR,POINT(111.65236802500527 -8.037628706066783),Alex White White,437551/626326/463350,8808110283010,tubuh-tenaga-bahagia-bintang-sejahtera-apotek,271
Apotik Cemerlang Bakti Lestari Sejahtera Pharma,Jl. Kucing Kecil Komplek 42 Kota/Kabupaten MAMBERAMO RAYA Provinsi PAPUA,POINT(137.81159154600903 -1.8263385549466344),Allison Anderson Davis,113735/323424/3102397,8731811010408,apotik-cemerlang-bakti-lestari-sejahtera-pharma,75
Murni Prima Tubuh Makmur Apotek Pharm,Jl. Sirih Cepat Cluster 98 Kota/Kabupaten SIMALUNGUN Provinsi SUMATERA UTARA,POINT(99.19265227232913 3.0699033496707955),Rachel Martinez Taylor,722175/11010420/355088,4080118106525,murni-prima-tubuh-makmur-apotek-pharm,531
Mutiara Medic Murni Sentorsa Sejahtera Bersama,Jl. Pisang Cepat Blok 90 Kota/Kabupaten ROKAN HULU Provinsi RIAU,POINT(100.66991037604326 1.1444978965540464),Lauren Adams Garcia,711121/487512/372644,787630518004,mutiara-medic-murni-sentorsa-sejahtera-bersama,557
Tenaga Bahagia Medical Farmasi Jaya Medik,Jl. Balai Jenius Blok 95 Kota/Kabupaten KOTA BEKASI Provinsi JAWA BARAT,POINT(106.947104534112 -6.313546581236983),Megan Taylor Williams,731683/1110562/6130410,3801110271533,tenaga-bahagia-medical-farmasi-jaya-medik,795
Prima Jaya Toko Farmasi Sehat Jaya,Jl. Kebun Indah Wilayah 13 Kota/Kabupaten KOLAKA UTARA Provinsi SULAWESI TENGGARA,POINT(121.37149553572756 -3.380359724796844),Chris Adams White,7131002/7611024/413324,619003481292,prima-jaya-toko-farmasi-sehat-jaya,434
Surya Berkah Resep Prima Sejahtera Medik,Jl. Jeruk Cerdas Daerah 94 Kota/Kabupaten DONGGALA Provinsi SULAWESI TENGAH,POINT(119.98867460463816 0.3041566671691846),Brittany Hill Smith,631290/5410492/317200,4331015700188,surya-berkah-resep-prima-sejahtera-medik,477
Obat Bumi Murni Lestari Apotik Farma,Jl. Kuda Cepat Blok 57 Kota/Kabupaten BIAK NUMFOR Provinsi PAPUA,POINT(136.27751959324823 -1.0300199190322257),Jason Taylor Robinson,6810012/831912/2308105,2711061778210,obat-bumi-murni-lestari-apotik-farma,15
Surya Apotik Murni Lestari Pharm Medika,Jl. Balai Sejahtera Komplek 46 Kota/Kabupaten TAMBRAUW Provinsi PAPUA BARAT,POINT(132.87562275499465 -0.708922157335234),Alex Parker Johnson,966411/3201071/388952,110101107768105,surya-apotik-murni-lestari-pharm-medika,227
Farmasi Nusantara Sejahtera Terang Farma Jaya,Jl. Anjing Cerah Cluster 30 Kota/Kabupaten BREBES Provinsi JAWA TENGAH,POINT(108.80677516684857 -7.200431159323518),Rachel Johnson Martin,169381/1421003/973496,101718033051,farmasi-nusantara-sejahtera-terang-farma-jaya,902
Obat Lestari Toko Harmoni Pharma Medika,Jl. Rambutan Kecil Cluster 29 Kota/Kabupaten LANDAK Provinsi KALIMANTAN BARAT,POINT(110.03378277127936 0.6642238430484166),Steve Brown Robinson,131621/118283/514903,346850951108,obat-lestari-toko-harmoni-pharma-medika,266
Farmasi Sejahtera Bakti Surya Farma Pharm,Jl. Kucing Cepat Wilayah 76 Kota/Kabupaten SIGI Provinsi SULAWESI TENGAH,POINT(119.7899136607584 -1.1861296649918651),Chris Nelson Anderson,7352101/497237/808734,36018016102101,farmasi-sejahtera-bakti-surya-farma-pharm,291
Surya Sejahtera Prima Surya Medik Apotek,Jl. Mangga Kecil Daerah 68 Kota/Kabupaten MALINAU Provinsi KALIMANTAN UTARA,POINT(115.15429205673487 2.261593586097589),Tom Taylor Thompson,234141/521712/304117,71010972321087,surya-sejahtera-prima-surya-medik-apotek,61
Surya Toko Tubuh Badan Pharm Apotek,Jl. Gunung Pendek Cluster 67 Kota/Kabupaten SERAM BAGIAN TIMUR Provinsi MALUKU,POINT(130.31067076071224 -3.1722396689906605),Rachel Harris Moore,569178/7427510/5103065,7471000842410,surya-toko-tubuh-badan-pharm-apotek,3
Bakti Badan Obat Medic Sejahtera Jaya,Jl. Rambutan Cerdas Blok 6 Kota/Kabupaten MALINAU Provinsi KALIMANTAN UTARA,POINT(114.94191431808528 1.3197919528653514),Lauren Smith Jackson,712117/8108562/383232,187822910893,bakti-badan-obat-medic-sejahtera-jaya,798
Bintang Nusantara Kimia Surya Bersama Sejahtera,Jl. Gedung Cerah Wilayah 88 Kota/Kabupaten PASER Provinsi KALIMANTAN TIMUR,POINT(115.8725757722699 -1.7573515844722998),Ashley White Taylor,414127/2107821/10810311,177006601870,bintang-nusantara-kimia-surya-bersama-sejahtera,47
Sentorsa Sejahtera Bahagia Prima Medika Jaya,Jl. Sawah Sejahtera Wilayah 65 Kota/Kabupaten FAKFAK Provinsi PAPUA BARAT,POINT(132.15251647721533 -2.860999910530211),Steve Jackson Moore,721893/1921102/406316,844406701788,sentorsa-sejahtera-bahagia-prima-medika-jaya,487
Terang Surya Farmasi Indah Sejahtera Apotek,Jl. Gajah Kecil Cluster 95 Kota/Kabupaten PESISIR SELATAN Provinsi SUMATERA BARAT,POINT(100.67690628199216 -1.177139945090449),Matt Brown Williams,101061/820226/5015103,1103558595068,terang-surya-farmasi-indah-sejahtera-apotek,262
Tubuh Makmur Jaya Medic Pharm Apotik,Jl. Sirih Jenius Komplek 40 Kota/Kabupaten SARMI Provinsi PAPUA,POINT(138.8693721897381 -2.6537853514879206),Rachel Taylor Moore,28101105/629720/8331019,3121058730042,tubuh-makmur-jaya-medic-pharm-apotik,52
Sejahtera Amanah Resep Prima Sejahtera Sejahtera,Jl. Durian Sejahtera Wilayah 62 Kota/Kabupaten MAMBERAMO RAYA Provinsi PAPUA,POINT(137.22592000635564 -1.7720130377519323),Mark White Harris,179557/727723/6610743,1009189601002,sejahtera-amanah-resep-prima-sejahtera-sejahtera,166
Sejahtera Surya Lestari Indah Apotik Medika,Jl. Duku Jenius Cluster 46 Kota/Kabupaten KONAWE Provinsi SULAWESI TENGGARA,POINT(121.43145751847352 -3.030926421868223),Rachel Harris Taylor,194168/724101010/566043,101711020110800,sejahtera-surya-lestari-indah-apotik-medika,648
Jaya Sejahtera Mawar Farmasi Sehat Apotek,Jl. Durian Kecil Cluster 19 Kota/Kabupaten BOALEMO Provinsi GORONTALO,POINT(122.4526720743746 0.638108739275955),Ashley Smith Moore,142781/860752/321851,18322910073110,jaya-sejahtera-mawar-farmasi-sehat-apotek,231
Terang Bintang Jaya Sehat Farma Bersama,Jl. Duku Besar Wilayah 42 Kota/Kabupaten MALUKU BARAT DAYA Provinsi MALUKU,POINT(125.85277705326212 -7.944906004996956),Megan Taylor Miller,114731/1012736/473713,111236109938,terang-bintang-jaya-sehat-farma-bersama,4
Bintang Mutiara Sehat Murni Sejahtera Apotek,Jl. Gajah Cerdas Cluster 58 Kota/Kabupaten LOMBOK TENGAH Provinsi NUSA TENGGARA BARAT,POINT(116.14712717744682 -8.845049082012236),Allison Carter Davis,210227/971212/1013583,2881905101063,bintang-mutiara-sehat-murni-sejahtera-apotek,719
Resep Harmoni Kimia Berkah Pharm Farma,Jl. Duku Tinggi Wilayah 12 Kota/Kabupaten LABUHANBATU SELATAN Provinsi SUMATERA UTARA,POINT(100.26180983664597 2.1208276256658287),Alex Lewis Anderson,115308/2110299/863773,81188900001010,resep-harmoni-kimia-berkah-pharm-farma,580
Medic Farmasi Sehat Bumi Pharma Pharm,Jl. Sirih Indah Komplek 83 Kota/Kabupaten MAPPI Provinsi PAPUA,POINT(139.59974246996694 -6.282547918091984),Ashley Anderson Garcia,943814/196528/71031052,308671134070,medic-farmasi-sehat-bumi-pharma-pharm,746
Nusantara Toko Terang Lestari Bersama Apotek,Jl. Jeruk Sejahtera Cluster 32 Kota/Kabupaten KUTAI KARTANEGARA Provinsi KALIMANTAN TIMUR,POINT(116.33949783019142 -0.1135018565940129),Jason Hill Moore,1888101/152465/908132,805831235326,nusantara-toko-terang-lestari-bersama-apotek,887
Jaya Resep Obat Tubuh Sejahtera Bersama,Jl. Ikan Pendek Blok 29 Kota/Kabupaten PELALAWAN Provinsi RIAU,POINT(101.96294752865944 0.2554528302835415),Alex Carter Miller,1104710/623900/41010023,891980051274,jaya-resep-obat-tubuh-sejahtera-bersama,887
Amanah Jaya Obat Sentorsa Medika Medik,Jl. Jeruk Kecil Cluster 58 Kota/Kabupaten PENUKAL ABAB LEMATANG ILIR Provinsi SUMATERA SELATAN,POINT(103.67842876223042 -3.289588224937961),Jessica Clark Miller,418863/693728/424332,438124708891,amanah-jaya-obat-sentorsa-medika-medik,446
Sejahtera Apotik Medic Tubuh Jaya Sejahtera,Jl. Jeruk Pintar Cluster 91 Kota/Kabupaten CIREBON Provinsi JAWA BARAT,POINT(108.60342262131466 -6.800341000636388),Ashley White Garcia,1768108/2119104/385801,121454081137,sejahtera-apotik-medic-tubuh-jaya-sejahtera,168
Murni Tenaga Bakti Makmur Apotek Bersama,Jl. Durian Tinggi Wilayah 59 Kota/Kabupaten BOVEN DIGOEL Provinsi PAPUA,POINT(140.38083744142392 -6.918601044668232),Brittany Thomas Miller,217120/80101082/3651103,9386111004012,murni-tenaga-bakti-makmur-apotek-bersama,300
Badan Murni Sentorsa Jaya Farma Apotik,Jl. Anjing Tinggi Cluster 63 Kota/Kabupaten POSO Provinsi SULAWESI TENGAH,POINT(120.65398044756256 -1.7718738913223824),Sarah Taylor Thompson,321813/206134/634152,814883508895,badan-murni-sentorsa-jaya-farma-apotik,41
Kimia Bakti Murni Surya Sehat Sejahtera,Jl. Ikan Kecil Wilayah 12 Kota/Kabupaten INTAN JAYA Provinsi PAPUA,POINT(136.4277201773468 -3.4511112452915755),Steve Thomas Smith,6110974/449012/5105473,6210539708731,kimia-bakti-murni-surya-sehat-sejahtera,43
Apotik Jaya Badan Amanah Sejahtera Medik,Jl. Durian Sejahtera Komplek 69 Kota/Kabupaten MAMUJU Provinsi SULAWESI BARAT,POINT(118.93837634053942 -2.750075866343911),Mark White Taylor,508124/222700/393344,412150285012,apotik-jaya-badan-amanah-sejahtera-medik,319
Sentorsa Sejahtera Prima Surya Sehat Medika,Jl. Jeruk Kecil Wilayah 85 Kota/Kabupaten ACEH BARAT DAYA Provinsi ACEH,POINT(96.89676775151872 3.6659245088595167),Alex Jackson Thomas,3103184/2010099/735900,810582717210,sentorsa-sejahtera-prima-surya-sehat-medika,300
Apotik Makmur Obat Kimia Sehat Apotek,Jl. Rambutan Sejahtera Komplek 65 Kota/Kabupaten LANNY JAYA Provinsi PAPUA,POINT(138.38139699437906 -3.836597403237144),Rachel Carter Miller,534014/6525103/959375,7103024738781,apotik-makmur-obat-kimia-sehat-apotek,195
Murni Resep Farmasi Mutiara Sejahtera Sejahtera,Jl. Anjing Besar Komplek 8 Kota/Kabupaten MERAUKE Provinsi PAPUA,POINT(137.7401825216608 -8.250914073765053),Lauren Carter Taylor,2450110/9341092/1105137,8401455110680,murni-resep-farmasi-mutiara-sejahtera-sejahtera,365
Murni Bahagia Jaya Lestari Medika Apotik,Jl. Mangga Pintar Komplek 19 Kota/Kabupaten KOTA LUBUKLINGGAU Provinsi SUMATERA SELATAN,POINT(102.7778150304284 -3.2848705518645573),Mark Johnson Robinson,127129/220062/203766,287407041161,murni-bahagia-jaya-lestari-medika-apotik,499
Toko Murni Medical Medic Sejahtera Medika,Jl. Balai Sejahtera Daerah 58 Kota/Kabupaten KUTAI TIMUR Provinsi KALIMANTAN TIMUR,POINT(116.16842003375343 1.1863154246994352),David Clark Garcia,2111024/75102510/384437,767019987415,toko-murni-medical-medic-sejahtera-medika,832
Badan Berkah Lestari Mawar Medika Jaya,Jl. Jeruk Cepat Komplek 33 Kota/Kabupaten SARMI Provinsi PAPUA,POINT(138.18571793751084 -2.03782418172368),David Hill Brown,9712310/2210518/2931101,6108064023515,badan-berkah-lestari-mawar-medika-jaya,157
Prima Cemerlang Resep Medic Pharma Jaya,Jl. Gedung Indah Komplek 64 Kota/Kabupaten NUNUKAN Provinsi KALIMANTAN UTARA,POINT(115.76147715052194 4.090840517431371),Allison Adams Williams,571604/619200/257837,84880105510918,prima-cemerlang-resep-medic-pharma-jaya,45
Mutiara Lestari Sentorsa Prima Farma Apotik,Jl. Apel Pendek Blok 77 Kota/Kabupaten SEKADAU Provinsi KALIMANTAN BARAT,POINT(110.94543401327944 -0.2855960325954285),Mark Parker Anderson,2531021/473220/3172310,800131747079,mutiara-lestari-sentorsa-prima-farma-apotik,312
Harmoni Tubuh Bumi Badan Farma Jaya,Jl. Kuda Indah Daerah 36 Kota/Kabupaten MALANG Provinsi JAWA TIMUR,POINT(112.59370067840682 -7.777324214660468),Jessica Harris Robinson,251561/637623/113394,244212160185,harmoni-tubuh-bumi-badan-farma-jaya,118
Jaya Kimia Bakti Surya Sejahtera Medik,Jl. Balai Besar Daerah 16 Kota/Kabupaten MALINAU Provinsi KALIMANTAN UTARA,POINT(116.60250794466992 3.578926395701087),Sarah Roberts Harris,169113/10802105/739486,541610351804,jaya-kimia-bakti-surya-sejahtera-medik,15
Badan Obat Sejahtera Nusantara Medika Apotik,Jl. Sawah Cerdas Blok 30 Kota/Kabupaten BIREUEN Provinsi ACEH,POINT(96.794367660929 5.236385365801754),Mark Parker Anderson,1181610/3102681/124135,810767478631,badan-obat-sejahtera-nusantara-medika-apotik,672
Sejahtera Prima Kimia Bumi Medik Jaya,Jl. Gedung Kecil Wilayah 63 Kota/Kabupaten DAIRI Provinsi SUMATERA UTARA,POINT(98.467402050834 2.58585311860392),Jason Martinez Miller,852132/726025/8431035,863791292780,sejahtera-prima-kimia-bumi-medik-jaya,920
Mutiara Harmoni Sentorsa Bintang Jaya Pharma,Jl. Sirih Cerdas Daerah 50 Kota/Kabupaten BANYUASIN Provinsi SUMATERA SELATAN,POINT(104.75781408268774 -2.392530430788346),Jessica Clark Jackson,3412410/291784/379369,180230697104,mutiara-harmoni-sentorsa-bintang-jaya-pharma,396
Bumi Badan Makmur Mawar Pharm Apotik,Jl. Apel Tinggi Daerah 100 Kota/Kabupaten TEBO Provinsi JAMBI,POINT(102.48710399624576 -1.860225522761855),Allison Carter Moore,597115/772193/105330,889188700774,bumi-badan-makmur-mawar-pharm-apotik,69
Farmasi Resep Bahagia Mutiara Medik Sejahtera,Jl. Jeruk Cermat Daerah 23 Kota/Kabupaten DAIRI Provinsi SUMATERA UTARA,POINT(98.27447402413318 2.7911945778940925),Matt Williams Smith,1490100/1044027/532358,982116880673,farmasi-resep-bahagia-mutiara-medik-sejahtera,530
Resep Tubuh Kimia Jaya Jaya Medik,Jl. Jeruk Cermat Wilayah 57 Kota/Kabupaten SINTANG Provinsi KALIMANTAN BARAT,POINT(111.62201393269348 0.1418045230701317),Alex Thomas Miller,219348/733128/3961014,1598097951022,resep-tubuh-kimia-jaya-jaya-medik,535
Amanah Terang Cemerlang Prima Apotik Pharm,Jl. Kebun Cepat Komplek 95 Kota/Kabupaten MERAUKE Provinsi PAPUA,POINT(139.6169031992082 -7.669989609227015),Jason Lewis Johnson,190051/9263110/314052,8113078514109,amanah-terang-cemerlang-prima-apotik-pharm,151
Sehat Harmoni Berkah Obat Apotek Pharma,Jl. Gedung Indah Komplek 61 Kota/Kabupaten MALINAU Provinsi KALIMANTAN UTARA,POINT(114.81512148219196 1.867732546667618),Rachel Roberts Jackson,974510/1086230/3961004,280881114398,sehat-harmoni-berkah-obat-apotek-pharma,95
Terang Indah Nusantara Bumi Apotek Medika,Jl. Anjing Kecil Cluster 62 Kota/Kabupaten BLORA Provinsi JAWA TENGAH,POINT(111.34287547654904 -7.235204182720924),Lauren Hill Brown,6010813/4289210/4791093,119899843005,terang-indah-nusantara-bumi-apotek-medika,114
Cemerlang Medic Nusantara Indah Bersama Apotek,Jl. Ikan Cerah Wilayah 18 Kota/Kabupaten ASAHAN Provinsi SUMATERA UTARA,POINT(99.84092770571746 2.9114420682851385),Jason Anderson Jones,161094/595230/328772,10831087110817,cemerlang-medic-nusantara-indah-bersama-apotek,321
Bakti Kimia Lestari Indah Medika Apotik,Jl. Mangga Sejahtera Wilayah 4 Kota/Kabupaten NABIRE Provinsi PAPUA,POINT(136.12866404941127 -3.377073522086686),Brittany Roberts Miller,317078/4510625/8768103,1282880021030,bakti-kimia-lestari-indah-medika-apotik,551
Medic Apotik Bakti Bahagia Medik Pharm,Jl. Duku Cepat Daerah 54 Kota/Kabupaten TANGGAMUS Provinsi LAMPUNG,POINT(104.57851699914876 -5.500644474220146),Tom Clark Anderson,183468/2210132/1085336,528095101283,medic-apotik-bakti-bahagia-medik-pharm,4
Lestari Obat Jaya Surya Sejahtera Medik,Jl. Duku Jenius Komplek 45 Kota/Kabupaten TIMOR TENGAH SELATAN Provinsi NUSA TENGGARA TIMUR,POINT(124.35105068793033 -9.893396021401095),Brittany Taylor Taylor,277317/251202/132668,5841420108510,lestari-obat-jaya-surya-sejahtera-medik,679
Obat Sentorsa Mutiara Berkah Farma Sehat,Jl. Gunung Sejahtera Wilayah 78 Kota/Kabupaten BERAU Provinsi KALIMANTAN TIMUR,POINT(116.35524740268148 2.2378842833694077),Tom Hill Moore,7667110/325772/933914,808110363739,obat-sentorsa-mutiara-berkah-farma-sehat,37
Mutiara Cemerlang Tubuh Badan Sehat Apotik,Jl. Durian Kecil Komplek 94 Kota/Kabupaten LEBAK Provinsi BANTEN,POINT(106.26119046286092 -6.817104483768508),David Jones Miller,210032/545247/1034083,993714441680,mutiara-cemerlang-tubuh-badan-sehat-apotik,228
Cemerlang Prima Medic Surya Apotik Medik,Jl. Ikan Kecil Komplek 46 Kota/Kabupaten PADANG LAWAS Provinsi SUMATERA UTARA,POINT(100.0965488752215 0.9366124182342171),Ashley Nelson White,3121410/931293/429392,4105616310887,cemerlang-prima-medic-surya-apotik-medik,227
Terang Toko Murni Mutiara Apotek Medik,Jl. Durian Tinggi Cluster 40 Kota/Kabupaten TULANG BAWANG Provinsi LAMPUNG,POINT(105.84229036097288 -4.507551115811883),Alex Thomas Davis,761766/612764/5100330,91011108210018,terang-toko-murni-mutiara-apotek-medik,260
Mawar Jaya Berkah Indah Sehat Farma,Jl. Kota Cepat Cluster 92 Kota/Kabupaten KOTAWARINGIN BARAT Provinsi KALIMANTAN TENGAH,POINT(111.7099867225878 -2.3681240484428763),Sarah Johnson Harris,101675/612268/623665,10608451100658,mawar-jaya-berkah-indah-sehat-farma,223
Bintang Kimia Murni Tenaga Pharma Jaya,Jl. Anjing Tinggi Komplek 78 Kota/Kabupaten NIAS UTARA Provinsi SUMATERA UTARA,POINT(97.37775035670616 1.2121626829217451),Allison Adams White,4141012/757602/3107956,2161978108180,bintang-kimia-murni-tenaga-pharma-jaya,115
Murni Kimia Badan Surya Apotik Farma,Jl. Kuda Jenius Wilayah 43 Kota/Kabupaten MAMUJU TENGAH Provinsi SULAWESI BARAT,POINT(119.51807798276 -2.0877418678941133),Sarah Williams Anderson,823113/509962/10281036,9058731010052,murni-kimia-badan-surya-apotik-farma,352
Obat Bintang Prima Mawar Apotek Medik,Jl. Gunung Kecil Blok 64 Kota/Kabupaten JEMBER Provinsi JAWA TIMUR,POINT(113.5724723547174 -8.254492473849552),Rachel Martinez Davis,115103/772425/833175,12081211048010,obat-bintang-prima-mawar-apotek-medik,111
Surya Apotik Prima Bintang Pharm Medik,Jl. Kucing Sari Komplek 20 Kota/Kabupaten SANGGAU Provinsi KALIMANTAN BARAT,POINT(110.16267595958004 -0.3796616891079871),Megan Parker Martin,758217/520562/833805,7512081109778,surya-apotik-prima-bintang-pharm-medik,567
Sejahtera Harmoni Surya Bintang Bersama Jaya,Jl. Jeruk Cerah Daerah 57 Kota/Kabupaten SORONG Provinsi PAPUA BARAT,POINT(131.79025963478017 -1.251168334219896),Mark Carter Brown,107112/645221/4103806,7499581100121,sejahtera-harmoni-surya-bintang-bersama-jaya,519
Cemerlang Jaya Bumi Medic Pharm Pharma,Jl. Sawah Pendek Daerah 21 Kota/Kabupaten SERUYAN Provinsi KALIMANTAN TENGAH,POINT(112.06497735632956 -3.166806654470461),Alex Roberts Wilson,510106110/67101062/539673,971810688837,cemerlang-jaya-bumi-medic-pharm-pharma,15
Prima Sehat Obat Sentorsa Apotek Medika,Jl. Kota Cerdas Komplek 92 Kota/Kabupaten SIGI Provinsi SULAWESI TENGAH,POINT(119.8398103826695 -1.092134238310269),Emily Jackson Robinson,227501/282162/582253,450830561089,prima-sehat-obat-sentorsa-apotek-medika,993
Farmasi Murni Makmur Mutiara Jaya Sejahtera,Jl. Anjing Tinggi Cluster 11 Kota/Kabupaten MAPPI Provinsi PAPUA,POINT(139.59930966950526 -5.13801634166216),Steve Harris Robinson,31010611/2274101/329320,6107885709185,farmasi-murni-makmur-mutiara-jaya-sejahtera,122
Surya Tubuh Farmasi Amanah Bersama Farma,Jl. Apel Sejahtera Komplek 93 Kota/Kabupaten YAHUKIMO Provinsi PAPUA,POINT(139.49355734087538 -4.835708658778393),Katie Johnson Jones,495471/5529103/885034,595850202188,surya-tubuh-farmasi-amanah-bersama-farma,320
Sejahtera Sehat Mawar Bahagia Pharma Apotek,Jl. Rambutan Cermat Wilayah 31 Kota/Kabupaten JAYAWIJAYA Provinsi PAPUA,POINT(138.85008865890853 -3.884300638324079),David Johnson Jackson,10211710/533072/7010243,528013310078,sejahtera-sehat-mawar-bahagia-pharma-apotek,647
Apotik Farmasi Medical Kimia Sejahtera Pharma,Jl. Durian Cerdas Daerah 33 Kota/Kabupaten SORONG SELATAN Provinsi PAPUA BARAT,POINT(132.01410105690664 -1.5608602221883778),Megan Taylor Jones,821741/6462108/1000683,80578101868610,apotik-farmasi-medical-kimia-sejahtera-pharma,53
Surya Nusantara Harmoni Toko Apotik Jaya,Jl. Kebun Indah Wilayah 60 Kota/Kabupaten SANGGAU Provinsi KALIMANTAN BARAT,POINT(110.3546464847666 0.9825385656167605),Allison Taylor Taylor,10921510/423427/10103270,108811041001084,surya-nusantara-harmoni-toko-apotik-jaya,81
Badan Apotik Indah Prima Sehat Bersama,Jl. Duku Tinggi Daerah 91 Kota/Kabupaten BENGKALIS Provinsi RIAU,POINT(101.74429772867336 1.538823621281253),Alex Adams Williams,1018606/2310188/233243,8316104068060,badan-apotik-indah-prima-sehat-bersama,195
Jaya Nusantara Prima Cemerlang Sehat Sejahtera,Jl. Kuda Indah Komplek 97 Kota/Kabupaten BERAU Provinsi KALIMANTAN TIMUR,POINT(116.55824467761748 2.0530290120631776),Sarah Roberts Johnson,9101462/1009142/10110438,8610622701100,jaya-nusantara-prima-cemerlang-sehat-sejahtera,111
Surya Sentorsa Farmasi Kimia Medik Medika,Jl. Pisang Tinggi Komplek 62 Kota/Kabupaten LABUHANBATU SELATAN Provinsi SUMATERA UTARA,POINT(99.8522480273753 1.7889981857295183),John Jackson Moore,5901061/7622108/884338,342813048101,surya-sentorsa-farmasi-kimia-medik-medika,27
Berkah Jaya Obat Terang Pharm Sejahtera,Jl. Apel Jenius Daerah 57 Kota/Kabupaten TANGGAMUS Provinsi LAMPUNG,POINT(104.67049664051234 -5.256082524339546),Ashley Hill Robinson,1548108/998222/933035,464814093580,berkah-jaya-obat-terang-pharm-sejahtera,90
Badan Lestari Sejahtera Makmur Medik Medika,Jl. Tembok Pintar Komplek 42 Kota/Kabupaten PEGUNUNGAN BINTANG Provinsi PAPUA,POINT(140.05051972732971 -4.365705815395549),David Lewis Thomas,1071022/260071/165903,8565550718510,badan-lestari-sejahtera-makmur-medik-medika,141
Apotik Resep Amanah Lestari Pharm Sehat,Jl. Gunung Sari Cluster 67 Kota/Kabupaten TANA TORAJA Provinsi SULAWESI SELATAN,POINT(119.5977631060356 -3.02611598875073),Tom Thomas Thomas,2481011/428925/5810013,82310510803180,apotik-resep-amanah-lestari-pharm-sehat,477
Bintang Sehat Resep Cemerlang Sejahtera Medik,Jl. Tembok Pintar Wilayah 22 Kota/Kabupaten BENGKULU UTARA Provinsi BENGKULU,POINT(102.28775323615795 -5.383855091990785),Megan Martinez Martin,353513/126129/447391,793318021263,bintang-sehat-resep-cemerlang-sejahtera-medik,97
Jaya Bumi Obat Nusantara Sejahtera Farma,Jl. Mangga Cepat Blok 51 Kota/Kabupaten NIAS BARAT Provinsi SUMATERA UTARA,POINT(97.52266710655276 1.017067501083254),Megan Brown Williams,114221/100429/401396,5980310901296,jaya-bumi-obat-nusantara-sejahtera-farma,435
Badan Bumi Terang Toko Apotik Sejahtera,Jl. Kucing Sejahtera Blok 83 Kota/Kabupaten MAPPI Provinsi PAPUA,POINT(139.33574701481788 -5.954285467783234),Allison Harris Williams,643811/928188/567360,348907651850,badan-bumi-terang-toko-apotik-sejahtera,132
Berkah Mawar Sejahtera Jaya Pharma Medika,Jl. Mangga Tinggi Blok 48 Kota/Kabupaten PELALAWAN Provinsi RIAU,POINT(102.3896855894708 0.6122973725348277),Michael Lewis Taylor,474631/25010109/6106303,808929407951,berkah-mawar-sejahtera-jaya-pharma-medika,7
Farmasi Murni Kimia Berkah Medik Sejahtera,Jl. Mangga Sari Daerah 86 Kota/Kabupaten SABU RAIJUA Provinsi NUSA TENGGARA TIMUR,POINT(121.9103517917148 -10.42285722596676),John Parker Miller,71010419/10510192/3877910,178640758907,farmasi-murni-kimia-berkah-medik-sejahtera,193
Prima Indah Bintang Prima Sehat Medika,Jl. Kota Indah Cluster 81 Kota/Kabupaten KAPUAS Provinsi KALIMANTAN TENGAH,POINT(114.60548136839589 -1.8508466645540016),Lauren Brown Wilson,101350/200963/3133100,578280411321,prima-indah-bintang-prima-sehat-medika,17
Bintang Apotik Tubuh Prima Apotek Pharm,Jl. Jeruk Indah Cluster 83 Kota/Kabupaten TRENGGALEK Provinsi JAWA TIMUR,POINT(111.53972933828985 -8.237433503869369),John Anderson Thomas,710063/2107045/9610643,2371894577100,bintang-apotik-tubuh-prima-apotek-pharm,11
Bintang Bahagia Indah Resep Sehat Jaya,Jl. Rambutan Sari Komplek 76 Kota/Kabupaten PASER Provinsi KALIMANTAN TIMUR,POINT(115.8414243550592 -1.86879787683184),Michael Adams White,744461/1521025/650333,78710282091061,bintang-bahagia-indah-resep-sehat-jaya,154
Surya Farmasi Jaya Bintang Sejahtera Pharma,Jl. Anjing Cerah Komplek 28 Kota/Kabupaten SIKKA Provinsi NUSA TENGGARA TIMUR,POINT(122.1423194494469 -8.629889266751906),Megan Jackson Garcia,6281051/791285/7300105,863669572140,surya-farmasi-jaya-bintang-sejahtera-pharma,762
Indah Tubuh Apotik Resep Apotik Farma,Jl. Gedung Kecil Blok 51 Kota/Kabupaten MALUKU TENGGARA BARAT Provinsi MALUKU,POINT(131.53444270901366 -7.582086949109002),Steve Smith Davis,712165/1510222/31071035,1651070218890,indah-tubuh-apotik-resep-apotik-farma,576
Resep Indah Terang Amanah Pharm Medika,Jl. Kucing Sejahtera Wilayah 93 Kota/Kabupaten DONGGALA Provinsi SULAWESI TENGAH,POINT(119.8638728004908 -0.2247357711210593),Megan Harris White,2014210/907427/3823610,385535137090,resep-indah-terang-amanah-pharm-medika,802
Bintang Bumi Mutiara Makmur Apotik Farma,Jl. Anjing Cermat Daerah 88 Kota/Kabupaten BANYUASIN Provinsi SUMATERA SELATAN,POINT(104.78143406589209 -2.889719404255459),Rachel Martinez Brown,3441001/432682/1041813,10881009910506,bintang-bumi-mutiara-makmur-apotik-farma,294
Kimia Bumi Prima Mawar Farma Medik,Jl. Duku Kecil Daerah 52 Kota/Kabupaten MAPPI Provinsi PAPUA,POINT(139.57215674922128 -6.600501170996308),Chris Clark Garcia,551531/419520/15910310,103104510102855,kimia-bumi-prima-mawar-farma-medik,86
Sentorsa Sejahtera Obat Tubuh Bersama Sehat,Jl. Sawah Cerah Blok 62 Kota/Kabupaten KOLAKA TIMUR Provinsi SULAWESI TENGGARA,POINT(121.78043553136824 -4.291150384754882),Michael Carter Brown,1010170/2910301/659344,1857631015180,sentorsa-sejahtera-obat-tubuh-bersama-sehat,77
Prima Farmasi Mawar Harmoni Medik Apotek,Jl. Kuda Pintar Daerah 34 Kota/Kabupaten GAYO LUES Provinsi ACEH,POINT(97.64849138616962 4.143833498680923),Jason Nelson Taylor,868810/6666210/8110139,9710600485161,prima-farmasi-mawar-harmoni-medik-apotek,630
Badan Indah Jaya Medic Bersama Apotek,Jl. Jeruk Jenius Komplek 46 Kota/Kabupaten MERAUKE Provinsi PAPUA,POINT(138.60432659866305 -7.953393360475397),Sarah Roberts Martin,664152/9320101/8036102,54067831781010,badan-indah-jaya-medic-bersama-apotek,494
Cemerlang Mawar Sejahtera Harmoni Medik Medika,Jl. Rambutan Besar Cluster 17 Kota/Kabupaten SIKKA Provinsi NUSA TENGGARA TIMUR,POINT(122.44488082919143 -8.608179841927912),Rachel Harris Jones,415175/520210/689893,1522770710418,cemerlang-mawar-sejahtera-harmoni-medik-medika,633
Indah Tubuh Nusantara Prima Medik Sejahtera,Jl. Apel Kecil Wilayah 74 Kota/Kabupaten BUOL Provinsi SULAWESI TENGAH,POINT(121.07357315537226 0.910285534099332),Jessica Thomas Anderson,6410711/5823710/5109330,8100428986129,indah-tubuh-nusantara-prima-medik-sejahtera,66
Jaya Obat Mawar Murni Bersama Pharma,Jl. Sawah Tinggi Blok 86 Kota/Kabupaten MURUNG RAYA Provinsi KALIMANTAN TENGAH,POINT(114.9138211668262 0.3374491027405852),Jason Smith Martin,593413/221420/494382,1070513817615,jaya-obat-mawar-murni-bersama-pharma,235
Berkah Resep Toko Medical Jaya Apotik,Jl. Sirih Tinggi Daerah 74 Kota/Kabupaten BANGGAI Provinsi SULAWESI TENGAH,POINT(122.23354003940004 -1.385117997064336),Matt Thomas Johnson,119599/7210724/330628,9101798036810,berkah-resep-toko-medical-jaya-apotik,167
Kimia Jaya Surya Sehat Medik Sejahtera,Jl. Jeruk Sari Komplek 84 Kota/Kabupaten MELAWI Provinsi KALIMANTAN BARAT,POINT(111.33888198600948 -1.1779804658483393),Mark Thomas Moore,172326/278480/207328,6713811008253,kimia-jaya-surya-sehat-medik-sejahtera,827
Cemerlang Sehat Bumi Surya Medika Sehat,Jl. Sawah Indah Daerah 30 Kota/Kabupaten TELUK BINTUNI Provinsi PAPUA BARAT,POINT(133.6282646361765 -1.7356311327593286),Rachel Hill Williams,2818104/217920/453006,7102085781065,cemerlang-sehat-bumi-surya-medika-sehat,590
Bumi Farmasi Apotik Jaya Sehat Apotik,Jl. Anjing Cerdas Blok 59 Kota/Kabupaten JAYAPURA Provinsi PAPUA,POINT(139.9866472484902 -3.2367739659772603),Jason Williams White,514113/1051528/767392,101898998841,bumi-farmasi-apotik-jaya-sehat-apotik,259
Sehat Nusantara Tenaga Berkah Pharma Bersama,Jl. Mangga Kecil Wilayah 45 Kota/Kabupaten BARITO SELATAN Provinsi KALIMANTAN TENGAH,POINT(114.82407592510695 -1.7497573131971134),Jessica White Smith,880811/935212/4310030,40501010101878,sehat-nusantara-tenaga-berkah-pharma-bersama,27
Lestari Indah Makmur Berkah Apotik Pharm,Jl. Gunung Cepat Wilayah 80 Kota/Kabupaten KUTAI BARAT Provinsi KALIMANTAN TIMUR,POINT(115.5259485490148 0.0451588579887012),Brittany Martinez Smith,1105663/317992/9103755,810710821743,lestari-indah-makmur-berkah-apotik-pharm,167
Makmur Surya Sentorsa Medic Sejahtera Pharma,Jl. Tembok Pendek Blok 23 Kota/Kabupaten POSO Provinsi SULAWESI TENGAH,POINT(120.43819789547052 -1.7296435882851586),Alex Lewis White,712124/391602/561313,103183354635,makmur-surya-sentorsa-medic-sejahtera-pharma,87
Mutiara Surya Cemerlang Terang Farma Sejahtera,Jl. Durian Kecil Cluster 81 Kota/Kabupaten OGAN KOMERING ILIR Provinsi SUMATERA SELATAN,POINT(105.07807357930504 -3.90831161884787),Chris Adams Smith,1430410/828271/530768,890983188936,mutiara-surya-cemerlang-terang-farma-sejahtera,797
Tenaga Amanah Badan Jaya Apotik Sejahtera,Jl. Mangga Cerah Wilayah 62 Kota/Kabupaten SAROLANGUN Provinsi JAMBI,POINT(102.60555074368392 -2.5115298348836337),Sarah Hill Martinez,160652/598287/4013010,3096431018214,tenaga-amanah-badan-jaya-apotik-sejahtera,253
Toko Tubuh Obat Lestari Medika Bersama,Jl. Rambutan Pendek Blok 91 Kota/Kabupaten NGAWI Provinsi JAWA TIMUR,POINT(111.36780858270367 -7.540280009283968),Jason Anderson Martin,14411010/312921/585383,81001670315110,toko-tubuh-obat-lestari-medika-bersama,994
Sejahtera Medic Apotik Amanah Farma Bersama,Jl. Rambutan Indah Blok 8 Kota/Kabupaten SIMEULUE Provinsi ACEH,POINT(95.71636639326208 2.789483179169292),Alex Williams Johnson,6310166/10109270/308079,6512080100570,sejahtera-medic-apotik-amanah-farma-bersama,125
Mutiara Berkah Mawar Amanah Medika Apotik,Jl. Kucing Kecil Wilayah 89 Kota/Kabupaten ACEH BARAT Provinsi ACEH,POINT(96.17784027914853 4.222237472393745),Rachel Roberts Garcia,189465/480328/617351,3081032123810,mutiara-berkah-mawar-amanah-medika-apotik,616
Mutiara Harmoni Sehat Medical Sejahtera Sehat,Jl. Kuda Cepat Blok 68 Kota/Kabupaten KLATEN Provinsi JAWA TENGAH,POINT(110.49298702203262 -7.753561297174981),Matt Thomas Anderson,387581/4028610/932581,10110300408107,mutiara-harmoni-sehat-medical-sejahtera-sehat,904
Indah Makmur Prima Farmasi Pharma Bersama,Jl. Tembok Kecil Wilayah 79 Kota/Kabupaten ASMAT Provinsi PAPUA,POINT(139.00268104539762 -5.1238003024008885),Megan Parker Garcia,3021091/1002321/5105036,8339510019838,indah-makmur-prima-farmasi-pharma-bersama,231
Tubuh Terang Resep Mawar Bersama Sejahtera,Jl. Ikan Tinggi Wilayah 63 Kota/Kabupaten KOTAWARINGIN TIMUR Provinsi KALIMANTAN TENGAH,POINT(113.0605039811252 -2.590483964098107),Ashley White Garcia,571862/8210316/273233,851527125580,tubuh-terang-resep-mawar-bersama-sejahtera,415
Berkah Bumi Medical Sentorsa Pharma Apotek,Jl. Kota Indah Blok 33 Kota/Kabupaten KERINCI Provinsi JAMBI,POINT(101.278277919211 -1.8629848513076457),Tom Smith Brown,1559101/852248/433048,4100058210952,berkah-bumi-medical-sentorsa-pharma-apotek,33
Jaya Lestari Bahagia Badan Apotik Apotek,Jl. Kebun Cerdas Blok 33 Kota/Kabupaten MANDAILING NATAL Provinsi SUMATERA UTARA,POINT(98.88939180437184 1.2049730493291673),Brittany Johnson Smith,414551/1461024/671343,81014810353807,jaya-lestari-bahagia-badan-apotik-apotek,355
Kimia Indah Sehat Resep Pharma Farma,Jl. Gajah Tinggi Komplek 88 Kota/Kabupaten BURU SELATAN Provinsi MALUKU,POINT(126.75224591550064 -3.5511953990886287),Emily Roberts Harris,679901/262849/1034010,896062769531,kimia-indah-sehat-resep-pharma-farma,788
Tubuh Makmur Sentorsa Mawar Apotik Bersama,Jl. Kebun Kecil Blok 68 Kota/Kabupaten MIMIKA Provinsi PAPUA,POINT(135.33071937820557 -4.4385277844178335),Ashley Lewis Martin,1091975/278382/7300810,1139108207198,tubuh-makmur-sentorsa-mawar-apotik-bersama,443
Sentorsa Harmoni Badan Mawar Sehat Apotek,Jl. Gajah Pintar Cluster 96 Kota/Kabupaten SIAK Provinsi RIAU,POINT(101.4551712424151 0.7872076637964351),Katie Thomas Miller,981134/21010000/345167,312444071148,sentorsa-harmoni-badan-mawar-sehat-apotek,230
Kimia Tenaga Harmoni Surya Pharma Pharm,Jl. Gajah Cepat Cluster 14 Kota/Kabupaten DOMPU Provinsi NUSA TENGGARA BARAT,POINT(117.75944752866708 -8.205555735607078),Jessica Jones Taylor,2951017/249225/739524,885111405326,kimia-tenaga-harmoni-surya-pharma-pharm,331
Prima Berkah Apotik Medical Jaya Bersama,Jl. Balai Pendek Cluster 97 Kota/Kabupaten SERAM BAGIAN TIMUR Provinsi MALUKU,POINT(130.1765392653699 -3.207840123050943),Emily White Brown,919173/952232/3691093,3109183064102,prima-berkah-apotik-medical-jaya-bersama,395
Mawar Murni Amanah Tenaga Pharma Medika,Jl. Pisang Besar Daerah 74 Kota/Kabupaten MERAUKE Provinsi PAPUA,POINT(140.25876531075494 -7.510626233995958),Emily Anderson Miller,801029/266097/1034520,65810520101191,mawar-murni-amanah-tenaga-pharma-medika,370
Mutiara Sentorsa Lestari Surya Medik Sehat,Jl. Gunung Sari Cluster 13 Kota/Kabupaten TELUK BINTUNI Provinsi PAPUA BARAT,POINT(133.61753032896522 -2.759992625910608),David Thomas Jones,9315010/5210220/875318,1084106339992,mutiara-sentorsa-lestari-surya-medik-sehat,142
Tenaga Resep Sehat Amanah Medik Sehat,Jl. Mangga Sari Wilayah 67 Kota/Kabupaten MALANG Provinsi JAWA TIMUR,POINT(112.37129190216326 -7.888005728928967),Lauren Jones Garcia,2910612/947284/769232,19708111090810,tenaga-resep-sehat-amanah-medik-sehat,259
Prima Resep Lestari Tenaga Farma Bersama,Jl. Kucing Besar Daerah 23 Kota/Kabupaten LOMBOK BARAT Provinsi NUSA TENGGARA BARAT,POINT(116.21850719714234 -8.573594096005019),Jessica White Williams,221902/6265102/10371038,776018041931,prima-resep-lestari-tenaga-farma-bersama,89
Harmoni Obat Farmasi Indah Jaya Pharm,Jl. Anjing Pendek Cluster 29 Kota/Kabupaten BULUNGAN Provinsi KALIMANTAN UTARA,POINT(116.63129340232884 2.450786317541308),Alex Adams Smith,2781910/106264/21031034,2110804083540,harmoni-obat-farmasi-indah-jaya-pharm,34
Resep Sejahtera Tubuh Prima Medik Bersama,Jl. Rambutan Cerdas Cluster 4 Kota/Kabupaten MAMASA Provinsi SULAWESI BARAT,POINT(119.26308754225212 -2.9757168879180598),Chris Adams Garcia,320191/212055/531059,1529701046078,resep-sejahtera-tubuh-prima-medik-bersama,554
Makmur Harmoni Sejahtera Surya Jaya Sejahtera,Jl. Kuda Kecil Komplek 95 Kota/Kabupaten BENGKAYANG Provinsi KALIMANTAN BARAT,POINT(108.9481916800417 0.7831787184595669),Rachel Adams Miller,1275105/224183/6571103,807028983172,makmur-harmoni-sejahtera-surya-jaya-sejahtera,931
Bakti Tubuh Kimia Sejahtera Sejahtera Apotik,Jl. Jeruk Pendek Wilayah 86 Kota/Kabupaten SANGGAU Provinsi KALIMANTAN BARAT,POINT(110.90721288413177 0.5161371805479682),Matt Brown Robinson,1017460/1046224/138070,145208461588,bakti-tubuh-kimia-sejahtera-sejahtera-apotik,227
Mawar Makmur Cemerlang Bumi Apotik Sejahtera,Jl. Sirih Cerdas Blok 27 Kota/Kabupaten SINTANG Provinsi KALIMANTAN BARAT,POINT(111.40414327246091 0.1217196953134465),Rachel Johnson Anderson,202185/861352/533524,8068707152710,mawar-makmur-cemerlang-bumi-apotik-sejahtera,2
Jaya Mawar Terang Badan Apotik Apotek,Jl. Anjing Kecil Blok 16 Kota/Kabupaten SARMI Provinsi PAPUA,POINT(139.29058770217176 -2.8422253073655543),Matt Adams Garcia,792185/56210104/349792,931990240855,jaya-mawar-terang-badan-apotik-apotek,363
Jaya Sentorsa Tenaga Farmasi Sehat Medik,Jl. Sawah Jenius Daerah 25 Kota/Kabupaten BANJAR Provinsi KALIMANTAN SELATAN,POINT(114.9119114482522 -3.3301262069738438),Alex Roberts Robinson,883108/938562/830241,127020348386,jaya-sentorsa-tenaga-farmasi-sehat-medik,395
Harmoni Prima Apotik Cemerlang Sehat Sejahtera,Jl. Sirih Kecil Cluster 55 Kota/Kabupaten MALINAU Provinsi KALIMANTAN UTARA,POINT(116.08023126369952 2.900247975246227),Brittany Smith Wilson,586801/965250/329603,231857103451,harmoni-prima-apotik-cemerlang-sehat-sejahtera,487
Medical Makmur Resep Badan Medika Medik,Jl. Kebun Tinggi Daerah 12 Kota/Kabupaten SAMOSIR Provinsi SUMATERA UTARA,POINT(98.80472570224748 2.50334141336546),Emily Roberts Johnson,411165/622283/43104910,3100177389899,medical-makmur-resep-badan-medika-medik,871
Medic Prima Surya Sejahtera Farma Sehat,Jl. Duku Sejahtera Wilayah 42 Kota/Kabupaten KAPUAS Provinsi KALIMANTAN TENGAH,POINT(113.74507241252448 -0.6140645176605233),Matt Carter Johnson,375811/253282/7330108,9200310669861,medic-prima-surya-sejahtera-farma-sehat,382
Farmasi Murni Sehat Terang Medika Pharma,Jl. Jeruk Kecil Daerah 29 Kota/Kabupaten MUARA ENIM Provinsi SUMATERA SELATAN,POINT(104.0166103148366 -3.642558539307795),Katie Parker Johnson,880216/1210246/787233,415081845738,farmasi-murni-sehat-terang-medika-pharma,56
Amanah Indah Terang Medical Sejahtera Apotek,Jl. Ikan Cermat Komplek 29 Kota/Kabupaten SINJAI Provinsi SULAWESI SELATAN,POINT(120.19532717134295 -5.271444684114114),Steve Jones Thompson,576651/42106910/158345,860823923154,amanah-indah-terang-medical-sejahtera-apotek,27
Sejahtera Lestari Farmasi Terang Farma Sejahtera,Jl. Mangga Kecil Komplek 95 Kota/Kabupaten KEPULAUAN MERANTI Provinsi RIAU,POINT(102.71674853918408 0.8220304699011738),Tom Brown Robinson,441570/305207/182813,81429401051085,sejahtera-lestari-farmasi-terang-farma-sejahtera,436
Medical Obat Lestari Farmasi Bersama Pharm,Jl. Gajah Kecil Cluster 22 Kota/Kabupaten MAHAKAM ULU Provinsi KALIMANTAN TIMUR,POINT(113.939491699714 0.989914248743334),John Jones Thomas,603016/2510263/923498,307986186244,medical-obat-lestari-farmasi-bersama-pharm,335
Terang Farmasi Nusantara Prima Sejahtera Bersama,Jl. Pisang Indah Blok 40 Kota/Kabupaten KAIMANA Provinsi PAPUA BARAT,POINT(134.86544043457647 -3.837188121531813),Jessica Taylor Moore,5510612/715025/6104396,548193899035,terang-farmasi-nusantara-prima-sejahtera-bersama,588
Medical Mutiara Makmur Badan Medik Pharm,Jl. Jeruk Kecil Blok 56 Kota/Kabupaten SARMI Provinsi PAPUA,POINT(139.3116477647196 -2.8044233301105628),Jessica Hill Johnson,192598/232905/7109330,81501091044317,medical-mutiara-makmur-badan-medik-pharm,201
Sehat Kimia Badan Toko Jaya Sejahtera,Jl. Tembok Indah Komplek 26 Kota/Kabupaten BANGKA Provinsi KEPULAUAN BANGKA BELITUNG,POINT(106.11911983982674 -1.8629770153954064),Jessica Roberts Martinez,917870/2100746/296334,618910030938,sehat-kimia-badan-toko-jaya-sejahtera,642
Badan Lestari Murni Sentorsa Sehat Jaya,Jl. Tembok Cepat Daerah 1 Kota/Kabupaten MAMUJU UTARA Provinsi SULAWESI BARAT,POINT(119.4686634657654 -1.5227178366317649),Sarah Harris Taylor,761807/212705/939859,838875061254,badan-lestari-murni-sentorsa-sehat-jaya,371
Nusantara Harmoni Murni Sejahtera Sehat Sejahtera,Jl. Gedung Kecil Blok 13 Kota/Kabupaten TEBO Provinsi JAMBI,POINT(102.2842693284027 -1.189014164347073),Ashley Jones Jackson,810356/293673/634892,742551803903,nusantara-harmoni-murni-sejahtera-sehat-sejahtera,542
Prima Mawar Harmoni Berkah Pharm Medika,Jl. Gunung Cepat Cluster 38 Kota/Kabupaten KOTAWARINGIN BARAT Provinsi KALIMANTAN TENGAH,POINT(111.38280962456794 -2.885982025874407),Chris Parker Martinez,1610500/265798/311200,8180541045018,prima-mawar-harmoni-berkah-pharm-medika,513
Terang Indah Bahagia Badan Apotek Medika,Jl. Gajah Besar Blok 52 Kota/Kabupaten LUWU TIMUR Provinsi SULAWESI SELATAN,POINT(120.5756666317268 -2.1386731441772504),John Brown Thompson,188384/3244310/239443,81016103388902,terang-indah-bahagia-badan-apotek-medika,107
Jaya Surya Resep Nusantara Sejahtera Pharma,Jl. Balai Pintar Blok 75 Kota/Kabupaten PENAJAM PASER UTARA Provinsi KALIMANTAN TIMUR,POINT(116.72472824434615 -0.8578423190095048),Michael White Thomas,132247/204574/380850,6171110080663,jaya-surya-resep-nusantara-sejahtera-pharma,693
Tenaga Obat Bahagia Tubuh Bersama Sehat,Jl. Sirih Sari Wilayah 59 Kota/Kabupaten SIJUNJUNG Provinsi SUMATERA BARAT,POINT(100.87544925590552 -0.7005704007671998),Allison Parker Jones,412142/823282/356918,708466361724,tenaga-obat-bahagia-tubuh-bersama-sehat,948
Makmur Sejahtera Tubuh Medic Pharma Bersama,Jl. Duku Cermat Daerah 63 Kota/Kabupaten KUTAI BARAT Provinsi KALIMANTAN TIMUR,POINT(115.59198866537032 -0.1896260026043208),Alex Taylor Robinson,2974110/2210058/630670,321021083101010,makmur-sejahtera-tubuh-medic-pharma-bersama,368
Lestari Berkah Bintang Mutiara Pharma Jaya,Jl. Sawah Cepat Cluster 73 Kota/Kabupaten TANA TIDUNG Provinsi KALIMANTAN UTARA,POINT(117.03875307218284 3.5473508053778517),Ashley Anderson Williams,715553/1721053/758390,535084413631,lestari-berkah-bintang-mutiara-pharma-jaya,410
Berkah Cemerlang Medical Bahagia Jaya Sejahtera,Jl. Gunung Besar Cluster 12 Kota/Kabupaten MURUNG RAYA Provinsi KALIMANTAN TENGAH,POINT(113.83423681422757 -0.1544355722385315),Chris Williams Martinez,198172/286822/10610334,574906501248,berkah-cemerlang-medical-bahagia-jaya-sejahtera,185
Bumi Apotik Sejahtera Harmoni Sejahtera Medik,Jl. Pisang Kecil Komplek 30 Kota/Kabupaten KEEROM Provinsi PAPUA,POINT(140.74047114607265 -2.776697825666959),Chris Martinez Taylor,5142100/1382102/931163,2809846101031,bumi-apotik-sejahtera-harmoni-sejahtera-medik,752
Jaya Indah Sehat Tubuh Pharm Sejahtera,Jl. Sirih Sari Daerah 22 Kota/Kabupaten TANAH DATAR Provinsi SUMATERA BARAT,POINT(100.71761291634634 -0.4263366972465547),Allison Adams Miller,993310/562392/1034370,110991804108610,jaya-indah-sehat-tubuh-pharm-sejahtera,578
Tubuh Bumi Terang Apotik Apotik Jaya,Jl. Anjing Sari Daerah 27 Kota/Kabupaten TRENGGALEK Provinsi JAWA TIMUR,POINT(111.62512429711164 -8.228836557997209),Katie Lewis White,681318/442076/7092310,2210983413058,tubuh-bumi-terang-apotik-apotik-jaya,257
Sejahtera Mawar Nusantara Sehat Apotek Sejahtera,Jl. Durian Cermat Komplek 37 Kota/Kabupaten BERAU Provinsi KALIMANTAN TIMUR,POINT(117.92878553978288 2.1177729913750465),Ashley Martinez Williams,714445/1260100/373209,7510827173051,sejahtera-mawar-nusantara-sehat-apotek-sejahtera,662
Prima Berkah Tenaga Apotik Pharma Jaya,Jl. Durian Besar Daerah 25 Kota/Kabupaten MANGGARAI TIMUR Provinsi NUSA TENGGARA TIMUR,POINT(120.80763775634811 -8.840463968726715),Rachel Jackson Martin,5271091/9225105/973222,670110880818,prima-berkah-tenaga-apotik-pharma-jaya,790
Prima Cemerlang Surya Prima Pharma Farma,Jl. Kota Jenius Wilayah 97 Kota/Kabupaten MAMUJU Provinsi SULAWESI BARAT,POINT(119.37424776772542 -2.392141049317434),Alex Carter Johnson,1132100/5232109/2103095,1070713805619,prima-cemerlang-surya-prima-pharma-farma,923
Resep Medical Jaya Prima Sejahtera Bersama,Jl. Kota Cepat Komplek 67 Kota/Kabupaten MAHAKAM ULU Provinsi KALIMANTAN TIMUR,POINT(115.1595638235349 0.364799819810047),Chris Hill Miller,126235/249173/2331100,31094131078801,resep-medical-jaya-prima-sejahtera-bersama,410
Lestari Bumi Tubuh Medical Farma Apotik,Jl. Kucing Cerah Komplek 23 Kota/Kabupaten LABUHANBATU UTARA Provinsi SUMATERA UTARA,POINT(99.83342683900229 2.4975800133005777),Allison Jackson Smith,790141/872018/81036310,3090881012889,lestari-bumi-tubuh-medical-farma-apotik,338
Lestari Surya Nusantara Sejahtera Farma Medik,Jl. Rambutan Besar Komplek 1 Kota/Kabupaten WONOGIRI Provinsi JAWA TENGAH,POINT(111.30368127803726 -7.818434830649384),Brittany Clark Johnson,1021009/235137/8341047,8737910865701,lestari-surya-nusantara-sejahtera-farma-medik,220
Amanah Prima Farmasi Berkah Bersama Apotek,Jl. Tembok Sejahtera Blok 84 Kota/Kabupaten TAPANULI SELATAN Provinsi SUMATERA UTARA,POINT(99.48219374399874 1.8553204421538163),Sarah Martinez Miller,10110213/334621/439826,484103577849,amanah-prima-farmasi-berkah-bersama-apotek,69
Bumi Obat Prima Farmasi Sehat Jaya,Jl. Apel Besar Blok 86 Kota/Kabupaten SERUYAN Provinsi KALIMANTAN TENGAH,POINT(111.71140167114604 -1.46105375315671),Jason White Anderson,1820106/752382/6110093,129198096216,bumi-obat-prima-farmasi-sehat-jaya,629
Indah Jaya Medical Mawar Sehat Bersama,Jl. Pisang Kecil Komplek 93 Kota/Kabupaten MELAWI Provinsi KALIMANTAN BARAT,POINT(112.1803217679818 -0.3092186424910501),Emily Johnson Harris,140130/802262/6931091,111860596084,indah-jaya-medical-mawar-sehat-bersama,239
Apotik Surya Sentorsa Badan Apotek Bersama,Jl. Gedung Pendek Blok 9 Kota/Kabupaten INDRAGIRI HILIR Provinsi RIAU,POINT(103.00886283210936 -0.6806403091892559),John Hill Martinez,2210217/250651/335266,388184149027,apotik-surya-sentorsa-badan-apotek-bersama,74
Lestari Mutiara Murni Jaya Medika Sehat,Jl. Sirih Pintar Komplek 13 Kota/Kabupaten KAIMANA Provinsi PAPUA BARAT,POINT(134.8503786375697 -4.240719280693739),John Parker Davis,180596/492864/433538,101802192412,lestari-mutiara-murni-jaya-medika-sehat,146
Terang Surya Cemerlang Murni Bersama Sejahtera,Jl. Mangga Jenius Blok 48 Kota/Kabupaten SUMENEP Provinsi JAWA TIMUR,POINT(113.6316623591444 -6.942609985926174),Ashley Thomas Jackson,791843/220336/913923,1102607010804,terang-surya-cemerlang-murni-bersama-sejahtera,75
Sehat Obat Bumi Tubuh Pharm Jaya,Jl. Gajah Kecil Komplek 50 Kota/Kabupaten KEPULAUAN MENTAWAI Provinsi SUMATERA BARAT,POINT(98.93036023252851 -1.2066185330552166),Brittany Lewis Davis,675153/236274/137383,5110578510002,sehat-obat-bumi-tubuh-pharm-jaya,726
Prima Bakti Terang Badan Sejahtera Apotik,Jl. Pisang Pendek Wilayah 89 Kota/Kabupaten TABALONG Provinsi KALIMANTAN SELATAN,POINT(115.40701317730132 -1.5052292052147995),Megan Hill Thompson,313927/8241026/3210483,888143010010,prima-bakti-terang-badan-sejahtera-apotik,163
Bumi Medical Prima Kimia Medik Pharma,Jl. Pisang Pendek Komplek 67 Kota/Kabupaten SUMBAWA Provinsi NUSA TENGGARA BARAT,POINT(117.8556877295656 -8.84817613863731),Matt Lewis Miller,651976/4721082/6441034,73108109161059,bumi-medical-prima-kimia-medik-pharma,994
Lestari Jaya Nusantara Medical Medik Pharma,Jl. Kota Kecil Wilayah 86 Kota/Kabupaten INDRAGIRI HILIR Provinsi RIAU,POINT(102.78416854952668 0.0651239514628478),Ashley Jones Moore,565721/286322/238877,210320478530,lestari-jaya-nusantara-medical-medik-pharma,422
Medic Jaya Lestari Nusantara Apotek Medika,Jl. Gajah Pintar Daerah 93 Kota/Kabupaten MALINAU Provinsi KALIMANTAN UTARA,POINT(115.69377063094686 3.041482990181469),Alex Thomas Davis,7528101/271209/381159,1013823980068,medic-jaya-lestari-nusantara-apotek-medika,236
Surya Jaya Prima Mawar Bersama Pharm,Jl. Mangga Kecil Daerah 10 Kota/Kabupaten BENGKAYANG Provinsi KALIMANTAN BARAT,POINT(109.84532006260036 0.9868539767816936),Brittany Carter Martinez,271099/332615/379097,5866305287101,surya-jaya-prima-mawar-bersama-pharm,217
Jaya Berkah Nusantara Mutiara Farma Sehat,Jl. Gajah Pendek Wilayah 33 Kota/Kabupaten SARMI Provinsi PAPUA,POINT(138.53469456959215 -1.9913740921904517),Lauren Carter Taylor,61036110/402279/776363,10507588151033,jaya-berkah-nusantara-mutiara-farma-sehat,583
Obat Sentorsa Tubuh Prima Apotik Sejahtera,Jl. Mangga Kecil Daerah 25 Kota/Kabupaten MOROWALI UTARA Provinsi SULAWESI TENGAH,POINT(121.01465132127136 -2.067720094952349),Michael Anderson Brown,1151109/278326/956273,21000481010899,obat-sentorsa-tubuh-prima-apotik-sejahtera,424
Apotik Murni Obat Toko Apotek Sejahtera,Jl. Kuda Jenius Cluster 57 Kota/Kabupaten LEMBATA Provinsi NUSA TENGGARA TIMUR,POINT(123.44281700899948 -8.401698501220118),David Johnson Davis,1019843/699273/303039,593944073018,apotik-murni-obat-toko-apotek-sejahtera,631
Mutiara Bakti Medical Bahagia Medik Jaya,Jl. Kucing Kecil Wilayah 92 Kota/Kabupaten ASAHAN Provinsi SUMATERA UTARA,POINT(99.867368860698 2.8288513705936804),Ashley Parker Williams,21010175/829010/510743,8711209010100,mutiara-bakti-medical-bahagia-medik-jaya,26
Kimia Harmoni Surya Toko Farma Apotek,Jl. Pisang Indah Komplek 13 Kota/Kabupaten JAYAPURA Provinsi PAPUA,POINT(140.2792041753235 -3.2581064987591937),Ashley Lewis Jones,828411/2101302/399573,538824138020,kimia-harmoni-surya-toko-farma-apotek,174
Resep Bakti Tubuh Surya Sejahtera Apotik,Jl. Jeruk Cerah Cluster 44 Kota/Kabupaten SORONG SELATAN Provinsi PAPUA BARAT,POINT(131.99146639206825 -1.4830218039566176),Mark Nelson Anderson,8101049/580203/483460,2094800611080,resep-bakti-tubuh-surya-sejahtera-apotik,321
Bahagia Mutiara Badan Farmasi Pharma Sehat,Jl. Rambutan Pendek Daerah 64 Kota/Kabupaten BERAU Provinsi KALIMANTAN TIMUR,POINT(118.22180323165986 1.2719265682403496),Rachel Clark Martin,601078/1072681/731389,611009810121108,bahagia-mutiara-badan-farmasi-pharma-sehat,154
Prima Amanah Medic Cemerlang Farma Apotik,Jl. Tembok Pendek Komplek 32 Kota/Kabupaten TULANG BAWANG Provinsi LAMPUNG,POINT(105.32708829599024 -4.419710041036163),John Harris Taylor,425615/429261/7291043,801012614868,prima-amanah-medic-cemerlang-farma-apotik,546
Bintang Sejahtera Tenaga Prima Pharm Apotik,Jl. Apel Indah Cluster 50 Kota/Kabupaten ASMAT Provinsi PAPUA,POINT(137.9988993781896 -5.300122119157333),Emily Anderson Thomas,11036101/1032646/157634,5545159104890,bintang-sejahtera-tenaga-prima-pharm-apotik,50
Sentorsa Medical Apotik Tubuh Bersama Medik,Jl. Jeruk Cerdas Wilayah 43 Kota/Kabupaten KAPUAS Provinsi KALIMANTAN TENGAH,POINT(114.0828387832679 -1.0089293800108976),Rachel Nelson Moore,319788/694276/11010133,9110558571092,sentorsa-medical-apotik-tubuh-bersama-medik,497
Surya Sehat Tubuh Medic Pharma Sejahtera,Jl. Duku Sejahtera Daerah 45 Kota/Kabupaten PATI Provinsi JAWA TENGAH,POINT(111.02913787468188 -6.578301279333052),Tom Brown Taylor,816559/2510750/3703710,5886019028310,surya-sehat-tubuh-medic-pharma-sejahtera,248
Jaya Farmasi Amanah Lestari Pharma Apotik,Jl. Kucing Cermat Cluster 39 Kota/Kabupaten TANJUNG JABUNG BARAT Provinsi JAMBI,POINT(103.02756676654352 -1.2490710130708695),Alex Brown Wilson,219271/775200/7791043,9803050100881,jaya-farmasi-amanah-lestari-pharma-apotik,598
Prima Harmoni Amanah Sejahtera Pharma Medika,Jl. Kucing Besar Blok 57 Kota/Kabupaten MAMUJU Provinsi SULAWESI BARAT,POINT(119.63336133570516 -2.1511435765907496),John Clark Martinez,10310211/727342/128635,10858101910743,prima-harmoni-amanah-sejahtera-pharma-medika,387
Berkah Sehat Murni Terang Bersama Farma,Jl. Gedung Sejahtera Wilayah 77 Kota/Kabupaten MELAWI Provinsi KALIMANTAN BARAT,POINT(111.4740629671447 -1.0458869530059225),Steve Brown Wilson,797081/1002520/473090,1018867463902,berkah-sehat-murni-terang-bersama-farma,151
Bahagia Amanah Indah Resep Apotik Apotek,Jl. Ikan Pendek Wilayah 75 Kota/Kabupaten KUTAI KARTANEGARA Provinsi KALIMANTAN TIMUR,POINT(117.16580553452144 0.3294563087267264),Rachel Lewis Anderson,769015/744225/10713107,110604381748,bahagia-amanah-indah-resep-apotik-apotek,2
Surya Jaya Prima Apotik Apotik Medika,Jl. Mangga Indah Komplek 74 Kota/Kabupaten SERANG Provinsi BANTEN,POINT(106.24237904831332 -6.021688201581658),Steve Jackson Thomas,624521/5348102/1910013,368110452050,surya-jaya-prima-apotik-apotik-medika,349
Nusantara Cemerlang Badan Terang Sejahtera Sehat,Jl. Sirih Jenius Cluster 59 Kota/Kabupaten KAPUAS Provinsi KALIMANTAN TENGAH,POINT(114.27634255540508 -2.1435867782731144),David Taylor Davis,924159/292610/936399,8861012049233,nusantara-cemerlang-badan-terang-sejahtera-sehat,370
Bahagia Prima Surya Obat Apotik Sejahtera,Jl. Sirih Jenius Cluster 23 Kota/Kabupaten TAMBRAUW Provinsi PAPUA BARAT,POINT(133.06137849388136 -1.0422731107555272),Tom Thomas Thomas,21102109/313926/2601310,121000930738,bahagia-prima-surya-obat-apotik-sejahtera,663
Resep Toko Bintang Kimia Pharma Bersama,Jl. Gedung Pintar Blok 80 Kota/Kabupaten ASMAT Provinsi PAPUA,POINT(137.98855023133208 -5.317921787935712),Ashley Smith Martin,72131010/380292/380219,329106438138,resep-toko-bintang-kimia-pharma-bersama,635
Farmasi Bumi Lestari Tubuh Sehat Pharma,Jl. Anjing Kecil Cluster 73 Kota/Kabupaten TANAH BUMBU Provinsi KALIMANTAN SELATAN,POINT(115.54757443690966 -3.751868787622432),Matt Smith Moore,451100/2481099/9035103,510868050551,farmasi-bumi-lestari-tubuh-sehat-pharma,726
Bintang Makmur Prima Indah Pharm Medika,Jl. Durian Cerdas Wilayah 37 Kota/Kabupaten JAYAPURA Provinsi PAPUA,POINT(139.56227098215442 -3.13405428108402),Michael Carter Martin,1963104/608722/382254,1358085291210,bintang-makmur-prima-indah-pharm-medika,88
Tenaga Mawar Murni Harmoni Apotek Sejahtera,Jl. Anjing Kecil Wilayah 93 Kota/Kabupaten PEGUNUNGAN BINTANG Provinsi PAPUA,POINT(140.15002752698976 -3.699425561419732),John Roberts Robinson,764515/220582/737077,724108472043,tenaga-mawar-murni-harmoni-apotek-sejahtera,45
Apotik Bumi Bahagia Resep Sejahtera Pharm,Jl. Kota Cermat Komplek 37 Kota/Kabupaten LANDAK Provinsi KALIMANTAN BARAT,POINT(109.6728163292547 0.3636704449259973),Sarah Taylor Brown,181633/323277/636051,7254100299180,apotik-bumi-bahagia-resep-sejahtera-pharm,320
Indah Prima Berkah Sentorsa Pharm Farma,Jl. Gunung Pendek Cluster 38 Kota/Kabupaten DOGIYAI Provinsi PAPUA,POINT(135.91897931164326 -3.847321845108068),Matt Johnson Martin,408311/7285910/288530,2918844208100,indah-prima-berkah-sentorsa-pharm-farma,798
Tenaga Obat Lestari Jaya Sehat Farma,Jl. Kucing Cepat Wilayah 76 Kota/Kabupaten TULANG BAWANG Provinsi LAMPUNG,POINT(105.67257239520322 -4.391769108617622),Steve Carter Williams,511138/536852/834722,10910288900917,tenaga-obat-lestari-jaya-sehat-farma,174
Berkah Sehat Makmur Amanah Sehat Medik,Jl. Mangga Jenius Daerah 88 Kota/Kabupaten MERANGIN Provinsi JAMBI,POINT(101.76343963042235 -2.569267092949703),Katie Johnson White,1011790/285083/383793,3393189100507,berkah-sehat-makmur-amanah-sehat-medik,107
Terang Medic Obat Tubuh Jaya Apotek,Jl. Sawah Cerah Komplek 73 Kota/Kabupaten MAMBERAMO RAYA Provinsi PAPUA,POINT(137.51322999499718 -2.02890097531356),Lauren Adams Martin,2110830/899382/708392,186920084137,terang-medic-obat-tubuh-jaya-apotek,294
Surya Medic Sehat Murni Sejahtera Medika,Jl. Kebun Besar Komplek 27 Kota/Kabupaten PASER Provinsi KALIMANTAN TIMUR,POINT(116.31714037755368 -1.799115193996176),David Johnson Williams,8171008/162492/558303,9009321088411,surya-medic-sehat-murni-sejahtera-medika,290
Resep Obat Toko Bahagia Bersama Medika,Jl. Ikan Cerah Komplek 38 Kota/Kabupaten KUTAI TIMUR Provinsi KALIMANTAN TIMUR,POINT(118.18807912766616 1.0859045203116295),Steve Smith Davis,811139/2329510/3823104,1890100531128,resep-obat-toko-bahagia-bersama-medika,217
Sejahtera Surya Prima Medical Medik Farma,Jl. Duku Kecil Daerah 7 Kota/Kabupaten SINTANG Provinsi KALIMANTAN BARAT,POINT(111.91479431478211 -0.1459830478750579),Tom Jackson Brown,12081010/1021029/340733,975464910187,sejahtera-surya-prima-medical-medik-farma,517
Medic Sejahtera Prima Mutiara Sejahtera Farma,Jl. Apel Jenius Komplek 85 Kota/Kabupaten MAHAKAM ULU Provinsi KALIMANTAN TIMUR,POINT(115.30248677924038 0.2276698091648032),David Harris Jones,341921/3821057/103861,3901084149550,medic-sejahtera-prima-mutiara-sejahtera-farma,268
Surya Bintang Bumi Amanah Apotek Pharm,Jl. Gajah Cepat Wilayah 23 Kota/Kabupaten LANDAK Provinsi KALIMANTAN BARAT,POINT(109.98046531198416 0.2731259300055448),John Johnson Wilson,61310210/227150/66107310,58600109100010,surya-bintang-bumi-amanah-apotek-pharm,948
Medical Kimia Bahagia Indah Sejahtera Medika,Jl. Gunung Indah Daerah 54 Kota/Kabupaten KUTAI TIMUR Provinsi KALIMANTAN TIMUR,POINT(118.1463931349402 0.9104992581639556),Steve Smith Smith,301173/505214/273205,909794881783,medical-kimia-bahagia-indah-sejahtera-medika,383
Prima Resep Medical Surya Jaya Farma,Jl. Rambutan Cerdas Blok 94 Kota/Kabupaten DELI SERDANG Provinsi SUMATERA UTARA,POINT(98.57837668972957 3.468434623525134),Matt Carter Smith,3110556/225830/133344,657291580980,prima-resep-medical-surya-jaya-farma,626
Bumi Berkah Tenaga Jaya Sejahtera Apotek,Jl. Ikan Tinggi Komplek 4 Kota/Kabupaten INDRAGIRI HILIR Provinsi RIAU,POINT(102.67350889826665 -0.9439444153047596),Jason Parker Martinez,2911041/247584/941304,1789061210010,bumi-berkah-tenaga-jaya-sejahtera-apotek,71
Prima Bahagia Bintang Indah Sejahtera Medika,Jl. Jeruk Indah Daerah 62 Kota/Kabupaten BARITO KUALA Provinsi KALIMANTAN SELATAN,POINT(114.64833734014532 -3.2713624610677936),Rachel Harris Brown,6910310/712281/135336,504853010831,prima-bahagia-bintang-indah-sejahtera-medika,55
Farmasi Surya Bumi Jaya Apotek Bersama,Jl. Jeruk Besar Wilayah 63 Kota/Kabupaten MALUKU BARAT DAYA Provinsi MALUKU,POINT(128.195231889336 -8.243925256830519),Allison Johnson White,581748/742594/473322,521512660998,farmasi-surya-bumi-jaya-apotek-bersama,629
Amanah Mawar Indah Resep Farma Sehat,Jl. Pisang Tinggi Daerah 32 Kota/Kabupaten SINTANG Provinsi KALIMANTAN BARAT,POINT(112.15079003568545 -0.1396034531694319),Mark White Robinson,7110860/1021933/624325,716480518280,amanah-mawar-indah-resep-farma-sehat,790
Nusantara Bumi Sehat Surya Jaya Apotik,Jl. Durian Kecil Daerah 6 Kota/Kabupaten KATINGAN Provinsi KALIMANTAN TENGAH,POINT(113.46983103465077 -2.9180196723966354),Ashley Adams Taylor,112425/1097272/873653,672198955108,nusantara-bumi-sehat-surya-jaya-apotik,111
Obat Harmoni Prima Sehat Pharm Jaya,Jl. Gajah Cermat Cluster 68 Kota/Kabupaten KLUNGKUNG Provinsi BALI,POINT(115.54534348086392 -8.793364882929177),Lauren Nelson Martinez,3710164/803402/583309,10705508983110,obat-harmoni-prima-sehat-pharm-jaya,779
Surya Terang Sehat Jaya Medika Jaya,Jl. Anjing Tinggi Daerah 21 Kota/Kabupaten CILACAP Provinsi JAWA TENGAH,POINT(108.95671736728794 -7.608028248711388),Steve Hill Jones,2611018/947255/653373,9014510010825,surya-terang-sehat-jaya-medika-jaya,233
Badan Prima Murni Terang Sejahtera Medik,Jl. Jeruk Besar Blok 19 Kota/Kabupaten MURUNG RAYA Provinsi KALIMANTAN TENGAH,POINT(114.53283698503436 -0.6588121877435089),Michael Nelson Brown,541524/1082272/44351010,630521170289,badan-prima-murni-terang-sejahtera-medik,214
Kimia Surya Obat Medical Farma Apotik,Jl. Tembok Cerah Komplek 35 Kota/Kabupaten KAYONG UTARA Provinsi KALIMANTAN BARAT,POINT(110.16957492384572 -1.2709949869919637),Allison Nelson Garcia,805121/1082037/3337104,1715903604810,kimia-surya-obat-medical-farma-apotik,489
Bumi Apotik Toko Terang Pharm Medik,Jl. Anjing Cermat Cluster 75 Kota/Kabupaten WAROPEN Provinsi PAPUA,POINT(137.01366556040918 -2.5182961068819054),Matt Parker Jones,1037170/892017/844633,3800870915101,bumi-apotik-toko-terang-pharm-medik,212
Prima Medical Mutiara Sehat Medik Farma,Jl. Gajah Pintar Wilayah 33 Kota/Kabupaten BENGKULU UTARA Provinsi BENGKULU,POINT(101.73246788301704 -3.1124935720140803),Katie Roberts Williams,127217/51110210/223480,6101180465158,prima-medical-mutiara-sehat-medik-farma,326
Bumi Terang Sentorsa Kimia Jaya Apotek,Jl. Apel Cepat Blok 24 Kota/Kabupaten KUTAI KARTANEGARA Provinsi KALIMANTAN TIMUR,POINT(117.00352883355166 -0.1762969791210373),Tom Roberts Brown,483165/450624/3210315,706110611894,bumi-terang-sentorsa-kimia-jaya-apotek,262
Cemerlang Bakti Medic Jaya Pharm Jaya,Jl. Sawah Pintar Wilayah 87 Kota/Kabupaten SERUYAN Provinsi KALIMANTAN TENGAH,POINT(111.87987409185116 -1.0699918874848091),Tom Roberts Davis,517478/297185/3101833,878061110381,cemerlang-bakti-medic-jaya-pharm-jaya,487
Kimia Sehat Badan Murni Farma Medik,Jl. Apel Cermat Komplek 88 Kota/Kabupaten TOBA SAMOSIR Provinsi SUMATERA UTARA,POINT(99.26806432899564 2.17954835057078),John Anderson Moore,6104261/162991/398168,9298981050001,kimia-sehat-badan-murni-farma-medik,208
Bahagia Medic Murni Resep Pharma Bersama,Jl. Gunung Kecil Wilayah 32 Kota/Kabupaten BENGKALIS Provinsi RIAU,POINT(101.82349166498526 1.4351129575945638),Sarah Smith Moore,881571/2104949/903901,954848110843,bahagia-medic-murni-resep-pharma-bersama,180
Medical Jaya Bintang Bahagia Bersama Medika,Jl. Sirih Sari Wilayah 50 Kota/Kabupaten BOLAANG MONGONDOW SELATAN Provinsi SULAWESI UTARA,POINT(124.45340704270885 0.4886323629478983),Chris Brown Smith,7110134/382521/484433,1550106906181,medical-jaya-bintang-bahagia-bersama-medika,427
Mawar Bintang Lestari Indah Medik Bersama,Jl. Kuda Jenius Cluster 62 Kota/Kabupaten MAPPI Provinsi PAPUA,POINT(139.80572107387218 -7.441001483467978),Michael Smith Williams,122598/892177/824306,72008105321210,mawar-bintang-lestari-indah-medik-bersama,631
Medical Surya Amanah Murni Apotik Bersama,Jl. Mangga Kecil Daerah 41 Kota/Kabupaten SINTANG Provinsi KALIMANTAN BARAT,POINT(110.9615834798067 0.8231620968195479),Jessica Parker Robinson,4107611/254008/340231,7061410518735,medical-surya-amanah-murni-apotik-bersama,193
Sehat Prima Resep Cemerlang Medika Pharm,Jl. Durian Tinggi Blok 37 Kota/Kabupaten LAMPUNG TENGAH Provinsi LAMPUNG,POINT(105.3842294917306 -4.635970067788255),Emily Clark Robinson,181130/974312/507392,6789127096310,sehat-prima-resep-cemerlang-medika-pharm,133
Berkah Bintang Nusantara Terang Pharm Apotik,Jl. Gunung Tinggi Cluster 85 Kota/Kabupaten MURUNG RAYA Provinsi KALIMANTAN TENGAH,POINT(114.75565465275402 0.2653083774402187),Brittany Adams Thomas,6651071/316621/294385,260708123611,berkah-bintang-nusantara-terang-pharm-apotik,551
Surya Amanah Jaya Bintang Medik Sejahtera,Jl. Durian Pendek Cluster 45 Kota/Kabupaten NDUGA Provinsi PAPUA,POINT(137.95582718291388 -4.58495745050102),Chris Parker Anderson,9107741/2232010/531478,3787190310386,surya-amanah-jaya-bintang-medik-sejahtera,841
Prima Berkah Jaya Mutiara Bersama Apotek,Jl. Pisang Pendek Cluster 69 Kota/Kabupaten BANJAR Provinsi KALIMANTAN SELATAN,POINT(114.97398747932712 -3.2419416153273737),Steve Harris Harris,2102916/482231/638894,1054118311056,prima-berkah-jaya-mutiara-bersama-apotek,462
Harmoni Surya Tubuh Nusantara Apotik Apotek,Jl. Gajah Cerah Cluster 93 Kota/Kabupaten MERAUKE Provinsi PAPUA,POINT(140.46930130983856 -8.50981011290297),David Anderson Garcia,10880101/4106022/973943,9949032101687,harmoni-surya-tubuh-nusantara-apotik-apotek,178
Cemerlang Murni Bumi Jaya Bersama Sehat,Jl. Ikan Cerah Blok 8 Kota/Kabupaten MALINAU Provinsi KALIMANTAN UTARA,POINT(115.74581291285202 3.281350999633661),Lauren Carter Robinson,314560/1002902/6731027,248521560821,cemerlang-murni-bumi-jaya-bersama-sehat,124
Sentorsa Medic Cemerlang Bintang Sejahtera Medika,Jl. Ikan Tinggi Blok 85 Kota/Kabupaten BERAU Provinsi KALIMANTAN TIMUR,POINT(118.3414714763248 1.429544450130653),Sarah Martinez Martinez,108671/280416/318903,82408806100101,sentorsa-medic-cemerlang-bintang-sejahtera-medika,180
Kimia Berkah Tenaga Badan Apotik Sejahtera,Jl. Sawah Cermat Blok 8 Kota/Kabupaten YAHUKIMO Provinsi PAPUA,POINT(139.8974995824744 -3.788506664310992),Alex Martinez Martinez,1008113/829598/313364,101010100055586,kimia-berkah-tenaga-badan-apotik-sejahtera,468
Tenaga Badan Surya Bakti Sehat Jaya,Jl. Kucing Sejahtera Komplek 15 Kota/Kabupaten REMBANG Provinsi JAWA TENGAH,POINT(111.31552920052572 -6.852753384136751),Jessica Hill Smith,4051001/286062/570832,400560016018,tenaga-badan-surya-bakti-sehat-jaya,236
Resep Jaya Tubuh Cemerlang Medik Medika,Jl. Gunung Besar Komplek 96 Kota/Kabupaten KOLAKA TIMUR Provinsi SULAWESI TENGGARA,POINT(121.85929925177732 -4.3124563543727925),Megan Harris Williams,418080/676629/578309,70640861031061,resep-jaya-tubuh-cemerlang-medik-medika,808
Lestari Bumi Harmoni Medic Bersama Pharma,Jl. Mangga Cermat Cluster 89 Kota/Kabupaten KUTAI BARAT Provinsi KALIMANTAN TIMUR,POINT(116.19283633304656 -0.2620490074716723),Ashley Carter Thomas,10110934/224283/930794,840187015871,lestari-bumi-harmoni-medic-bersama-pharma,35
Sehat Medical Mawar Surya Pharm Apotek,Jl. Balai Cerah Blok 33 Kota/Kabupaten MUSI RAWAS UTARA Provinsi SUMATERA SELATAN,POINT(102.60205815840548 -2.8365234695351766),Lauren Taylor Jones,6716410/521632/420535,301810481100710,sehat-medical-mawar-surya-pharm-apotek,179
Indah Makmur Apotik Prima Medika Pharm,Jl. Ikan Sari Blok 29 Kota/Kabupaten PELALAWAN Provinsi RIAU,POINT(103.06512734533408 0.5358478388075358),Mark Thomas Wilson,212938/9107912/3550106,3542429010178,indah-makmur-apotik-prima-medika-pharm,966
Bakti Murni Bahagia Medic Farma Sejahtera,Jl. Sirih Pendek Cluster 8 Kota/Kabupaten SINTANG Provinsi KALIMANTAN BARAT,POINT(112.65489297585232 0.0075496986790817),John Williams Johnson,351171/821132/3291710,4570102028164,bakti-murni-bahagia-medic-farma-sejahtera,918
Indah Sentorsa Amanah Kimia Apotek Bersama,Jl. Duku Besar Wilayah 82 Kota/Kabupaten KETAPANG Provinsi KALIMANTAN BARAT,POINT(110.57593815259816 -2.6075042261371664),Matt Jackson Anderson,145545/737293/735477,3001856110701,indah-sentorsa-amanah-kimia-apotek-bersama,593
Makmur Surya Terang Bakti Medika Sehat,Jl. Kuda Indah Blok 1 Kota/Kabupaten SARMI Provinsi PAPUA,POINT(138.72958182595949 -2.154217752253061),David Brown Taylor,975912/219211/1023186,28102210281180,makmur-surya-terang-bakti-medika-sehat,117
Badan Surya Tenaga Resep Apotik Sehat,Jl. Rambutan Tinggi Daerah 83 Kota/Kabupaten TAPANULI SELATAN Provinsi SUMATERA UTARA,POINT(99.51424668486348 1.8257344188862703),Rachel Taylor Williams,5101950/257321/10106381,3011086761012,badan-surya-tenaga-resep-apotik-sehat,324
Surya Tenaga Lestari Terang Sejahtera Apotek,Jl. Anjing Cerdas Daerah 18 Kota/Kabupaten HULU SUNGAI SELATAN Provinsi KALIMANTAN SELATAN,POINT(115.25247458194836 -2.7689233097716848),Matt Harris Garcia,10572110/2122110/3100469,794205855391,surya-tenaga-lestari-terang-sejahtera-apotek,438
Murni Medical Tubuh Cemerlang Sejahtera Farma,Jl. Sawah Kecil Blok 24 Kota/Kabupaten DEIYAI Provinsi PAPUA,POINT(136.294832536103 -4.264303741293986),Chris Johnson Moore,126271/243632/531083,1010713078800,murni-medical-tubuh-cemerlang-sejahtera-farma,588
Jaya Cemerlang Tubuh Indah Sehat Sejahtera,Jl. Sawah Kecil Cluster 9 Kota/Kabupaten OGAN KOMERING ILIR Provinsi SUMATERA SELATAN,POINT(105.60035186081498 -3.7502649489647606),John Harris Martin,836051/2012410/573102,840026280151,jaya-cemerlang-tubuh-indah-sehat-sejahtera,802
Kimia Prima Bakti Sejahtera Pharma Sejahtera,Jl. Gunung Indah Cluster 22 Kota/Kabupaten MERAUKE Provinsi PAPUA,POINT(140.5020658783685 -7.027895110856147),Jason Jackson Moore,986361/820722/688330,2108008174117,kimia-prima-bakti-sejahtera-pharma-sejahtera,35
Badan Terang Indah Prima Pharma Farma,Jl. Durian Indah Cluster 61 Kota/Kabupaten MURUNG RAYA Provinsi KALIMANTAN TENGAH,POINT(114.53584856571368 -0.6637359649155652),Alex Roberts Robinson,619603/602994/843951,3293108204106,badan-terang-indah-prima-pharma-farma,949
Bintang Kimia Cemerlang Tenaga Apotik Medika,Jl. Gajah Cerah Wilayah 18 Kota/Kabupaten DOGIYAI Provinsi PAPUA,POINT(135.65143646153354 -4.131756911998374),Megan Brown Thompson,1110990/1064298/160321,451004977852,bintang-kimia-cemerlang-tenaga-apotik-medika,251
Sehat Jaya Prima Tubuh Pharm Farma,Jl. Jeruk Pintar Daerah 64 Kota/Kabupaten TANJUNG JABUNG BARAT Provinsi JAMBI,POINT(103.17682619068512 -1.1591753359991674),John White Brown,175342/8832710/103146,1889710840506,sehat-jaya-prima-tubuh-pharm-farma,477
Murni Bintang Makmur Sejahtera Pharm Apotik,Jl. Mangga Jenius Wilayah 29 Kota/Kabupaten SERUYAN Provinsi KALIMANTAN TENGAH,POINT(112.15029545226412 -2.944274612975211),Emily Williams Martinez,100549/51010248/10931011,308063810942,murni-bintang-makmur-sejahtera-pharm-apotik,245
Surya Bumi Cemerlang Prima Medika Apotik,Jl. Mangga Pendek Daerah 73 Kota/Kabupaten ROKAN HILIR Provinsi RIAU,POINT(100.78537662154504 1.2434431614678694),Sarah Carter Davis,416815/925982/4271083,9801110311612,surya-bumi-cemerlang-prima-medika-apotik,342
Jaya Terang Mawar Badan Apotek Medik,Jl. Pisang Tinggi Wilayah 34 Kota/Kabupaten SORONG Provinsi PAPUA BARAT,POINT(131.70312456467792 -1.2202791999783429),Brittany Thomas Garcia,110658/820104/117431,876069812774,jaya-terang-mawar-badan-apotek-medik,221
Nusantara Tubuh Medical Jaya Apotek Pharma,Jl. Kucing Cermat Komplek 11 Kota/Kabupaten LABUHANBATU UTARA Provinsi SUMATERA UTARA,POINT(99.63848993596952 2.3075014188647227),Sarah Carter Miller,744541/222622/3555510,338617567037,nusantara-tubuh-medical-jaya-apotek-pharma,382
Prima Tenaga Medical Tubuh Jaya Medika,Jl. Apel Besar Wilayah 53 Kota/Kabupaten BANYUASIN Provinsi SUMATERA SELATAN,POINT(104.73443587540888 -2.46378465566875),Allison Smith Thompson,588513/839328/352568,319726800697,prima-tenaga-medical-tubuh-jaya-medika,59
Indah Tenaga Bumi Mawar Sehat Sejahtera,Jl. Apel Kecil Cluster 23 Kota/Kabupaten MERAUKE Provinsi PAPUA,POINT(137.96471160805896 -8.327511854620717),Alex Smith Brown,346718/205380/347278,706689481946,indah-tenaga-bumi-mawar-sehat-sejahtera,557
Murni Bintang Tenaga Medic Sejahtera Apotik,Jl. Rambutan Cerah Wilayah 61 Kota/Kabupaten FLORES TIMUR Provinsi NUSA TENGGARA TIMUR,POINT(122.87544171421656 -8.161182313153224),Ashley Harris Thompson,2128107/9234210/33105100,81402106322510,murni-bintang-tenaga-medic-sejahtera-apotik,995
Surya Apotik Bahagia Kimia Apotek Sejahtera,Jl. Sawah Kecil Blok 91 Kota/Kabupaten MURUNG RAYA Provinsi KALIMANTAN TENGAH,POINT(114.5546951779909 -0.5564437981206591),Rachel Brown Jones,5671410/758252/3104119,2310835102605,surya-apotik-bahagia-kimia-apotek-sejahtera,784
Farmasi Prima Resep Bahagia Sejahtera Jaya,Jl. Tembok Besar Cluster 82 Kota/Kabupaten MOROWALI UTARA Provinsi SULAWESI TENGAH,POINT(121.72271143452468 -1.7814309270853368),David Anderson Smith,331231/173209/132422,11085710909320,farmasi-prima-resep-bahagia-sejahtera-jaya,118
Surya Mawar Sehat Kimia Sejahtera Sehat,Jl. Kuda Besar Blok 87 Kota/Kabupaten ASAHAN Provinsi SUMATERA UTARA,POINT(99.33366776595128 2.73641594920843),John Nelson Harris,881919/304072/338368,2901075583107,surya-mawar-sehat-kimia-sejahtera-sehat,215
Jaya Prima Lestari Indah Farma Sejahtera,Jl. Anjing Sejahtera Komplek 44 Kota/Kabupaten KETAPANG Provinsi KALIMANTAN BARAT,POINT(110.4536397618268 -0.3978390993131224),Rachel White Anderson,48105110/7228108/390673,170308757608,jaya-prima-lestari-indah-farma-sejahtera,408
Toko Tenaga Bakti Tubuh Pharma Pharm,Jl. Balai Pendek Cluster 83 Kota/Kabupaten PANIAI Provinsi PAPUA,POINT(137.08783677053398 -3.917842510313745),Emily Thomas Williams,111412/126993/3102936,988665703301,toko-tenaga-bakti-tubuh-pharma-pharm,867
Sejahtera Obat Sehat Lestari Jaya Apotik,Jl. Kebun Sejahtera Cluster 87 Kota/Kabupaten BELITUNG Provinsi KEPULAUAN BANGKA BELITUNG,POINT(107.63406549414948 -2.908966889178032),Chris Anderson Brown,717113/712021/442387,510260856819,sejahtera-obat-sehat-lestari-jaya-apotik,300
Harmoni Prima Bumi Obat Apotik Sehat,Jl. Sawah Cerdas Blok 96 Kota/Kabupaten BARITO UTARA Provinsi KALIMANTAN TENGAH,POINT(114.74246051575052 -0.7834350729151005),David Adams Garcia,786311/540228/9811310,182610760328,harmoni-prima-bumi-obat-apotik-sehat,341
Toko Bahagia Farmasi Resep Sejahtera Sejahtera,Jl. Sawah Pintar Daerah 61 Kota/Kabupaten KEEROM Provinsi PAPUA,POINT(140.7525420091461 -3.3354889679243787),Rachel Johnson Brown,680191/209875/4310825,110949442988,toko-bahagia-farmasi-resep-sejahtera-sejahtera,368
Jaya Obat Bahagia Prima Apotik Pharma,Jl. Tembok Besar Wilayah 35 Kota/Kabupaten TIMOR TENGAH SELATAN Provinsi NUSA TENGGARA TIMUR,POINT(124.27795498300507 -9.898184698177497),Katie Parker Johnson,140178/2103796/396014,349788816810,jaya-obat-bahagia-prima-apotik-pharma,16
Kimia Sehat Indah Bumi Bersama Sejahtera,Jl. Anjing Pendek Blok 88 Kota/Kabupaten HULU SUNGAI SELATAN Provinsi KALIMANTAN SELATAN,POINT(115.5321264054086 -2.738957889139167),Rachel Harris Martinez,913410/772925/1313108,81010227590917,kimia-sehat-indah-bumi-bersama-sejahtera,362
Jaya Lestari Cemerlang Tenaga Apotek Farma,Jl. Gunung Kecil Cluster 66 Kota/Kabupaten BENGKALIS Provinsi RIAU,POINT(101.76556729437092 1.436344050825806),John Martinez White,326177/644222/106348,3102025843715,jaya-lestari-cemerlang-tenaga-apotek-farma,154
Bintang Sentorsa Tenaga Indah Sehat Sejahtera,Jl. Tembok Kecil Cluster 20 Kota/Kabupaten BANGGAI Provinsi SULAWESI TENGAH,POINT(122.27809997399824 -1.078867531040908),Megan Hill Robinson,814841/2810330/296309,702030861682,bintang-sentorsa-tenaga-indah-sehat-sejahtera,469
Medical Jaya Sentorsa Apotik Jaya Medika,Jl. Durian Kecil Wilayah 82 Kota/Kabupaten KUTAI KARTANEGARA Provinsi KALIMANTAN TIMUR,POINT(115.649836433248 0.7183105899145499),Tom Hill Thomas,613106/637298/171133,8441091810892,medical-jaya-sentorsa-apotik-jaya-medika,118
Resep Bahagia Sehat Toko Bersama Apotek,Jl. Kuda Cermat Cluster 46 Kota/Kabupaten SERUYAN Provinsi KALIMANTAN TENGAH,POINT(112.30829039343618 -2.5617516354407623),Katie Smith Anderson,801915/928892/762753,1851401001031,resep-bahagia-sehat-toko-bersama-apotek,920
Sejahtera Jaya Mawar Cemerlang Jaya Bersama,Jl. Duku Cermat Komplek 50 Kota/Kabupaten HALMAHERA UTARA Provinsi MALUKU UTARA,POINT(128.03104395599965 2.180806740330325),Jessica Martinez Wilson,308916/924428/930663,9108651421880,sejahtera-jaya-mawar-cemerlang-jaya-bersama,15
Toko Resep Murni Mutiara Jaya Bersama,Jl. Apel Indah Daerah 95 Kota/Kabupaten KONAWE UTARA Provinsi SULAWESI TENGGARA,POINT(121.8343780846449 -3.461052647257728),John Nelson Williams,1091250/784723/125314,221073388310,toko-resep-murni-mutiara-jaya-bersama,123
Berkah Cemerlang Jaya Medic Sehat Sejahtera,Jl. Pisang Pendek Cluster 5 Kota/Kabupaten DOGIYAI Provinsi PAPUA,POINT(137.15130904512176 -2.964790146438311),Sarah Jackson Thompson,913931/10104152/325394,1040218051595,berkah-cemerlang-jaya-medic-sehat-sejahtera,560
Surya Badan Kimia Bintang Pharm Pharma,Jl. Mangga Cerah Blok 74 Kota/Kabupaten MADIUN Provinsi JAWA TIMUR,POINT(111.50100923253396 -7.770260120087743),Sarah Adams Johnson,799851/812386/1240103,1538672809610,surya-badan-kimia-bintang-pharm-pharma,718
Sentorsa Berkah Apotik Makmur Apotek Pharm,Jl. Sirih Pendek Blok 58 Kota/Kabupaten LAMANDAU Provinsi KALIMANTAN TENGAH,POINT(111.4456278854462 -1.967339949119301),Steve Jones Jackson,918525/10298010/165361,547581548005,sentorsa-berkah-apotik-makmur-apotek-pharm,648
Bakti Surya Indah Jaya Sehat Apotek,Jl. Ikan Besar Cluster 46 Kota/Kabupaten KAPUAS Provinsi KALIMANTAN TENGAH,POINT(114.27601214908344 -2.3238205881978686),Jason Carter White,565610/5034102/334919,8316601002264,bakti-surya-indah-jaya-sehat-apotek,90
Harmoni Tenaga Prima Medic Sehat Jaya,Jl. Sawah Sari Cluster 88 Kota/Kabupaten SUMBAWA BARAT Provinsi NUSA TENGGARA BARAT,POINT(117.04241671051824 -8.676500217993794),Megan White Taylor,317144/201140/280053,471187021114,harmoni-tenaga-prima-medic-sehat-jaya,452
Resep Bumi Farmasi Medical Medik Sejahtera,Jl. Durian Cermat Daerah 89 Kota/Kabupaten SORONG Provinsi PAPUA BARAT,POINT(131.68317799918017 -1.0764959402001235),Mark Parker Garcia,5331071/10810720/5311055,8210884601018,resep-bumi-farmasi-medical-medik-sejahtera,841
Jaya Toko Surya Medic Sehat Apotik,Jl. Ikan Pendek Komplek 16 Kota/Kabupaten JAYAPURA Provinsi PAPUA,POINT(139.62167762518877 -2.4713660567120304),Katie Adams Thompson,2101097/210274/5368210,71055801100919,jaya-toko-surya-medic-sehat-apotik,471
Mutiara Medic Indah Bakti Jaya Apotek,Jl. Kebun Sari Komplek 80 Kota/Kabupaten WONOSOBO Provinsi JAWA TENGAH,POINT(109.920381116469 -7.213801457075354),Emily Thomas Taylor,819807/81027106/693033,7100537518441,mutiara-medic-indah-bakti-jaya-apotek,212
Jaya Resep Bahagia Prima Jaya Farma,Jl. Balai Cerah Wilayah 97 Kota/Kabupaten KUANTAN SINGINGI Provinsi RIAU,POINT(101.30357680027912 -0.0774868125894112),Allison Parker Brown,477133/282160/544953,5510272108391,jaya-resep-bahagia-prima-jaya-farma,734
Lestari Jaya Obat Jaya Farma Pharma,Jl. Durian Kecil Cluster 81 Kota/Kabupaten MAHAKAM ULU Provinsi KALIMANTAN TIMUR,POINT(115.21316082220824 1.0198698395382788),Sarah Jones White,1977108/21109910/266739,580136373386,lestari-jaya-obat-jaya-farma-pharma,655
Obat Cemerlang Tenaga Sentorsa Medika Pharm,Jl. Rambutan Cerdas Wilayah 75 Kota/Kabupaten KAIMANA Provinsi PAPUA BARAT,POINT(134.79564047801406 -4.1018310469173285),Megan Adams Williams,139746/903207/5103499,110428576888,obat-cemerlang-tenaga-sentorsa-medika-pharm,469
Obat Mutiara Medic Amanah Pharma Farma,Jl. Sirih Pendek Komplek 69 Kota/Kabupaten OGAN KOMERING ULU Provinsi SUMATERA SELATAN,POINT(103.97312715494536 -4.109008978922825),Brittany Harris Wilson,1101855/1020022/760237,9471801087178,obat-mutiara-medic-amanah-pharma-farma,96
Tenaga Surya Makmur Berkah Medika Sejahtera,Jl. Gedung Pintar Wilayah 4 Kota/Kabupaten KETAPANG Provinsi KALIMANTAN BARAT,POINT(110.22760138330736 -2.543353827951682),Chris Taylor White,6101278/228900/717301,892460818260,tenaga-surya-makmur-berkah-medika-sejahtera,612
Prima Prima Toko Lestari Sejahtera Pharm,Jl. Gedung Indah Cluster 69 Kota/Kabupaten ENDE Provinsi NUSA TENGGARA TIMUR,POINT(121.82366193000615 -8.850887095497239),John Martinez Thompson,200110/21103610/1913310,108510108121021,prima-prima-toko-lestari-sejahtera-pharm,672
Cemerlang Prima Murni Obat Jaya Medika,Jl. Gunung Pintar Blok 63 Kota/Kabupaten NABIRE Provinsi PAPUA,POINT(134.62979659992635 -2.7153474468344108),Lauren White Moore,205144/334129/263376,1928691001840,cemerlang-prima-murni-obat-jaya-medika,128
Nusantara Berkah Mawar Jaya Sejahtera Sejahtera,Jl. Duku Besar Cluster 15 Kota/Kabupaten KAPUAS HULU Provinsi KALIMANTAN BARAT,POINT(112.26023524049252 0.5488486203708316),Brittany Parker Williams,751286/2501080/5431068,211170831311,nusantara-berkah-mawar-jaya-sejahtera-sejahtera,325
Harmoni Sejahtera Makmur Jaya Sehat Apotek,Jl. Sawah Sari Komplek 95 Kota/Kabupaten MAROS Provinsi SULAWESI SELATAN,POINT(119.80863416261072 -5.024464436777826),Brittany White Davis,545119/162990/7831076,101909188766,harmoni-sejahtera-makmur-jaya-sehat-apotek,168
Obat Murni Sejahtera Sehat Sejahtera Jaya,Jl. Pisang Cerah Cluster 53 Kota/Kabupaten TAMBRAUW Provinsi PAPUA BARAT,POINT(133.0184084783536 -1.189404111661661),Steve Clark Jackson,1060314/232584/6891035,40101019525861,obat-murni-sejahtera-sehat-sejahtera-jaya,162
Nusantara Surya Mutiara Bintang Jaya Medik,Jl. Mangga Besar Cluster 9 Kota/Kabupaten KATINGAN Provinsi KALIMANTAN TENGAH,POINT(113.48683809474124 -2.6107389819239746),Chris White White,10100181/621640/243537,616680950788,nusantara-surya-mutiara-bintang-jaya-medik,580
Makmur Amanah Badan Murni Medika Medik,Jl. Durian Pintar Wilayah 10 Kota/Kabupaten OGAN KOMERING ULU Provinsi SUMATERA SELATAN,POINT(104.054823654609 -4.400117366817122),Allison Nelson Williams,55410101/2484810/103737,1060877109615,makmur-amanah-badan-murni-medika-medik,744
Sehat Surya Makmur Sejahtera Jaya Pharm,Jl. Kota Cermat Wilayah 93 Kota/Kabupaten ROKAN HULU Provinsi RIAU,POINT(100.3906536231676 0.95012889016445),Chris Hill Moore,981361/2800102/1098336,205842171713,sehat-surya-makmur-sejahtera-jaya-pharm,59
Surya Cemerlang Medic Berkah Pharma Sejahtera,Jl. Tembok Sari Cluster 31 Kota/Kabupaten TABANAN Provinsi BALI,POINT(115.052262505461 -8.48243235521451),John Nelson Thomas,8110576/752965/320203,172110689801,surya-cemerlang-medic-berkah-pharma-sejahtera,737
Surya Tenaga Bumi Terang Medik Pharm,Jl. Ikan Sejahtera Cluster 76 Kota/Kabupaten YAHUKIMO Provinsi PAPUA,POINT(139.35024686437515 -4.703729066220856),Katie Taylor Harris,577911/742626/3419105,1808001103940,surya-tenaga-bumi-terang-medik-pharm,499
Amanah Kimia Tenaga Jaya Pharma Sejahtera,Jl. Anjing Kecil Daerah 59 Kota/Kabupaten MURUNG RAYA Provinsi KALIMANTAN TENGAH,POINT(114.2986203971047 -0.1747668530624437),Tom Nelson Davis,516659/138226/10342104,21045110080682,amanah-kimia-tenaga-jaya-pharma-sejahtera,167
Bintang Tubuh Apotik Amanah Sehat Pharm,Jl. Ikan Kecil Komplek 85 Kota/Kabupaten PELALAWAN Provinsi RIAU,POINT(102.53294975145148 0.3183552617997751),Alex Anderson Thomas,7110216/254954/533273,4880100491651,bintang-tubuh-apotik-amanah-sehat-pharm,867
Prima Surya Farmasi Jaya Bersama Apotek,Jl. Durian Kecil Cluster 97 Kota/Kabupaten ACEH TIMUR Provinsi ACEH,POINT(97.91323440030575 4.621225951920271),Emily Hill Thompson,1907710/713234/1010063,2110210830108,prima-surya-farmasi-jaya-bersama-apotek,203
Bahagia Sehat Nusantara Lestari Medika Apotek,Jl. Kebun Sari Cluster 28 Kota/Kabupaten KATINGAN Provinsi KALIMANTAN TENGAH,POINT(113.38482393001728 -2.818032002137293),Lauren Hill Jackson,10611087/102620/658300,1022010772078,bahagia-sehat-nusantara-lestari-medika-apotek,260
Kimia Tubuh Bakti Lestari Medik Pharma,Jl. Balai Tinggi Wilayah 86 Kota/Kabupaten MAMBERAMO RAYA Provinsi PAPUA,POINT(137.5236698385998 -2.044957825102328),Sarah White Robinson,171201/211104/353495,652885011198,kimia-tubuh-bakti-lestari-medik-pharma,128
Bumi Resep Medical Murni Medika Pharm,Jl. Kucing Sejahtera Cluster 44 Kota/Kabupaten YAHUKIMO Provinsi PAPUA,POINT(139.86367188531227 -4.743530818958182),Emily Nelson Taylor,108814/2110610/715673,16108587011009,bumi-resep-medical-murni-medika-pharm,174
Medical Jaya Murni Harmoni Medika Apotek,Jl. Rambutan Jenius Cluster 82 Kota/Kabupaten TOBA SAMOSIR Provinsi SUMATERA UTARA,POINT(99.46901536104764 2.382298225198239),Mark Johnson Robinson,1100810/529888/138753,3708103100720,medical-jaya-murni-harmoni-medika-apotek,149
Bumi Bahagia Jaya Surya Medik Sejahtera,Jl. Gajah Besar Blok 1 Kota/Kabupaten KATINGAN Provinsi KALIMANTAN TENGAH,POINT(113.38475881720488 -1.6563334786010788),Alex Anderson Martin,971911/222700/4311109,180205344355,bumi-bahagia-jaya-surya-medik-sejahtera,99
Medic Mutiara Tubuh Bahagia Pharma Sejahtera,Jl. Pisang Cermat Wilayah 41 Kota/Kabupaten MANOKWARI SELATAN Provinsi PAPUA BARAT,POINT(134.20121099847958 -1.3332562118058997),Steve Jones Garcia,2211071/6100512/453221,48821031007106,medic-mutiara-tubuh-bahagia-pharma-sejahtera,452
Farmasi Jaya Resep Nusantara Jaya Sehat,Jl. Sawah Kecil Wilayah 31 Kota/Kabupaten PESISIR SELATAN Provinsi SUMATERA BARAT,POINT(100.82003699717032 -1.4393967866468331),Lauren Clark Taylor,717800/282669/835034,2111086917109,farmasi-jaya-resep-nusantara-jaya-sehat,217
Amanah Bumi Indah Bahagia Pharm Farma,Jl. Kebun Sejahtera Komplek 69 Kota/Kabupaten KAMPAR Provinsi RIAU,POINT(100.99540740954797 0.962377227529606),Steve Harris Brown,629214/392834/346448,88112800110109,amanah-bumi-indah-bahagia-pharm-farma,498
Bintang Bahagia Badan Mawar Apotik Jaya,Jl. Jeruk Pendek Daerah 36 Kota/Kabupaten KATINGAN Provinsi KALIMANTAN TENGAH,POINT(113.30729756598822 -2.491666521660472),Lauren Smith Smith,108366/27110103/903250,3910007118941,bintang-bahagia-badan-mawar-apotik-jaya,83
Lestari Murni Tubuh Obat Pharma Medik,Jl. Kebun Cepat Wilayah 49 Kota/Kabupaten ENDE Provinsi NUSA TENGGARA TIMUR,POINT(121.83411259092696 -8.744007266387769),Rachel White Brown,1043164/526278/939444,602121789088,lestari-murni-tubuh-obat-pharma-medik,179
Makmur Mawar Harmoni Bakti Apotek Sejahtera,Jl. Kebun Pintar Wilayah 32 Kota/Kabupaten TAMBRAUW Provinsi PAPUA BARAT,POINT(132.44757679409204 -0.6764245803003455),Jason Roberts Anderson,361746/829293/536780,6807610110800,makmur-mawar-harmoni-bakti-apotek-sejahtera,68
Bahagia Bumi Indah Murni Sehat Farma,Jl. Apel Cerdas Cluster 66 Kota/Kabupaten MURUNG RAYA Provinsi KALIMANTAN TENGAH,POINT(114.3213305863428 0.488069148046673),Sarah Anderson Thompson,4107817/322018/335703,5100912187045,bahagia-bumi-indah-murni-sehat-farma,345
Tenaga Murni Jaya Kimia Sejahtera Sehat,Jl. Kuda Tinggi Wilayah 59 Kota/Kabupaten KAPUAS HULU Provinsi KALIMANTAN BARAT,POINT(112.10249495902796 1.1398831388741917),Mark Anderson Wilson,10815510/1104427/496331,9101689140215,tenaga-murni-jaya-kimia-sejahtera-sehat,154
Makmur Tubuh Amanah Sehat Medika Sehat,Jl. Gedung Pendek Cluster 18 Kota/Kabupaten LABUHANBATU SELATAN Provinsi SUMATERA UTARA,POINT(100.05353551782696 1.7747989863312537),Rachel Lewis Taylor,1060312/428712/787423,905978019111,makmur-tubuh-amanah-sehat-medika-sehat,957
Kimia Bintang Nusantara Harmoni Sejahtera Medika,Jl. Ikan Sejahtera Blok 36 Kota/Kabupaten PUNCAK Provinsi PAPUA,POINT(137.75033045104323 -3.903771664400303),Katie Hill Moore,215183/627722/1063013,4410015621683,kimia-bintang-nusantara-harmoni-sejahtera-medika,638
Apotik Nusantara Toko Sejahtera Farma Bersama,Jl. Ikan Pintar Cluster 27 Kota/Kabupaten MOROWALI UTARA Provinsi SULAWESI TENGAH,POINT(121.38086486313152 -2.120415683835528),Emily Roberts Garcia,1410940/111628/232262,7285101882500,apotik-nusantara-toko-sejahtera-farma-bersama,872
Lestari Indah Berkah Bumi Sehat Apotek,Jl. Duku Tinggi Komplek 31 Kota/Kabupaten GUNUNG MAS Provinsi KALIMANTAN TENGAH,POINT(113.50213157005687 -0.9361211666702314),Brittany Martinez Martin,7191031/6101420/873126,404169008689,lestari-indah-berkah-bumi-sehat-apotek,214
Makmur Sejahtera Bumi Murni Pharma Medik,Jl. Jeruk Kecil Cluster 7 Kota/Kabupaten NUNUKAN Provinsi KALIMANTAN UTARA,POINT(116.18914972251284 4.340088435778409),Alex Clark Martinez,512201/101021070/2531016,8641031053389,makmur-sejahtera-bumi-murni-pharma-medik,64
Surya Amanah Resep Jaya Apotik Farma,Jl. Gunung Tinggi Komplek 10 Kota/Kabupaten MUSI RAWAS Provinsi SUMATERA SELATAN,POINT(103.4770675103148 -3.3663637863801465),Tom Brown Davis,6781510/9292210/6131012,520009005180,surya-amanah-resep-jaya-apotik-farma,452
Harmoni Bintang Badan Bahagia Jaya Sejahtera,Jl. Anjing Cermat Daerah 35 Kota/Kabupaten LANDAK Provinsi KALIMANTAN BARAT,POINT(109.35755244095616 0.5521916994377545),Katie Jackson Miller,2143101/1013132/538933,459210188370,harmoni-bintang-badan-bahagia-jaya-sejahtera,638
Toko Medic Jaya Mawar Pharma Sejahtera,Jl. Kebun Cerdas Wilayah 15 Kota/Kabupaten MUARA ENIM Provinsi SUMATERA SELATAN,POINT(104.02412372741738 -3.517633926589144),John Roberts Martin,9181058/851402/357883,9109199951078,toko-medic-jaya-mawar-pharma-sejahtera,219
Tenaga Medical Bintang Mutiara Bersama Sejahtera,Jl. Kota Sari Blok 15 Kota/Kabupaten KOTAWARINGIN BARAT Provinsi KALIMANTAN TENGAH,POINT(111.57458271091852 -2.768932510010289),Rachel Taylor Taylor,805116/2310260/4736210,608763269140,tenaga-medical-bintang-mutiara-bersama-sejahtera,322
Jaya Tenaga Badan Bahagia Medika Apotik,Jl. Duku Kecil Komplek 23 Kota/Kabupaten BERAU Provinsi KALIMANTAN TIMUR,POINT(117.93068915984269 1.6026749988413511),Jason Taylor Davis,485121/894217/833730,104100819101011,jaya-tenaga-badan-bahagia-medika-apotik,541
Harmoni Resep Sentorsa Medical Medika Pharm,Jl. Ikan Pendek Blok 96 Kota/Kabupaten PARIGI MOUTONG Provinsi SULAWESI TENGAH,POINT(120.89125531424423 0.4194685934359068),John Anderson Garcia,640613/320093/10831038,5110380603178,harmoni-resep-sentorsa-medical-medika-pharm,29
Farmasi Sehat Surya Obat Bersama Apotek,Jl. Gajah Cermat Blok 97 Kota/Kabupaten MAMBERAMO RAYA Provinsi PAPUA,POINT(136.98360465399543 -2.2305956318839755),Rachel Williams Moore,312881/85101210/344533,21009815104803,farmasi-sehat-surya-obat-bersama-apotek,968
Makmur Kimia Nusantara Mutiara Pharma Sejahtera,Jl. Gedung Sejahtera Cluster 55 Kota/Kabupaten KETAPANG Provinsi KALIMANTAN BARAT,POINT(110.09807316301765 -1.890643739639323),Brittany Hill Wilson,835351/335672/897350,8758405717100,makmur-kimia-nusantara-mutiara-pharma-sejahtera,15
Mawar Tenaga Medic Toko Medika Sehat,Jl. Kuda Pintar Cluster 62 Kota/Kabupaten ACEH BESAR Provinsi ACEH,POINT(95.28192763978024 5.1991324892127775),Brittany Anderson Robinson,119851/2212910/240367,151707378688,mawar-tenaga-medic-toko-medika-sehat,579
Bahagia Indah Terang Sentorsa Sehat Jaya,Jl. Anjing Tinggi Daerah 4 Kota/Kabupaten SANGGAU Provinsi KALIMANTAN BARAT,POINT(110.85640558353504 0.6580326724184822),Emily Williams Miller,766601/6910231/887338,276038918019,bahagia-indah-terang-sentorsa-sehat-jaya,729
Prima Badan Tubuh Medic Farma Medik,Jl. Kebun Pintar Cluster 100 Kota/Kabupaten BARITO TIMUR Provinsi KALIMANTAN TENGAH,POINT(115.01675364750854 -2.147557479277092),Sarah Clark Jackson,1017219/10521010/595993,510847605922,prima-badan-tubuh-medic-farma-medik,623
Mawar Indah Tenaga Tubuh Sejahtera Medika,Jl. Sirih Cerah Daerah 24 Kota/Kabupaten MAMBERAMO RAYA Provinsi PAPUA,POINT(137.1951616790625 -1.8839652573177137),Michael Taylor Jones,310145/41010236/3471062,10891008512102,mawar-indah-tenaga-tubuh-sejahtera-medika,515
Prima Makmur Badan Mutiara Apotik Medika,Jl. Pisang Kecil Blok 80 Kota/Kabupaten MAMBERAMO RAYA Provinsi PAPUA,POINT(138.66609872697717 -2.944904245942741),Alex Jones Smith,587515/2106202/106317,8169108132804,prima-makmur-badan-mutiara-apotik-medika,644
Sentorsa Sejahtera Kimia Tenaga Medika Jaya,Jl. Kebun Indah Komplek 36 Kota/Kabupaten BANYUWANGI Provinsi JAWA TIMUR,POINT(114.37232782892865 -7.99832846064036),Michael Johnson Thomas,801122/284245/430663,8688100880218,sentorsa-sejahtera-kimia-tenaga-medika-jaya,322
Tubuh Sentorsa Amanah Surya Pharm Bersama,Jl. Pisang Sari Blok 71 Kota/Kabupaten BANYUMAS Provinsi JAWA TENGAH,POINT(109.30262776842774 -7.425642929143715),Tom Hill Jackson,95110100/10983102/3110343,4810336862110,tubuh-sentorsa-amanah-surya-pharm-bersama,221
Resep Medical Prima Bahagia Apotek Sejahtera,Jl. Durian Cerdas Wilayah 44 Kota/Kabupaten PASURUAN Provinsi JAWA TIMUR,POINT(112.81808248415058 -7.810804998321009),Allison Jackson Jackson,191084/929880/255374,1057031848992,resep-medical-prima-bahagia-apotek-sejahtera,671
Sentorsa Jaya Sehat Mutiara Bersama Jaya,Jl. Gajah Kecil Blok 80 Kota/Kabupaten SAMOSIR Provinsi SUMATERA UTARA,POINT(98.86535739230712 2.584655262126578),Brittany Anderson Williams,601023/215670/799123,1680175101879,sentorsa-jaya-sehat-mutiara-bersama-jaya,774
Makmur Medic Medical Mutiara Jaya Pharma,Jl. Tembok Cerdas Cluster 36 Kota/Kabupaten KAIMANA Provinsi PAPUA BARAT,POINT(135.03879159446416 -3.995518534829703),Allison Roberts Johnson,10214110/10925010/703680,812628272501,makmur-medic-medical-mutiara-jaya-pharma,225
Bumi Bahagia Tubuh Prima Medika Sejahtera,Jl. Kuda Cerdas Komplek 68 Kota/Kabupaten PASAMAN BARAT Provinsi SUMATERA BARAT,POINT(99.56842775631722 0.1647266088023453),Steve Williams Davis,217323/202884/267903,880712721420,bumi-bahagia-tubuh-prima-medika-sejahtera,220
Berkah Cemerlang Indah Nusantara Medik Medika,Jl. Ikan Kecil Daerah 3 Kota/Kabupaten PESISIR SELATAN Provinsi SUMATERA BARAT,POINT(100.47637440911264 -1.1870218217531416),Ashley Williams Taylor,738210/120192/435873,803189450126,berkah-cemerlang-indah-nusantara-medik-medika,900
Bintang Jaya Murni Medical Sejahtera Medik,Jl. Anjing Tinggi Blok 93 Kota/Kabupaten NABIRE Provinsi PAPUA,POINT(136.25370077457026 -3.134127659840812),Matt Carter Martinez,771643/880283/971321,8410388088417,bintang-jaya-murni-medical-sejahtera-medik,174
Tubuh Sehat Surya Bakti Sejahtera Pharm,Jl. Sirih Kecil Komplek 57 Kota/Kabupaten KUTAI KARTANEGARA Provinsi KALIMANTAN TIMUR,POINT(115.99602096014074 1.0837499028596458),Jason Hill Williams,6101957/923319/383882,8210879040125,tubuh-sehat-surya-bakti-sejahtera-pharm,235
Surya Cemerlang Sehat Berkah Medik Bersama,Jl. Gajah Sari Wilayah 48 Kota/Kabupaten KONAWE KEPULAUAN Provinsi SULAWESI TENGGARA,POINT(123.08912522793268 -4.152525260500286),Rachel Anderson Brown,485461/273292/286364,21010008126249,surya-cemerlang-sehat-berkah-medik-bersama,629
Indah Tubuh Berkah Sentorsa Jaya Bersama,Jl. Durian Sejahtera Komplek 5 Kota/Kabupaten MERANGIN Provinsi JAMBI,POINT(101.7108808732494 -1.8959658190724584),Ashley Jackson Brown,3110576/901162/607300,4731890106608,indah-tubuh-berkah-sentorsa-jaya-bersama,632
Indah Terang Toko Medical Farma Sejahtera,Jl. Jeruk Pintar Blok 12 Kota/Kabupaten REMBANG Provinsi JAWA TENGAH,POINT(111.49827205343207 -6.769232760378453),Rachel Anderson White,148134/83102108/643388,916610008584,indah-terang-toko-medical-farma-sejahtera,966
Surya Tubuh Prima Nusantara Medik Bersama,Jl. Sawah Cerah Wilayah 18 Kota/Kabupaten DONGGALA Provinsi SULAWESI TENGAH,POINT(120.01506369198648 0.3494000017452077),Tom Nelson Anderson,569941/2102270/173671,1850115210578,surya-tubuh-prima-nusantara-medik-bersama,201
Cemerlang Bintang Harmoni Amanah Pharma Medik,Jl. Kota Sari Komplek 74 Kota/Kabupaten KUTAI TIMUR Provinsi KALIMANTAN TIMUR,POINT(117.2779595894095 0.471008930249587),Allison Roberts Garcia,61071091/782010/371137,61040710841317,cemerlang-bintang-harmoni-amanah-pharma-medik,499
Tubuh Indah Mutiara Medical Apotek Sejahtera,Jl. Apel Sari Cluster 4 Kota/Kabupaten BOLAANG MONGONDOW UTARA Provinsi SULAWESI UTARA,POINT(123.22450940062188 0.9424309992922292),Jason Clark Garcia,10510139/222892/3434101,49629100581071,tubuh-indah-mutiara-medical-apotek-sejahtera,362
Nusantara Tubuh Bakti Jaya Medika Sehat,Jl. Rambutan Pintar Wilayah 83 Kota/Kabupaten KOTAWARINGIN BARAT Provinsi KALIMANTAN TENGAH,POINT(111.86487511380398 -1.7702510111084615),Alex Adams Martinez,651575/25710410/381651,1063368023514,nusantara-tubuh-bakti-jaya-medika-sehat,161
Bintang Medical Jaya Nusantara Apotek Jaya,Jl. Apel Kecil Daerah 77 Kota/Kabupaten SORONG Provinsi PAPUA BARAT,POINT(131.28113131935586 -1.1861031728808396),Matt Johnson Wilson,119518/9091024/406536,990283565801,bintang-medical-jaya-nusantara-apotek-jaya,573
Amanah Mutiara Bumi Toko Jaya Pharma,Jl. Kota Kecil Komplek 50 Kota/Kabupaten INDRAGIRI HILIR Provinsi RIAU,POINT(103.0518063737563 -0.2774323083302246),Chris Jones Thompson,691281/2410129/357005,183344991505,amanah-mutiara-bumi-toko-jaya-pharma,90
Tenaga Murni Apotik Amanah Medik Jaya,Jl. Gunung Pendek Wilayah 73 Kota/Kabupaten TANJUNG JABUNG BARAT Provinsi JAMBI,POINT(103.2916590744373 -0.8049887198723891),Allison Smith Anderson,811481/121122/845353,839480198190,tenaga-murni-apotik-amanah-medik-jaya,549
Bakti Resep Cemerlang Bumi Jaya Medika,Jl. Tembok Kecil Daerah 50 Kota/Kabupaten JAYAPURA Provinsi PAPUA,POINT(139.694973758174 -3.275600813070888),Emily Lewis Garcia,1097179/962985/526593,403347841361,bakti-resep-cemerlang-bumi-jaya-medika,427
Lestari Sentorsa Jaya Obat Medika Bersama,Jl. Ikan Besar Daerah 97 Kota/Kabupaten MAMUJU UTARA Provinsi SULAWESI BARAT,POINT(119.62565527637048 -1.5221448047111217),Rachel Smith Williams,815228/542269/352503,8416707587105,lestari-sentorsa-jaya-obat-medika-bersama,998
Farmasi Bahagia Mutiara Makmur Medik Farma,Jl. Gedung Cepat Komplek 58 Kota/Kabupaten MURUNG RAYA Provinsi KALIMANTAN TENGAH,POINT(113.5851753670732 0.2114370076706642),Alex Williams Taylor,315137/226302/757337,187018130128,farmasi-bahagia-mutiara-makmur-medik-farma,378
Terang Jaya Prima Bintang Pharm Medik,Jl. Kuda Cerdas Wilayah 52 Kota/Kabupaten KATINGAN Provinsi KALIMANTAN TENGAH,POINT(112.9264738338331 -1.194435448394099),Michael Harris Johnson,1108722/721528/5583107,1003181029693,terang-jaya-prima-bintang-pharm-medik,70
Sehat Bahagia Jaya Surya Sejahtera Medika,Jl. Kuda Cepat Blok 95 Kota/Kabupaten INDRAGIRI HILIR Provinsi RIAU,POINT(103.15215921144474 0.0128571400777275),Alex Nelson Harris,758146/775832/31056102,82010103710258,sehat-bahagia-jaya-surya-sejahtera-medika,511
Nusantara Indah Obat Prima Sehat Sejahtera,Jl. Apel Indah Komplek 60 Kota/Kabupaten KOTAWARINGIN TIMUR Provinsi KALIMANTAN TENGAH,POINT(112.29482036380946 -1.4668420482287026),Rachel Brown Martin,1075810/2104992/4838101,90254810312810,nusantara-indah-obat-prima-sehat-sejahtera,154
Mutiara Surya Makmur Nusantara Sejahtera Medik,Jl. Duku Jenius Cluster 49 Kota/Kabupaten CIAMIS Provinsi JAWA BARAT,POINT(108.56080158077452 -7.445270156340799),Megan Thomas Martin,110984/974322/763519,8141005811101,mutiara-surya-makmur-nusantara-sejahtera-medik,215
Mutiara Prima Indah Mawar Sejahtera Sehat,Jl. Sirih Cerah Komplek 35 Kota/Kabupaten HALMAHERA TIMUR Provinsi MALUKU UTARA,POINT(128.1082367240009 1.2831526797010095),Lauren Smith Garcia,117083/297162/1055103,471842930558,mutiara-prima-indah-mawar-sejahtera-sehat,971
Cemerlang Badan Berkah Tenaga Sejahtera Medik,Jl. Ikan Sari Wilayah 64 Kota/Kabupaten SUKABUMI Provinsi JAWA BARAT,POINT(106.71576407170376 -6.857579574034639),John Jackson Moore,301130/763822/380763,707921110820,cemerlang-badan-berkah-tenaga-sejahtera-medik,92
Bakti Indah Terang Mutiara Bersama Pharm,Jl. Sirih Sejahtera Blok 7 Kota/Kabupaten BARITO UTARA Provinsi KALIMANTAN TENGAH,POINT(114.89573622159658 -0.9386110377809996),Katie Jones Thompson,261067/662900/900534,7585196381010,bakti-indah-terang-mutiara-bersama-pharm,604
Jaya Indah Berkah Farmasi Sejahtera Medika,Jl. Rambutan Kecil Blok 40 Kota/Kabupaten MALINAU Provinsi KALIMANTAN UTARA,POINT(115.49759893327968 1.652206721526591),Lauren Roberts Wilson,10910612/329502/1030236,187128060003,jaya-indah-berkah-farmasi-sejahtera-medika,810
Sentorsa Surya Amanah Surya Medik Sehat,Jl. Mangga Tinggi Cluster 30 Kota/Kabupaten SINTANG Provinsi KALIMANTAN BARAT,POINT(111.3805137694406 0.6520679685447899),Ashley Johnson Martin,10161082/881244/253634,15510323105108,sentorsa-surya-amanah-surya-medik-sehat,532
Farmasi Mawar Medical Lestari Pharm Jaya,Jl. Sirih Cepat Blok 98 Kota/Kabupaten SINTANG Provinsi KALIMANTAN BARAT,POINT(111.09407016091056 -0.438955451502931),Rachel Jackson Williams,10105614/7292210/833884,6444885071610,farmasi-mawar-medical-lestari-pharm-jaya,830
Tenaga Prima Tubuh Apotik Sehat Apotik,Jl. Kebun Cepat Komplek 76 Kota/Kabupaten SAMBAS Provinsi KALIMANTAN BARAT,POINT(109.14471862297556 1.1016656399084803),Mark Anderson Garcia,20110108/291930/31022610,130081704150,tenaga-prima-tubuh-apotik-sehat-apotik,395
Medical Jaya Sentorsa Bahagia Medika Sejahtera,Jl. Kebun Indah Cluster 36 Kota/Kabupaten KOTABARU Provinsi KALIMANTAN SELATAN,POINT(116.26310606846324 -2.474909591102538),Matt Jackson Jones,3198100/387322/938589,260129871824,medical-jaya-sentorsa-bahagia-medika-sejahtera,631
Prima Cemerlang Jaya Murni Medika Pharma,Jl. Ikan Kecil Daerah 69 Kota/Kabupaten KUTAI TIMUR Provinsi KALIMANTAN TIMUR,POINT(116.61886800986268 0.2807973147592779),Sarah Anderson Johnson,2182110/159122/5246310,5108977055910,prima-cemerlang-jaya-murni-medika-pharma,435
Sejahtera Lestari Amanah Farmasi Apotek Pharma,Jl. Tembok Besar Cluster 50 Kota/Kabupaten MAPPI Provinsi PAPUA,POINT(139.64630748242996 -5.413134076788578),Steve Thomas Johnson,435614/478442/395816,27191330104108,sejahtera-lestari-amanah-farmasi-apotek-pharma,342
Harmoni Tubuh Makmur Apotik Medika Pharm,Jl. Balai Pintar Daerah 54 Kota/Kabupaten OGAN KOMERING ULU TIMUR Provinsi SUMATERA SELATAN,POINT(104.79323037159106 -4.060875887457374),Megan Jackson Jackson,561712/378250/23310410,817504901308,harmoni-tubuh-makmur-apotik-medika-pharm,691
Mutiara Bintang Tubuh Berkah Sehat Jaya,Jl. Gajah Besar Daerah 41 Kota/Kabupaten MIMIKA Provinsi PAPUA,POINT(136.99835368035806 -4.378401666183317),Brittany Thomas Anderson,8710321/249287/784163,2011861011101,mutiara-bintang-tubuh-berkah-sehat-jaya,898
Jaya Surya Harmoni Sentorsa Sehat Sejahtera,Jl. Sawah Sejahtera Blok 45 Kota/Kabupaten MALINAU Provinsi KALIMANTAN UTARA,POINT(115.18732757522837 1.5112611280756472),Allison Carter Martin,181987/239106/933501,869516611802,jaya-surya-harmoni-sentorsa-sehat-sejahtera,233
Bakti Terang Jaya Medical Sejahtera Apotek,Jl. Jeruk Besar Komplek 47 Kota/Kabupaten MERAUKE Provinsi PAPUA,POINT(138.09282332766577 -7.729465491288407),Alex Hill Harris,546185/911632/923177,848462701557,bakti-terang-jaya-medical-sejahtera-apotek,55
Bumi Sentorsa Farmasi Bakti Bersama Sejahtera,Jl. Jeruk Kecil Blok 56 Kota/Kabupaten TAMBRAUW Provinsi PAPUA BARAT,POINT(133.02057583320268 -1.0772444308076246),David Jackson Smith,271929/112702/3201029,514780841201,bumi-sentorsa-farmasi-bakti-bersama-sejahtera,133
Bintang Surya Murni Jaya Sejahtera Medika,Jl. Gunung Cerdas Cluster 21 Kota/Kabupaten KOTA TIDORE KEPULAUAN Provinsi MALUKU UTARA,POINT(127.77673523091632 0.2892396486231927),Alex Harris Robinson,181132/720212/399376,110684003005,bintang-surya-murni-jaya-sejahtera-medika,22
Berkah Makmur Prima Terang Sehat Bersama,Jl. Mangga Besar Wilayah 82 Kota/Kabupaten MURUNG RAYA Provinsi KALIMANTAN TENGAH,POINT(113.73310908413592 0.3778890581964802),Michael Smith Harris,1610745/7310902/189613,16108101184018,berkah-makmur-prima-terang-sehat-bersama,670
Mawar Apotik Nusantara Toko Pharma Jaya,Jl. Kota Cepat Cluster 51 Kota/Kabupaten PUNCAK JAYA Provinsi PAPUA,POINT(138.30050631618724 -3.7647570017199152),Chris Brown White,143415/122101010/502437,21016481104800,mawar-apotik-nusantara-toko-pharma-jaya,562
Tubuh Bumi Mutiara Tenaga Sejahtera Jaya,Jl. Jeruk Kecil Cluster 37 Kota/Kabupaten TELUK WONDAMA Provinsi PAPUA BARAT,POINT(134.35712971701315 -3.165108899241869),Chris Roberts Smith,310103110/362260/723111,511984805020,tubuh-bumi-mutiara-tenaga-sejahtera-jaya,195
Cemerlang Resep Mawar Bakti Sehat Jaya,Jl. Kucing Sejahtera Daerah 77 Kota/Kabupaten BULUNGAN Provinsi KALIMANTAN UTARA,POINT(117.6133070927354 2.719083455162494),Rachel Hill Harris,1107674/9241074/230137,310073838336,cemerlang-resep-mawar-bakti-sehat-jaya,73
Medical Terang Bintang Kimia Sejahtera Apotek,Jl. Jeruk Cepat Wilayah 65 Kota/Kabupaten BOVEN DIGOEL Provinsi PAPUA,POINT(140.17740185446752 -6.599016337816537),Matt Harris Harris,788132/245048/333371,1311171087001,medical-terang-bintang-kimia-sejahtera-apotek,124
Kimia Jaya Harmoni Medic Bersama Pharma,Jl. Kucing Cermat Daerah 11 Kota/Kabupaten PASER Provinsi KALIMANTAN TIMUR,POINT(116.17802253920972 -1.4912129627628996),Jason Jones Martin,935801/263174/1031381,6119067810009,kimia-jaya-harmoni-medic-bersama-pharma,147
Medic Sentorsa Prima Apotik Farma Medika,Jl. Gajah Tinggi Wilayah 61 Kota/Kabupaten ASMAT Provinsi PAPUA,POINT(137.99015408866484 -4.711075488869126),Megan Williams Smith,226881/5259100/318449,181041230489,medic-sentorsa-prima-apotik-farma-medika,487
Amanah Tubuh Nusantara Prima Pharm Pharma,Jl. Balai Cepat Daerah 30 Kota/Kabupaten KEPULAUAN YAPEN Provinsi PAPUA,POINT(136.48093055512453 -1.849061088513128),Chris Martinez Thompson,185507/8210014/329391,210718702024,amanah-tubuh-nusantara-prima-pharm-pharma,397
Sentorsa Bakti Sehat Nusantara Sejahtera Farma,Jl. Ikan Tinggi Komplek 42 Kota/Kabupaten SORONG Provinsi PAPUA BARAT,POINT(131.4646136231029 -1.0444260133583096),Allison Thomas Thomas,10330110/1012756/9803310,3610821470310,sentorsa-bakti-sehat-nusantara-sejahtera-farma,236
Surya Bakti Surya Berkah Sehat Medika,Jl. Rambutan Cepat Daerah 93 Kota/Kabupaten MESUJI Provinsi LAMPUNG,POINT(105.54455389267784 -4.133701680137642),Jessica Martinez Smith,453157/2761026/904473,3806100939841,surya-bakti-surya-berkah-sehat-medika,343
Mutiara Sejahtera Lestari Prima Bersama Apotek,Jl. Rambutan Sari Komplek 84 Kota/Kabupaten BENGKAYANG Provinsi KALIMANTAN BARAT,POINT(108.96059425596846 0.6521440341451772),Steve Jackson Wilson,600111/796264/540364,50881010221503,mutiara-sejahtera-lestari-prima-bersama-apotek,311
Obat Kimia Jaya Apotik Sejahtera Pharm,Jl. Gedung Besar Cluster 100 Kota/Kabupaten DELI SERDANG Provinsi SUMATERA UTARA,POINT(98.88199612060828 3.4432465032920554),Emily Smith Davis,1034531/2103903/841303,412080281010210,obat-kimia-jaya-apotik-sejahtera-pharm,584
Sehat Badan Murni Prima Bersama Sehat,Jl. Gedung Indah Blok 12 Kota/Kabupaten KAPUAS HULU Provinsi KALIMANTAN BARAT,POINT(113.62585975498872 0.6231092523197521),Rachel Carter Harris,3181105/291264/756573,5212108042294,sehat-badan-murni-prima-bersama-sehat,446
Resep Prima Amanah Mawar Sejahtera Pharma,Jl. Mangga Cermat Blok 74 Kota/Kabupaten KETAPANG Provinsi KALIMANTAN BARAT,POINT(110.59853238034448 -1.5866578633572317),Steve Brown Martin,9981013/764421/10410783,4808024401016,resep-prima-amanah-mawar-sejahtera-pharma,220
Surya Sehat Farmasi Medic Sejahtera Medika,Jl. Durian Cermat Wilayah 82 Kota/Kabupaten KONAWE Provinsi SULAWESI TENGGARA,POINT(121.99590861654973 -3.790437529180824),Michael Clark Martinez,6105106/816832/4438410,1390004001089,surya-sehat-farmasi-medic-sejahtera-medika,85
Jaya Prima Bumi Prima Apotek Sejahtera,Jl. Durian Sejahtera Blok 95 Kota/Kabupaten MUARO JAMBI Provinsi JAMBI,POINT(103.39413597658846 -1.8961932454683),John Johnson Garcia,9511103/2610724/284953,8110134049508,jaya-prima-bumi-prima-apotek-sejahtera,210
Mawar Bintang Sejahtera Resep Medik Sejahtera,Jl. Gedung Jenius Daerah 18 Kota/Kabupaten CILACAP Provinsi JAWA TENGAH,POINT(109.35014486157236 -7.676240570454546),Jason White Johnson,183751/425201/743970,79101181090939,mawar-bintang-sejahtera-resep-medik-sejahtera,499
Berkah Apotik Tenaga Prima Medik Farma,Jl. Sawah Sejahtera Daerah 45 Kota/Kabupaten KAPUAS HULU Provinsi KALIMANTAN BARAT,POINT(113.11061266872083 0.2587140864239732),Rachel Jackson Martin,8111310/874232/5105368,8103117750616,berkah-apotik-tenaga-prima-medik-farma,130
Surya Amanah Harmoni Tubuh Medik Pharma,Jl. Ikan Cerdas Wilayah 13 Kota/Kabupaten PULAU MOROTAI Provinsi MALUKU UTARA,POINT(128.50359958569533 2.169596761679907),Mark Jackson Taylor,20101031/510628/3834106,1041041010291086,surya-amanah-harmoni-tubuh-medik-pharma,458
Obat Medic Nusantara Lestari Sehat Bersama,Jl. Rambutan Besar Daerah 45 Kota/Kabupaten MERAUKE Provinsi PAPUA,POINT(138.407832700127 -7.970605363232677),Rachel Harris Brown,115750/521804/963385,800227191343,obat-medic-nusantara-lestari-sehat-bersama,213
Sentorsa Medic Bintang Sehat Apotek Bersama,Jl. Gunung Kecil Cluster 3 Kota/Kabupaten GORONTALO UTARA Provinsi GORONTALO,POINT(123.19888471999543 0.8544449722948517),Brittany Taylor Taylor,174930/6109192/9771039,1050030610814,sentorsa-medic-bintang-sehat-apotek-bersama,29
Mutiara Bahagia Resep Apotik Pharm Sejahtera,Jl. Durian Indah Komplek 46 Kota/Kabupaten BONDOWOSO Provinsi JAWA TIMUR,POINT(114.04396666414084 -7.795288162454358),Tom Jackson Moore,184258/773264/347877,216813608268,mutiara-bahagia-resep-apotik-pharm-sejahtera,792
Harmoni Bumi Lestari Resep Sejahtera Sehat,Jl. Kota Pintar Blok 36 Kota/Kabupaten NAGAN RAYA Provinsi ACEH,POINT(96.58103907661376 4.0914337672061),Steve Adams Jackson,484137/633325/530349,81019051002909,harmoni-bumi-lestari-resep-sejahtera-sehat,61
Makmur Terang Bahagia Mutiara Sehat Pharm,Jl. Apel Cepat Blok 29 Kota/Kabupaten BOVEN DIGOEL Provinsi PAPUA,POINT(140.1589342430806 -6.665712753450028),Tom Adams Anderson,642818/584271/4961031,9390788810103,makmur-terang-bahagia-mutiara-sehat-pharm,626
Berkah Indah Harmoni Mutiara Sejahtera Medik,Jl. Jeruk Pendek Wilayah 34 Kota/Kabupaten NIAS UTARA Provinsi SUMATERA UTARA,POINT(97.36268295455172 1.5188030129048131),Alex Parker Jones,914025/172228/3100346,1814001012714,berkah-indah-harmoni-mutiara-sejahtera-medik,259
Surya Tubuh Bumi Bintang Jaya Sehat,Jl. Durian Cerah Wilayah 72 Kota/Kabupaten ENREKANG Provinsi SULAWESI SELATAN,POINT(119.95828074739084 -3.3175162161049787),Megan Jackson Jackson,1774107/592941/123645,81051202171020,surya-tubuh-bumi-bintang-jaya-sehat,25
Lestari Terang Surya Bakti Sehat Pharm,Jl. Anjing Cermat Komplek 83 Kota/Kabupaten ROKAN HULU Provinsi RIAU,POINT(100.34418444707902 0.5752469310590733),Jason Taylor Garcia,470010/2102473/372247,1103570624281,lestari-terang-surya-bakti-sehat-pharm,52
Indah Kimia Tenaga Bakti Farma Medik,Jl. Gajah Kecil Cluster 83 Kota/Kabupaten LANNY JAYA Provinsi PAPUA,POINT(137.78533273716835 -4.051716309074991),Sarah Nelson Miller,7621014/524514/332351,4811047984760,indah-kimia-tenaga-bakti-farma-medik,219
Harmoni Prima Sejahtera Lestari Farma Apotik,Jl. Ikan Kecil Daerah 14 Kota/Kabupaten MUKOMUKO Provinsi BENGKULU,POINT(101.57826512949232 -3.1121462429533144),Emily White Martin,550701/1072010/622473,615605511873,harmoni-prima-sejahtera-lestari-farma-apotik,845
Medic Obat Sejahtera Berkah Medika Apotek,Jl. Gunung Cermat Cluster 95 Kota/Kabupaten ACEH BESAR Provinsi ACEH,POINT(95.68910048191827 5.293449596785623),Rachel Martinez Miller,836312/122788/173083,9010170613318,medic-obat-sejahtera-berkah-medika-apotek,498
Sejahtera Prima Bahagia Obat Sehat Sejahtera,Jl. Balai Cerah Cluster 9 Kota/Kabupaten KAPUAS Provinsi KALIMANTAN TENGAH,POINT(114.22155098805888 -1.8026833718686124),Rachel Johnson Martinez,600111/527999/1083616,612833355071,sejahtera-prima-bahagia-obat-sehat-sejahtera,95
Sehat Bahagia Prima Sentorsa Pharm Apotik,Jl. Sawah Jenius Daerah 4 Kota/Kabupaten SARMI Provinsi PAPUA,POINT(139.30597714645677 -2.4879095989308624),Ashley Taylor Garcia,551028/624387/605138,2738105810463,sehat-bahagia-prima-sentorsa-pharm-apotik,415
Medical Prima Bumi Terang Sehat Farma,Jl. Ikan Kecil Komplek 1 Kota/Kabupaten NUNUKAN Provinsi KALIMANTAN UTARA,POINT(117.31180005439266 3.816611681824892),Ashley Anderson Robinson,741261/10024102/5031002,949610566768,medical-prima-bumi-terang-sehat-farma,435
Sentorsa Tubuh Nusantara Surya Medika Farma,Jl. Jeruk Sari Blok 53 Kota/Kabupaten BANGKA Provinsi KEPULAUAN BANGKA BELITUNG,POINT(105.93628849235743 -2.00824502314987),Emily Lewis Anderson,103368/571288/1077533,27940104011087,sentorsa-tubuh-nusantara-surya-medika-farma,593
Murni Jaya Toko Prima Pharma Apotik,Jl. Sawah Pendek Wilayah 91 Kota/Kabupaten MERANGIN Provinsi JAMBI,POINT(102.1583716854218 -2.112179748953711),Lauren Roberts Smith,987051/4031032/390570,478070108751,murni-jaya-toko-prima-pharma-apotik,56
Prima Harmoni Surya Bumi Bersama Sehat,Jl. Kota Indah Daerah 75 Kota/Kabupaten ACEH SINGKIL Provinsi ACEH,POINT(97.90270592075768 2.5496494479833167),Tom Jackson Moore,10810160/347642/869397,6106748036919,prima-harmoni-surya-bumi-bersama-sehat,959
Tubuh Indah Nusantara Sejahtera Pharma Jaya,Jl. Gedung Sari Daerah 59 Kota/Kabupaten MAHAKAM ULU Provinsi KALIMANTAN TIMUR,POINT(115.4369059523526 0.1521212678697789),Jessica Adams Moore,961113/651241/6210364,3081810988937,tubuh-indah-nusantara-sejahtera-pharma-jaya,496
Murni Prima Amanah Medical Medika Pharma,Jl. Rambutan Besar Cluster 40 Kota/Kabupaten PEGUNUNGAN BINTANG Provinsi PAPUA,POINT(140.77595817137615 -4.85516462502919),Lauren Adams Thomas,562197/437223/61031034,683040077102,murni-prima-amanah-medical-medika-pharma,907
Toko Lestari Harmoni Indah Sejahtera Medika,Jl. Durian Cerdas Komplek 46 Kota/Kabupaten MAYBRAT Provinsi PAPUA BARAT,POINT(132.2018733671402 -1.2403981549018397),Emily Anderson Johnson,1003143/445128/396414,382082042184,toko-lestari-harmoni-indah-sejahtera-medika,508
Tenaga Apotik Mawar Jaya Apotek Bersama,Jl. Kuda Kecil Komplek 90 Kota/Kabupaten KOTA SUBULUSSALAM Provinsi ACEH,POINT(98.0985125859901 2.77761941039744),Matt Johnson Jackson,177594/4827101/3910353,7144567310180,tenaga-apotik-mawar-jaya-apotek-bersama,31
Cemerlang Surya Resep Bintang Pharma Jaya,Jl. Gedung Kecil Komplek 83 Kota/Kabupaten BOLAANG MONGONDOW UTARA Provinsi SULAWESI UTARA,POINT(123.3811991487198 0.771921136485572),Ashley Adams Martinez,5132910/245300/3108976,1694854210802,cemerlang-surya-resep-bintang-pharma-jaya,794
Sentorsa Prima Medic Tubuh Apotik Bersama,Jl. Pisang Kecil Daerah 39 Kota/Kabupaten ASMAT Provinsi PAPUA,POINT(138.1555156070244 -4.93854819248246),Mark Harris Brown,511431/2271107/538427,210097233180,sentorsa-prima-medic-tubuh-apotik-bersama,402
Surya Kimia Bumi Sentorsa Apotik Medika,Jl. Tembok Indah Daerah 69 Kota/Kabupaten SERAM BAGIAN BARAT Provinsi MALUKU,POINT(128.49563841807247 -2.983032988221882),Katie Thomas Martinez,51042101/5108492/7010393,413058343854,surya-kimia-bumi-sentorsa-apotik-medika,498
Sehat Prima Amanah Mutiara Medik Sejahtera,Jl. Gunung Cerah Blok 71 Kota/Kabupaten ASMAT Provinsi PAPUA,POINT(138.63520910045764 -6.416880960950289),Lauren White Miller,3861018/1005245/1041738,598037160838,sehat-prima-amanah-mutiara-medik-sejahtera,388
Sehat Tubuh Medic Jaya Sejahtera Medik,Jl. Gedung Besar Wilayah 67 Kota/Kabupaten MALINAU Provinsi KALIMANTAN UTARA,POINT(116.49235264196572 3.6796058251902792),Alex Roberts Williams,356711/625032/4103109,300107048001,sehat-tubuh-medic-jaya-sejahtera-medik,85
Harmoni Tenaga Kimia Badan Sehat Medika,Jl. Kebun Cerah Daerah 15 Kota/Kabupaten PAKPAK BHARAT Provinsi SUMATERA UTARA,POINT(98.42543046784898 2.5465899771871),Alex Adams Thomas,286181/871621/8211039,8601072377139,harmoni-tenaga-kimia-badan-sehat-medika,239
Mutiara Kimia Bintang Prima Medika Jaya,Jl. Durian Cerah Wilayah 82 Kota/Kabupaten LANDAK Provinsi KALIMANTAN BARAT,POINT(110.08014385104832 0.901822652307958),Jessica Adams Harris,571568/3521031/1019382,318645310479,mutiara-kimia-bintang-prima-medika-jaya,235
Bintang Jaya Prima Kimia Farma Medik,Jl. Apel Indah Wilayah 82 Kota/Kabupaten SERUYAN Provinsi KALIMANTAN TENGAH,POINT(111.73432391772911 -1.3360800800915786),David Roberts Brown,111904/992753/3103346,116781073833,bintang-jaya-prima-kimia-farma-medik,992
Sehat Apotik Surya Indah Sejahtera Bersama,Jl. Kebun Sejahtera Blok 55 Kota/Kabupaten BONE Provinsi SULAWESI SELATAN,POINT(120.04465069267434 -4.885342716234032),Michael Johnson Moore,804121/7610207/394643,190324583850,sehat-apotik-surya-indah-sejahtera-bersama,118
Murni Prima Toko Bintang Sehat Medik,Jl. Jeruk Pendek Daerah 18 Kota/Kabupaten MAPPI Provinsi PAPUA,POINT(138.88884970470525 -6.635812891344173),Emily Williams Martin,792518/911229/296103,4221005138610,murni-prima-toko-bintang-sehat-medik,277
Apotik Harmoni Prima Medical Jaya Medika,Jl. Mangga Sejahtera Daerah 70 Kota/Kabupaten PINRANG Provinsi SULAWESI SELATAN,POINT(119.50817221375736 -3.735436424450692),Allison Roberts Thompson,597801/7392210/733825,180120427098,apotik-harmoni-prima-medical-jaya-medika,27
Harmoni Mawar Apotik Toko Pharm Farma,Jl. Gajah Tinggi Daerah 56 Kota/Kabupaten DONGGALA Provinsi SULAWESI TENGAH,POINT(119.66470277672852 -0.854289422123852),Steve Clark White,1105491/261054/821153,951247138017,harmoni-mawar-apotik-toko-pharm-farma,421
Terang Resep Cemerlang Mutiara Apotik Pharma,Jl. Balai Jenius Cluster 4 Kota/Kabupaten MAMBERAMO TENGAH Provinsi PAPUA,POINT(138.92920296346432 -3.8029924361639615),John White Miller,9100016/5072108/379432,6907107718908,terang-resep-cemerlang-mutiara-apotik-pharma,812
Sentorsa Amanah Harmoni Indah Sehat Bersama,Jl. Kuda Sejahtera Daerah 62 Kota/Kabupaten INDRAMAYU Provinsi JAWA BARAT,POINT(108.20556691700772 -6.323645174230813),Megan Adams Jones,3411001/797412/1002373,9821081142150,sentorsa-amanah-harmoni-indah-sehat-bersama,97
Obat Terang Sehat Jaya Jaya Medik,Jl. Pisang Pendek Cluster 54 Kota/Kabupaten MERANGIN Provinsi JAMBI,POINT(101.97819756636508 -2.6720274147166148),Alex Anderson Jones,210602/538626/605343,580016287131,obat-terang-sehat-jaya-jaya-medik,957
Resep Prima Farmasi Cemerlang Apotik Jaya,Jl. Apel Besar Cluster 67 Kota/Kabupaten MELAWI Provinsi KALIMANTAN BARAT,POINT(111.48645297074792 -1.0164168279980803),Lauren Adams Martinez,754741/582327/3591040,81701058091075,resep-prima-farmasi-cemerlang-apotik-jaya,752
Makmur Medical Indah Amanah Medika Apotik,Jl. Kucing Jenius Daerah 71 Kota/Kabupaten PASAMAN Provinsi SUMATERA BARAT,POINT(99.86718480222297 0.7420708322289098),Mark Williams Jones,856134/212282/2109130,8429541591070,makmur-medical-indah-amanah-medika-apotik,383
Medic Makmur Mawar Farmasi Apotik Apotek,Jl. Gajah Tinggi Daerah 22 Kota/Kabupaten PESISIR BARAT Provinsi LAMPUNG,POINT(103.67960279142966 -4.930519498818817),John Jackson Johnson,3011109/232666/843635,7100268018182,medic-makmur-mawar-farmasi-apotik-apotek,341
Lestari Prima Cemerlang Harmoni Pharma Sejahtera,Jl. Sirih Indah Wilayah 73 Kota/Kabupaten TOBA SAMOSIR Provinsi SUMATERA UTARA,POINT(99.58134323116884 2.3201926911844417),Jessica Lewis Martinez,176591/232851/915313,367860580130,lestari-prima-cemerlang-harmoni-pharma-sejahtera,122
Surya Bumi Terang Mawar Medika Sejahtera,Jl. Gajah Cerdas Wilayah 38 Kota/Kabupaten KAPUAS Provinsi KALIMANTAN TENGAH,POINT(114.23774167080629 -0.9868476981159215),Mark Lewis Johnson,500162/398312/246397,8907101078106,surya-bumi-terang-mawar-medika-sejahtera,272
Makmur Terang Sentorsa Sehat Medik Pharma,Jl. Sawah Indah Cluster 23 Kota/Kabupaten MALUKU BARAT DAYA Provinsi MALUKU,POINT(126.44431913776884 -7.630124734680798),Katie Carter Martin,9231110/6242210/739710,791819869084,makmur-terang-sentorsa-sehat-medik-pharma,289
Bakti Medic Tubuh Medical Medik Medika,Jl. Jeruk Jenius Daerah 76 Kota/Kabupaten TORAJA UTARA Provinsi SULAWESI SELATAN,POINT(119.83480673244154 -2.628208839280342),Alex Taylor Thompson,594211/206725/863704,319801018287,bakti-medic-tubuh-medical-medik-medika,43
Sejahtera Bakti Sentorsa Jaya Bersama Apotik,Jl. Ikan Jenius Cluster 86 Kota/Kabupaten GARUT Provinsi JAWA BARAT,POINT(107.7854586286727 -7.44092756389248),Chris Anderson Robinson,6174104/605207/2801032,810305208938,sejahtera-bakti-sentorsa-jaya-bersama-apotik,458
Tubuh Sejahtera Jaya Badan Sejahtera Pharm,Jl. Duku Cerdas Wilayah 7 Kota/Kabupaten KEDIRI Provinsi JAWA TIMUR,POINT(112.13067191516264 -7.72238397660608),Jason Roberts Jones,745191/782951/723513,105151008377108,tubuh-sejahtera-jaya-badan-sejahtera-pharm,228
Jaya Lestari Prima Sentorsa Sehat Pharm,Jl. Rambutan Kecil Wilayah 83 Kota/Kabupaten MUARA ENIM Provinsi SUMATERA SELATAN,POINT(104.12510726822931 -3.6783337522521498),Jessica Harris Garcia,1543210/762212/567394,586321761087,jaya-lestari-prima-sentorsa-sehat-pharm,528
Apotik Amanah Harmoni Kimia Farma Sejahtera,Jl. Balai Cepat Blok 68 Kota/Kabupaten HALMAHERA TIMUR Provinsi MALUKU UTARA,POINT(128.52371154890318 1.3515798582219336),Rachel Martinez Martin,2661910/303322/213136,474800106782,apotik-amanah-harmoni-kimia-farma-sejahtera,45
Bumi Jaya Surya Kimia Pharm Bersama,Jl. Tembok Tinggi Blok 23 Kota/Kabupaten KOTA BENGKULU Provinsi BENGKULU,POINT(102.30620378530732 -3.852075866649824),Michael Adams Johnson,839515/942048/9103839,300197910894,bumi-jaya-surya-kimia-pharm-bersama,992
Jaya Sehat Apotik Sejahtera Apotik Sejahtera,Jl. Tembok Indah Blok 64 Kota/Kabupaten BANGKA TENGAH Provinsi KEPULAUAN BANGKA BELITUNG,POINT(106.67846674141282 -2.682832242927118),Michael Jackson Robinson,337196/692459/332578,570980193142,jaya-sehat-apotik-sejahtera-apotik-sejahtera,147
Sentorsa Mutiara Prima Bumi Pharm Apotik,Jl. Kucing Pendek Blok 21 Kota/Kabupaten ACEH SINGKIL Provinsi ACEH,POINT(97.88226656925676 2.3056817275225114),Brittany Hill White,192967/2796210/373086,1047948410714,sentorsa-mutiara-prima-bumi-pharm-apotik,45
Prima Makmur Amanah Surya Bersama Sejahtera,Jl. Apel Indah Daerah 14 Kota/Kabupaten LUWU UTARA Provinsi SULAWESI SELATAN,POINT(119.8336401529088 -2.3786952535906867),Ashley Roberts Miller,3831031/1210429/6809103,9139806031032,prima-makmur-amanah-surya-bersama-sejahtera,55
Murni Terang Jaya Bintang Bersama Apotek,Jl. Balai Sejahtera Wilayah 26 Kota/Kabupaten KOTA SEMARANG Provinsi JAWA TENGAH,POINT(110.47589723667149 -6.947524092138292),Mark Jackson Davis,5494110/921018/325836,616371033487,murni-terang-jaya-bintang-bersama-apotek,236
Bakti Sehat Apotik Mutiara Apotek Medika,Jl. Anjing Pintar Blok 19 Kota/Kabupaten BANYUASIN Provinsi SUMATERA SELATAN,POINT(104.36298919245536 -2.7958765482165298),Emily White Brown,18510410/270257/382702,1768880941055,bakti-sehat-apotik-mutiara-apotek-medika,452
Bumi Jaya Bahagia Sehat Apotik Medika,Jl. Kucing Sejahtera Cluster 33 Kota/Kabupaten PASAMAN Provinsi SUMATERA BARAT,POINT(100.02384179601268 0.4131242421575845),Ashley Smith Anderson,829012/9108223/1089230,207088390101,bumi-jaya-bahagia-sehat-apotik-medika,375
Surya Mutiara Bakti Resep Apotek Sejahtera,Jl. Sawah Cepat Komplek 44 Kota/Kabupaten HALMAHERA TENGAH Provinsi MALUKU UTARA,POINT(128.47121340026553 0.4233186178868102),Steve Martinez Thompson,137143/10857210/635597,1920316174108,surya-mutiara-bakti-resep-apotek-sejahtera,614
Medic Indah Resep Lestari Pharm Bersama,Jl. Ikan Tinggi Daerah 32 Kota/Kabupaten OGAN KOMERING ULU SELATAN Provinsi SUMATERA SELATAN,POINT(103.97485079550968 -4.52204995232348),John Johnson Jones,161990/912217/362474,842930302616,medic-indah-resep-lestari-pharm-bersama,26
Prima Resep Obat Medic Medika Pharm,Jl. Kucing Pintar Komplek 55 Kota/Kabupaten ACEH SELATAN Provinsi ACEH,POINT(97.31827970348336 3.403161892642199),Lauren Brown Johnson,6103631/2210149/569328,3636958100981,prima-resep-obat-medic-medika-pharm,64
Sentorsa Surya Mawar Surya Medika Sejahtera,Jl. Anjing Kecil Komplek 35 Kota/Kabupaten DOGIYAI Provinsi PAPUA,POINT(135.26645016698137 -4.137226555365491),Emily Brown Anderson,253109/895231/772353,1910083272000,sentorsa-surya-mawar-surya-medika-sejahtera,210
Jaya Prima Mawar Nusantara Pharm Medika,Jl. Mangga Pendek Komplek 24 Kota/Kabupaten ENDE Provinsi NUSA TENGGARA TIMUR,POINT(121.6598703655358 -8.784274536027745),Sarah Thomas Thompson,843291/192113/900325,3551007510108,jaya-prima-mawar-nusantara-pharm-medika,239
Sejahtera Murni Harmoni Farmasi Medik Apotik,Jl. Durian Sari Blok 100 Kota/Kabupaten BOLAANG MONGONDOW Provinsi SULAWESI UTARA,POINT(123.84601690979513 0.4869002911870765),Ashley Roberts Moore,311929/1032236/304704,10933869210102,sejahtera-murni-harmoni-farmasi-medik-apotik,583
Surya Tubuh Jaya Medical Farma Apotek,Jl. Kebun Cerdas Cluster 16 Kota/Kabupaten SEKADAU Provinsi KALIMANTAN BARAT,POINT(110.9782044698714 -0.2271774615494006),Lauren Hill Miller,157616/590225/167183,8110066067480,surya-tubuh-jaya-medical-farma-apotek,579
Prima Jaya Lestari Murni Apotik Pharm,Jl. Sawah Besar Wilayah 28 Kota/Kabupaten TANJUNG JABUNG BARAT Provinsi JAMBI,POINT(102.87408467279384 -1.0239589658021109),Mark Taylor Anderson,3110319/704626/617613,8085312781010,prima-jaya-lestari-murni-apotik-pharm,527
Farmasi Sejahtera Medic Medical Apotek Jaya,Jl. Gunung Cermat Komplek 12 Kota/Kabupaten KONAWE Provinsi SULAWESI TENGGARA,POINT(122.06211932975924 -3.786055743642878),Michael Clark Jones,955361/2361027/3810304,636099814917,farmasi-sejahtera-medic-medical-apotek-jaya,101
Amanah Toko Mutiara Indah Medika Sejahtera,Jl. Ikan Kecil Wilayah 64 Kota/Kabupaten PESISIR SELATAN Provinsi SUMATERA BARAT,POINT(100.61866234137236 -1.0858726720531031),Chris Johnson Thomas,7713910/3821080/486367,8111304322810,amanah-toko-mutiara-indah-medika-sejahtera,774
Tenaga Cemerlang Apotik Medic Sejahtera Sehat,Jl. Kota Sejahtera Wilayah 53 Kota/Kabupaten KOTAWARINGIN TIMUR Provinsi KALIMANTAN TENGAH,POINT(112.79405722876828 -1.5330152170014577),Brittany Jones Martinez,181541/266562/3310807,404107808023,tenaga-cemerlang-apotik-medic-sejahtera-sehat,572
Medic Prima Amanah Nusantara Bersama Apotek,Jl. Kuda Kecil Wilayah 32 Kota/Kabupaten PULANG PISAU Provinsi KALIMANTAN TENGAH,POINT(114.10728936340556 -3.1007210994976457),Katie Smith Wilson,701938/1210210/1000523,9737001038176,medic-prima-amanah-nusantara-bersama-apotek,268
Cemerlang Jaya Sehat Lestari Medik Apotik,Jl. Tembok Kecil Cluster 72 Kota/Kabupaten KONAWE Provinsi SULAWESI TENGGARA,POINT(122.130544149822 -3.858943281093065),Ashley Clark Jones,881700/206882/10231036,1561116101078,cemerlang-jaya-sehat-lestari-medik-apotik,153
Surya Surya Bakti Indah Apotik Farma,Jl. Sawah Besar Komplek 9 Kota/Kabupaten PASAMAN BARAT Provinsi SUMATERA BARAT,POINT(99.25259079376268 0.2706185935282086),John Roberts Miller,11001061/578602/835036,111180358610,surya-surya-bakti-indah-apotik-farma,489
Amanah Bahagia Bumi Sehat Bersama Sejahtera,Jl. Sawah Sejahtera Daerah 3 Kota/Kabupaten KETAPANG Provinsi KALIMANTAN BARAT,POINT(110.7436830219066 -1.3776648345838876),Jason Williams Taylor,104816/839126/7431023,82910403100120,amanah-bahagia-bumi-sehat-bersama-sejahtera,203
Medic Mutiara Bakti Jaya Sejahtera Medika,Jl. Tembok Pendek Komplek 44 Kota/Kabupaten SARMI Provinsi PAPUA,POINT(139.92288721083443 -2.410639302838291),Steve Anderson Brown,124860/662042/803089,21810104767230,medic-mutiara-bakti-jaya-sejahtera-medika,726
Prima Bahagia Medic Surya Medik Apotik,Jl. Kucing Cerah Blok 34 Kota/Kabupaten MOROWALI Provinsi SULAWESI TENGAH,POINT(121.84040332960132 -2.521500480235554),Jessica Roberts Miller,961486/738263/698236,7106020188295,prima-bahagia-medic-surya-medik-apotik,643
Tenaga Bumi Mutiara Prima Bersama Apotek,Jl. Gedung Jenius Cluster 84 Kota/Kabupaten KOTABARU Provinsi KALIMANTAN SELATAN,POINT(116.16625330715284 -3.0556185149628616),Emily Taylor Brown,9211101/267498/5107373,8434257711060,tenaga-bumi-mutiara-prima-bersama-apotek,777
Sentorsa Mutiara Toko Apotik Medika Sejahtera,Jl. Rambutan Pendek Cluster 43 Kota/Kabupaten BENGKAYANG Provinsi KALIMANTAN BARAT,POINT(108.93106749570268 0.6531511733377204),Katie Williams Miller,8107931/6100262/401311,725018460184,sentorsa-mutiara-toko-apotik-medika-sejahtera,532
Amanah Bakti Prima Kimia Sejahtera Apotik,Jl. Rambutan Sejahtera Wilayah 63 Kota/Kabupaten MALUKU TENGGARA BARAT Provinsi MALUKU,POINT(131.60704951618158 -7.373554307570194),Jessica Jackson Anderson,213179/258989/338360,3410209610877,amanah-bakti-prima-kimia-sejahtera-apotik,216
Berkah Harmoni Medic Bahagia Apotek Jaya,Jl. Sirih Pintar Cluster 32 Kota/Kabupaten EMPAT LAWANG Provinsi SUMATERA SELATAN,POINT(103.01819540177084 -3.631113957608826),Tom Roberts Martin,995416/8102713/1073732,1015998007056,berkah-harmoni-medic-bahagia-apotek-jaya,797
Kimia Nusantara Surya Indah Medik Sejahtera,Jl. Pisang Cermat Blok 57 Kota/Kabupaten OGAN KOMERING ULU Provinsi SUMATERA SELATAN,POINT(104.10954434781384 -4.094276330180268),Ashley Anderson Wilson,1070071/412632/392601,1104880643030,kimia-nusantara-surya-indah-medik-sejahtera,548
Tubuh Jaya Tenaga Bintang Sejahtera Medika,Jl. Gajah Sari Wilayah 27 Kota/Kabupaten MERAUKE Provinsi PAPUA,POINT(140.40812620470768 -7.173066802201982),Jessica Harris Thompson,119409/612319/110563,8335611100025,tubuh-jaya-tenaga-bintang-sejahtera-medika,250
Bahagia Obat Apotik Badan Sejahtera Medika,Jl. Jeruk Sari Daerah 12 Kota/Kabupaten MUSI RAWAS UTARA Provinsi SUMATERA SELATAN,POINT(102.19078936228917 -2.732800085398292),Allison Williams Moore,1101949/206227/346849,1760710440682,bahagia-obat-apotik-badan-sejahtera-medika,584
Obat Farmasi Kimia Sejahtera Bersama Sejahtera,Jl. Apel Indah Blok 39 Kota/Kabupaten KATINGAN Provinsi KALIMANTAN TENGAH,POINT(112.42947487336323 -1.136733610053037),Brittany Lewis Thomas,1091565/821704/9351026,434880362127,obat-farmasi-kimia-sejahtera-bersama-sejahtera,477
Bahagia Amanah Murni Sentorsa Sejahtera Bersama,Jl. Pisang Cerah Komplek 85 Kota/Kabupaten SINTANG Provinsi KALIMANTAN BARAT,POINT(111.80580141291232 0.1580832738616209),Rachel White Thomas,506314/2946100/290324,518200390777,bahagia-amanah-murni-sentorsa-sejahtera-bersama,331
Prima Mawar Amanah Toko Pharma Apotek,Jl. Gunung Sejahtera Wilayah 80 Kota/Kabupaten KUTAI BARAT Provinsi KALIMANTAN TIMUR,POINT(115.79967765213318 -0.1572128545146522),Steve Taylor Jones,397318/429296/7331006,701842476575,prima-mawar-amanah-toko-pharma-apotek,271
Farmasi Bumi Harmoni Jaya Medik Sejahtera,Jl. Gedung Pintar Wilayah 45 Kota/Kabupaten PEGUNUNGAN BINTANG Provinsi PAPUA,POINT(140.85662599967276 -4.533523638215308),Sarah Martinez Davis,427144/206582/573612,41005068510114,farmasi-bumi-harmoni-jaya-medik-sejahtera,648
Makmur Resep Bakti Bahagia Sejahtera Medik,Jl. Kuda Sari Cluster 31 Kota/Kabupaten AGAM Provinsi SUMATERA BARAT,POINT(100.39175459647387 -0.3266846124247049),David Hill Anderson,848180/5201060/773166,158102553377,makmur-resep-bakti-bahagia-sejahtera-medik,342
Bahagia Harmoni Tenaga Jaya Sehat Medika,Jl. Durian Kecil Blok 24 Kota/Kabupaten MAPPI Provinsi PAPUA,POINT(138.92747334038393 -6.934836620452645),Allison Martinez Jackson,348811/6010520/776132,501705848562,bahagia-harmoni-tenaga-jaya-sehat-medika,192
Surya Toko Sentorsa Berkah Bersama Medika,Jl. Durian Cerah Blok 37 Kota/Kabupaten ACEH TIMUR Provinsi ACEH,POINT(97.80844477527394 4.758545493766896),Rachel Smith Smith,3107111/787902/627033,10810866408140,surya-toko-sentorsa-berkah-bersama-medika,69
Murni Mawar Lestari Jaya Apotik Pharma,Jl. Sawah Besar Daerah 49 Kota/Kabupaten BIMA Provinsi NUSA TENGGARA BARAT,POINT(118.52953114000036 -8.729820587124753),Lauren White Jackson,714022/261816/329635,1225708106650,murni-mawar-lestari-jaya-apotik-pharma,588
Obat Sentorsa Murni Jaya Pharma Sejahtera,Jl. Tembok Pendek Komplek 31 Kota/Kabupaten KETAPANG Provinsi KALIMANTAN BARAT,POINT(110.2287422342924 -2.4130121786082714),Lauren Carter White,790213/260704/371833,378703191008,obat-sentorsa-murni-jaya-pharma-sejahtera,163
Makmur Berkah Medic Mutiara Pharma Pharm,Jl. Balai Jenius Wilayah 62 Kota/Kabupaten SANGGAU Provinsi KALIMANTAN BARAT,POINT(110.15265328751792 1.0650024817565065),Ashley Jackson Martinez,901528/279029/302093,899711212031,makmur-berkah-medic-mutiara-pharma-pharm,174
Badan Bahagia Jaya Amanah Jaya Apotek,Jl. Gedung Sejahtera Daerah 88 Kota/Kabupaten BANYUASIN Provinsi SUMATERA SELATAN,POINT(104.62695666664142 -2.056244420397705),Rachel Williams Robinson,1073125/48521010/3110216,4716104027809,badan-bahagia-jaya-amanah-jaya-apotek,179
Amanah Prima Mawar Badan Sehat Medika,Jl. Anjing Pendek Wilayah 34 Kota/Kabupaten KAIMANA Provinsi PAPUA BARAT,POINT(133.9560642452562 -3.042115405758873),Brittany Lewis Jackson,426810/124707/4286310,416303153198,amanah-prima-mawar-badan-sehat-medika,460
Apotik Surya Terang Nusantara Apotek Pharm,Jl. Gunung Cerdas Komplek 90 Kota/Kabupaten GARUT Provinsi JAWA BARAT,POINT(107.5125048320406 -7.419482723025002),Jessica Brown Davis,69101031/128697/51091037,8017104960248,apotik-surya-terang-nusantara-apotek-pharm,289
Badan Prima Indah Toko Farma Apotek,Jl. Kucing Kecil Daerah 46 Kota/Kabupaten YAHUKIMO Provinsi PAPUA,POINT(139.65089128102147 -4.046529543040763),Chris Jackson Martinez,597015/565302/639324,1628109952039,badan-prima-indah-toko-farma-apotek,427
Terang Bakti Mawar Jaya Sejahtera Medik,Jl. Jeruk Cepat Daerah 44 Kota/Kabupaten KOTA SAWAHLUNTO Provinsi SUMATERA BARAT,POINT(100.77794523914896 -0.7285762441061099),Rachel Jones Miller,990105/10581092/893033,451180975403,terang-bakti-mawar-jaya-sejahtera-medik,27
Berkah Indah Prima Badan Farma Apotek,Jl. Tembok Cermat Komplek 58 Kota/Kabupaten AGAM Provinsi SUMATERA BARAT,POINT(100.32522276460408 -0.351832797109834),Matt Brown White,545712/6210480/663483,110889184102100,berkah-indah-prima-badan-farma-apotek,198
Medical Surya Sejahtera Cemerlang Pharm Sehat,Jl. Kota Indah Blok 1 Kota/Kabupaten SUMENEP Provinsi JAWA TIMUR,POINT(113.88118068619782 -6.928726687583748),Chris Carter Jackson,61910100/254293/828236,2011201083813,medical-surya-sejahtera-cemerlang-pharm-sehat,487
Jaya Harmoni Bahagia Apotik Pharm Sejahtera,Jl. Gunung Indah Wilayah 28 Kota/Kabupaten LANNY JAYA Provinsi PAPUA,POINT(138.5221914716508 -3.8500928491648),Jason White Johnson,1717310/923265/1070993,882207941140,jaya-harmoni-bahagia-apotik-pharm-sejahtera,325
Indah Terang Prima Bahagia Farma Jaya,Jl. Gajah Cerah Cluster 3 Kota/Kabupaten CIAMIS Provinsi JAWA BARAT,POINT(108.31858405577154 -7.153539159368901),Megan White Harris,89101104/262383/570030,20620910221108,indah-terang-prima-bahagia-farma-jaya,590
Indah Badan Harmoni Tubuh Sehat Sejahtera,Jl. Sirih Kecil Cluster 46 Kota/Kabupaten SANGGAU Provinsi KALIMANTAN BARAT,POINT(110.72817967363648 0.682061678238151),Jessica Johnson Jackson,951240/614832/2310360,48110960100538,indah-badan-harmoni-tubuh-sehat-sejahtera,326
Sejahtera Sentorsa Terang Medical Medik Sejahtera,Jl. Kuda Pintar Komplek 3 Kota/Kabupaten OGAN KOMERING ILIR Provinsi SUMATERA SELATAN,POINT(104.87451249123724 -3.456571043805954),Steve Lewis Wilson,712256/228993/3322100,2610185025352,sejahtera-sentorsa-terang-medical-medik-sejahtera,207
Terang Tenaga Medical Prima Bersama Medik,Jl. Jeruk Kecil Cluster 35 Kota/Kabupaten MUARA ENIM Provinsi SUMATERA SELATAN,POINT(103.6437568380845 -3.514224953199453),Chris Nelson Anderson,1310877/724624/560731,790422204128,terang-tenaga-medical-prima-bersama-medik,172
Indah Mawar Tubuh Sejahtera Pharm Apotek,Jl. Gunung Besar Komplek 11 Kota/Kabupaten MUARO JAMBI Provinsi JAMBI,POINT(103.41496542487803 -1.9558565546401527),Lauren Roberts Garcia,541827/499216/435334,9721060827125,indah-mawar-tubuh-sejahtera-pharm-apotek,325
Obat Jaya Surya Tenaga Pharm Medika,Jl. Rambutan Sari Cluster 100 Kota/Kabupaten BATANGHARI Provinsi JAMBI,POINT(103.2309740885529 -2.015241148037028),Lauren Parker Jackson,316059/1017628/8451003,42701011028108,obat-jaya-surya-tenaga-pharm-medika,741
Medical Kimia Cemerlang Toko Sejahtera Medik,Jl. Rambutan Cerah Cluster 26 Kota/Kabupaten TAPIN Provinsi KALIMANTAN SELATAN,POINT(115.04499238015777 -2.795367517321596),Alex Nelson Anderson,1018215/119219/223720,200198148046,medical-kimia-cemerlang-toko-sejahtera-medik,348
Apotik Kimia Sentorsa Nusantara Apotik Medika,Jl. Kucing Pintar Daerah 5 Kota/Kabupaten BENGKALIS Provinsi RIAU,POINT(101.82425846543332 1.386620965222999),Michael Anderson Garcia,1591041/867217/1067333,1896100638468,apotik-kimia-sentorsa-nusantara-apotik-medika,584
Surya Toko Apotik Prima Jaya Sehat,Jl. Sawah Cerah Blok 19 Kota/Kabupaten PESISIR SELATAN Provinsi SUMATERA BARAT,POINT(101.09939611719308 -2.1149771704334537),Katie Thomas Thomas,1102941/527286/352675,536526007148,surya-toko-apotik-prima-jaya-sehat,250
Sehat Resep Tenaga Amanah Pharm Pharma,Jl. Kebun Cerah Wilayah 94 Kota/Kabupaten KATINGAN Provinsi KALIMANTAN TENGAH,POINT(113.27665110393448 -1.4537932526078432),Jason Clark Moore,552221/672764/2510337,80211081105078,sehat-resep-tenaga-amanah-pharm-pharma,122
Terang Indah Sentorsa Surya Pharma Sejahtera,Jl. Balai Pendek Wilayah 63 Kota/Kabupaten MAMBERAMO RAYA Provinsi PAPUA,POINT(138.67116861888687 -2.797209511261176),Lauren Taylor Smith,146074/767492/332522,4740710833641,terang-indah-sentorsa-surya-pharma-sejahtera,53
Sejahtera Medic Obat Makmur Farma Medika,Jl. Kuda Pintar Cluster 78 Kota/Kabupaten PELALAWAN Provinsi RIAU,POINT(101.70508543591008 -0.1698353070989711),Katie Williams Harris,126443/1038213/30710101,8506108820106,sejahtera-medic-obat-makmur-farma-medika,802
Jaya Bahagia Bakti Obat Medik Pharm,Jl. Gedung Besar Wilayah 36 Kota/Kabupaten JAYAPURA Provinsi PAPUA,POINT(140.53060614952403 -2.5671699777439514),Emily Nelson Wilson,741415/721990/618369,5182105203984,jaya-bahagia-bakti-obat-medik-pharm,295
Kimia Apotik Cemerlang Surya Medika Apotek,Jl. Gunung Jenius Blok 24 Kota/Kabupaten DEIYAI Provinsi PAPUA,POINT(136.2982446450253 -4.204134082304792),Katie Brown Miller,155109/10102272/636878,411189002010,kimia-apotik-cemerlang-surya-medika-apotek,561
Mutiara Jaya Prima Bintang Farma Medika,Jl. Sirih Kecil Daerah 39 Kota/Kabupaten KONAWE KEPULAUAN Provinsi SULAWESI TENGGARA,POINT(123.0528069212856 -4.141010184559483),Jason Thomas Davis,5101558/497132/703884,7406811020396,mutiara-jaya-prima-bintang-farma-medika,131
Medic Tubuh Sehat Mawar Sejahtera Sejahtera,Jl. Mangga Pendek Cluster 21 Kota/Kabupaten PUNCAK JAYA Provinsi PAPUA,POINT(138.2463328895409 -3.6389079024194784),Steve White Taylor,869631/136245/136153,2801240841100,medic-tubuh-sehat-mawar-sejahtera-sejahtera,68
Jaya Surya Terang Lestari Medika Apotik,Jl. Rambutan Kecil Komplek 53 Kota/Kabupaten KOTABARU Provinsi KALIMANTAN SELATAN,POINT(115.91930988647604 -2.793836172890659),Steve Anderson Jackson,17010310/205246/765436,200148814811,jaya-surya-terang-lestari-medika-apotik,232
Resep Terang Sejahtera Murni Medik Bersama,Jl. Gunung Kecil Daerah 4 Kota/Kabupaten MANOKWARI Provinsi PAPUA BARAT,POINT(134.07290023198382 -0.8164569215105892),Brittany Nelson Miller,291028/827543/2384101,334180027985,resep-terang-sejahtera-murni-medik-bersama,362
Makmur Cemerlang Surya Sehat Sehat Pharm,Jl. Gajah Sejahtera Wilayah 44 Kota/Kabupaten SOLOK Provinsi SUMATERA BARAT,POINT(101.15105375701413 -1.0462344724909285),Katie Carter Jackson,5361105/683332/315161,20100105658610,makmur-cemerlang-surya-sehat-sehat-pharm,44
Jaya Toko Tenaga Sejahtera Apotik Sejahtera,Jl. Kuda Pendek Cluster 38 Kota/Kabupaten SINTANG Provinsi KALIMANTAN BARAT,POINT(111.3744027096252 0.2205424103070026),Jason Thomas White,139665/7108210/370935,9210938701488,jaya-toko-tenaga-sejahtera-apotik-sejahtera,672
Nusantara Surya Bintang Prima Sejahtera Pharm,Jl. Balai Kecil Cluster 21 Kota/Kabupaten ASMAT Provinsi PAPUA,POINT(138.8468676546609 -5.722435572236637),Rachel Roberts Anderson,10741010/8294610/65108310,39303908106110,nusantara-surya-bintang-prima-sejahtera-pharm,566
Sehat Medical Indah Amanah Sejahtera Sehat,Jl. Gedung Cerah Daerah 90 Kota/Kabupaten KAPUAS HULU Provinsi KALIMANTAN BARAT,POINT(111.98105162853908 1.0824521030683876),Michael Hill Anderson,828241/1062222/81710103,81410972030103,sehat-medical-indah-amanah-sejahtera-sehat,468
Medical Amanah Badan Toko Bersama Sejahtera,Jl. Mangga Cepat Daerah 6 Kota/Kabupaten LEMBATA Provinsi NUSA TENGGARA TIMUR,POINT(122.94135079237772 -8.307826601442063),Emily Jackson Johnson,187030/524179/7910339,898063554641,medical-amanah-badan-toko-bersama-sejahtera,430
Terang Sehat Amanah Harmoni Jaya Apotik,Jl. Balai Sari Blok 73 Kota/Kabupaten KEPULAUAN ARU Provinsi MALUKU,POINT(134.46583072348662 -5.594422832917989),Steve Johnson Jackson,2187101/864122/274643,872168029703,terang-sehat-amanah-harmoni-jaya-apotik,121
Makmur Terang Bintang Farmasi Sejahtera Apotek,Jl. Duku Kecil Wilayah 29 Kota/Kabupaten BULUNGAN Provinsi KALIMANTAN UTARA,POINT(116.46721288519228 2.3780041163978822),Jason Adams Williams,211096/320325/2395810,385816582080,makmur-terang-bintang-farmasi-sejahtera-apotek,257
Surya Prima Obat Makmur Bersama Sejahtera,Jl. Sirih Kecil Daerah 87 Kota/Kabupaten SIMALUNGUN Provinsi SUMATERA UTARA,POINT(99.28434953104228 3.197273004686972),Brittany Johnson Robinson,2711059/382298/5810836,780896771730,surya-prima-obat-makmur-bersama-sejahtera,847
Bumi Toko Sejahtera Kimia Medika Sehat,Jl. Apel Besar Komplek 55 Kota/Kabupaten KUPANG Provinsi NUSA TENGGARA TIMUR,POINT(123.85938066715708 -10.330532482867044),Michael Hill Taylor,127390/575925/1087372,193508356886,bumi-toko-sejahtera-kimia-medika-sehat,993
Resep Makmur Murni Bintang Apotek Pharm,Jl. Durian Jenius Blok 82 Kota/Kabupaten KEEROM Provinsi PAPUA,POINT(140.62151686262598 -3.534557707858373),Katie Martinez Thomas,173225/202212/3901065,601200358800,resep-makmur-murni-bintang-apotek-pharm,87
Cemerlang Berkah Bumi Murni Bersama Pharma,Jl. Ikan Kecil Daerah 64 Kota/Kabupaten MAMBERAMO RAYA Provinsi PAPUA,POINT(138.4117158439903 -3.1637621194537617),Alex Smith Anderson,1102475/7810272/254335,328807104790,cemerlang-berkah-bumi-murni-bersama-pharma,923
Bakti Murni Harmoni Jaya Sehat Sejahtera,Jl. Kota Pendek Cluster 97 Kota/Kabupaten SIJUNJUNG Provinsi SUMATERA BARAT,POINT(100.90730124192166 -0.4581460192558992),Megan Smith Jones,5101050/700823/634762,481310806880,bakti-murni-harmoni-jaya-sehat-sejahtera,491
Indah Harmoni Surya Makmur Bersama Sejahtera,Jl. Tembok Indah Cluster 46 Kota/Kabupaten MAJALENGKA Provinsi JAWA BARAT,POINT(108.22976059910204 -6.64643675867884),Steve Jones Anderson,901722/137172/535841,9807680311098,indah-harmoni-surya-makmur-bersama-sejahtera,278
Makmur Amanah Prima Mawar Sehat Pharm,Jl. Ikan Kecil Komplek 70 Kota/Kabupaten LANGKAT Provinsi SUMATERA UTARA,POINT(98.53300407995437 3.9120510368044368),Jason Carter Jackson,4410512/239167/922436,2334104100028,makmur-amanah-prima-mawar-sehat-pharm,176
Sehat Mutiara Sentorsa Jaya Sejahtera Apotik,Jl. Tembok Tinggi Komplek 35 Kota/Kabupaten NAGAN RAYA Provinsi ACEH,POINT(96.6562083288554 4.077736450627656),Sarah Anderson Anderson,10910146/291635/6038103,8855811081830,sehat-mutiara-sentorsa-jaya-sejahtera-apotik,583
Prima Makmur Obat Bahagia Jaya Medik,Jl. Jeruk Sari Daerah 36 Kota/Kabupaten JAYAPURA Provinsi PAPUA,POINT(139.9139876166464 -3.107360225437411),Brittany Anderson Wilson,655113/802268/338781,813706576364,prima-makmur-obat-bahagia-jaya-medik,295
Toko Bumi Medical Kimia Sejahtera Sehat,Jl. Apel Kecil Wilayah 80 Kota/Kabupaten SORONG Provinsi PAPUA BARAT,POINT(131.90378856834994 -0.9064547323595952),Mark Williams Wilson,1041661/7362210/403029,423805331455,toko-bumi-medical-kimia-sejahtera-sehat,286
Nusantara Bahagia Jaya Tenaga Medika Apotik,Jl. Duku Kecil Komplek 44 Kota/Kabupaten MUSI BANYUASIN Provinsi SUMATERA SELATAN,POINT(103.945975654639 -2.848693300792535),Jason Hill Martinez,104376/822929/837155,80317328101010,nusantara-bahagia-jaya-tenaga-medika-apotik,660
Tubuh Badan Lestari Medic Sejahtera Pharma,Jl. Jeruk Cepat Blok 87 Kota/Kabupaten MOROWALI Provinsi SULAWESI TENGAH,POINT(121.65440798913836 -2.202463236836188),Lauren Taylor Thomas,144521/1810852/1027433,1107789604405,tubuh-badan-lestari-medic-sejahtera-pharma,810
Mutiara Terang Prima Mawar Sejahtera Bersama,Jl. Sawah Cepat Cluster 49 Kota/Kabupaten GUNUNG MAS Provinsi KALIMANTAN TENGAH,POINT(113.60969635912927 -0.9748712284190972),Matt Roberts Garcia,10721100/842432/101010763,388722102331,mutiara-terang-prima-mawar-sejahtera-bersama,214
Sentorsa Jaya Obat Mutiara Sejahtera Pharma,Jl. Duku Cerdas Cluster 9 Kota/Kabupaten KOTA KENDARI Provinsi SULAWESI TENGGARA,POINT(122.466520918176 -3.963567885121111),Alex Johnson Martin,5017510/602267/9103839,2773411810099,sentorsa-jaya-obat-mutiara-sejahtera-pharma,296
Mawar Sentorsa Tenaga Medical Jaya Farma,Jl. Sirih Kecil Daerah 2 Kota/Kabupaten KUANTAN SINGINGI Provinsi RIAU,POINT(101.499484704841 -0.7507050895422527),Emily Lewis Taylor,753841/8599102/361089,848718958008,mawar-sentorsa-tenaga-medical-jaya-farma,222
Mutiara Cemerlang Tenaga Tubuh Sehat Sejahtera,Jl. Gunung Sari Daerah 36 Kota/Kabupaten PEKALONGAN Provinsi JAWA TENGAH,POINT(109.55034228494056 -7.129139330318438),Matt Johnson Brown,651981/4210695/1023450,8010719747884,mutiara-cemerlang-tenaga-tubuh-sehat-sejahtera,33
Nusantara Mutiara Toko Medical Jaya Medik,Jl. Kota Sejahtera Komplek 75 Kota/Kabupaten WAJO Provinsi SULAWESI SELATAN,POINT(120.24666046715078 -4.173259346221382),Jessica Williams Johnson,297616/772626/482473,4610889130267,nusantara-mutiara-toko-medical-jaya-medik,216
Cemerlang Surya Sentorsa Lestari Jaya Medika,Jl. Kucing Cermat Komplek 45 Kota/Kabupaten LABUHANBATU UTARA Provinsi SUMATERA UTARA,POINT(99.79512764055272 2.3909055203134937),Alex Martinez Robinson,177966/39210210/650731,10482603510188,cemerlang-surya-sentorsa-lestari-jaya-medika,113
Surya Mawar Bahagia Obat Pharma Bersama,Jl. Durian Pendek Komplek 4 Kota/Kabupaten KARAWANG Provinsi JAWA BARAT,POINT(107.2764470548194 -6.025600504490918),Megan Johnson Miller,7971031/113782/345497,1085128340474,surya-mawar-bahagia-obat-pharma-bersama,109
Jaya Sehat Kimia Nusantara Farma Apotek,Jl. Ikan Pendek Wilayah 34 Kota/Kabupaten BARITO SELATAN Provinsi KALIMANTAN TENGAH,POINT(115.08132531364512 -1.5538263044949332),John Clark Miller,235194/106243/1035350,2751007199389,jaya-sehat-kimia-nusantara-farma-apotek,236
Makmur Bintang Medical Surya Medik Farma,Jl. Apel Besar Daerah 61 Kota/Kabupaten KOTAWARINGIN TIMUR Provinsi KALIMANTAN TENGAH,POINT(112.97382242310306 -3.182270190723682),Katie Anderson Garcia,9109561/5492210/3033710,5071245180100,makmur-bintang-medical-surya-medik-farma,370
Badan Medic Obat Surya Sehat Medik,Jl. Rambutan Pintar Daerah 66 Kota/Kabupaten PELALAWAN Provinsi RIAU,POINT(102.35648886413462 0.3796278540259212),Jason Jackson Johnson,723118/9101582/9310144,9201817101282,badan-medic-obat-surya-sehat-medik,655
Bahagia Prima Tubuh Badan Jaya Sehat,Jl. Kota Jenius Blok 12 Kota/Kabupaten INDRAGIRI HILIR Provinsi RIAU,POINT(103.46443062806584 0.2230985700701531),Allison Williams Harris,519218/283628/535569,6087010831025,bahagia-prima-tubuh-badan-jaya-sehat,935
Lestari Badan Sejahtera Mutiara Jaya Bersama,Jl. Kuda Sari Daerah 28 Kota/Kabupaten MANGGARAI TIMUR Provinsi NUSA TENGGARA TIMUR,POINT(120.64476878593422 -8.33259025496804),Allison Clark Smith,404351/244921/936996,7111080299350,lestari-badan-sejahtera-mutiara-jaya-bersama,150
Sehat Mutiara Resep Prima Apotek Medik,Jl. Balai Pendek Cluster 18 Kota/Kabupaten MIMIKA Provinsi PAPUA,POINT(136.28810830114907 -4.301186125927247),Mark Smith White,409182/480268/584730,814698031260,sehat-mutiara-resep-prima-apotek-medik,104
Makmur Sehat Jaya Sejahtera Jaya Medika,Jl. Tembok Kecil Daerah 80 Kota/Kabupaten OGAN KOMERING ULU SELATAN Provinsi SUMATERA SELATAN,POINT(103.91767791138795 -4.456294297425007),Tom Taylor Jackson,10105681/8025108/903453,572825160304,makmur-sehat-jaya-sejahtera-jaya-medika,15
Terang Apotik Surya Bintang Sehat Sejahtera,Jl. Ikan Cepat Blok 39 Kota/Kabupaten MAMBERAMO RAYA Provinsi PAPUA,POINT(137.69843490014617 -2.511158035821481),Steve Jones Harris,159844/258729/2093105,587188579022,terang-apotik-surya-bintang-sehat-sejahtera,808
Sejahtera Medical Jaya Bahagia Bersama Jaya,Jl. Rambutan Jenius Cluster 85 Kota/Kabupaten MURUNG RAYA Provinsi KALIMANTAN TENGAH,POINT(114.03908031368036 -0.367837083813054),Brittany Taylor Martinez,351648/690271/349779,200118088767,sejahtera-medical-jaya-bahagia-bersama-jaya,371
Farmasi Medic Makmur Mutiara Pharma Bersama,Jl. Rambutan Pendek Cluster 18 Kota/Kabupaten BOVEN DIGOEL Provinsi PAPUA,POINT(140.21017703914697 -6.706002216368063),Sarah Jones Davis,313681/447125/5438103,584202185400,farmasi-medic-makmur-mutiara-pharma-bersama,809
Jaya Mawar Badan Farmasi Sehat Apotik,Jl. Anjing Cerah Daerah 71 Kota/Kabupaten OGAN ILIR Provinsi SUMATERA SELATAN,POINT(104.61907039173538 -3.446730087602816),Allison Parker Martin,173422/611724/362707,8560027111078,jaya-mawar-badan-farmasi-sehat-apotik,76
Bakti Bahagia Jaya Tenaga Apotek Medika,Jl. Mangga Cermat Cluster 26 Kota/Kabupaten MURUNG RAYA Provinsi KALIMANTAN TENGAH,POINT(114.27097669781172 -0.8181143489212008),Lauren Williams Davis,7122610/2910263/3119105,8629068072110,bakti-bahagia-jaya-tenaga-apotek-medika,308
Amanah Obat Berkah Jaya Apotik Pharma,Jl. Kebun Cerah Komplek 8 Kota/Kabupaten MAPPI Provinsi PAPUA,POINT(140.00029852958642 -6.796610380648596),Brittany Taylor Martinez,1710950/21010013/10361014,737801372853,amanah-obat-berkah-jaya-apotik-pharma,133
Sentorsa Amanah Sehat Bintang Pharm Apotek,Jl. Anjing Sari Wilayah 45 Kota/Kabupaten YALIMO Provinsi PAPUA,POINT(139.71102909425292 -3.743005884126041),Brittany Brown Williams,711534/293085/1034183,5140012011058,sentorsa-amanah-sehat-bintang-pharm-apotek,785
Terang Farmasi Lestari Indah Jaya Farma,Jl. Jeruk Indah Blok 66 Kota/Kabupaten DONGGALA Provinsi SULAWESI TENGAH,POINT(119.56514777528072 -0.9515759741200488),Sarah Carter Anderson,6212510/8102273/813314,9938011003170,terang-farmasi-lestari-indah-jaya-farma,233
Bintang Apotik Amanah Makmur Pharma Farma,Jl. Gedung Kecil Daerah 24 Kota/Kabupaten GARUT Provinsi JAWA BARAT,POINT(107.73342150435802 -7.469879197513284),Sarah White Wilson,721484/389132/308733,51238451010032,bintang-apotik-amanah-makmur-pharma-farma,152
Cemerlang Farmasi Medical Amanah Medika Apotek,Jl. Ikan Kecil Blok 30 Kota/Kabupaten WAKATOBI Provinsi SULAWESI TENGGARA,POINT(123.5288404503375 -5.372593422347709),Emily Anderson Thomas,4054110/422466/3710656,8930191010348,cemerlang-farmasi-medical-amanah-medika-apotek,402
Medical Bahagia Makmur Sehat Apotek Sehat,Jl. Jeruk Cerdas Blok 35 Kota/Kabupaten YAHUKIMO Provinsi PAPUA,POINT(139.54029610161174 -4.99186024955614),Tom Jackson Smith,316076/290554/938072,148057107107100,medical-bahagia-makmur-sehat-apotek-sehat,414
Murni Bintang Medical Farmasi Apotek Medika,Jl. Gunung Tinggi Komplek 26 Kota/Kabupaten TAMBRAUW Provinsi PAPUA BARAT,POINT(132.98996206553466 -0.7929537555034312),Rachel Lewis Brown,2710018/5221047/9101239,107316707884,murni-bintang-medical-farmasi-apotek-medika,661
Bakti Tubuh Harmoni Sejahtera Sehat Jaya,Jl. Durian Pendek Cluster 35 Kota/Kabupaten KERINCI Provinsi JAMBI,POINT(101.61399176930745 -2.148187368305427),Tom Williams Garcia,4221910/240840/155367,8061014883109,bakti-tubuh-harmoni-sejahtera-sehat-jaya,213
Sejahtera Mutiara Kimia Terang Sehat Sejahtera,Jl. Jeruk Cepat Wilayah 34 Kota/Kabupaten MURUNG RAYA Provinsi KALIMANTAN TENGAH,POINT(114.91217682030516 0.4089063458145894),Steve Parker Thomas,3518110/363211/1137010,14013058181010,sejahtera-mutiara-kimia-terang-sehat-sejahtera,51
Prima Bahagia Tubuh Mawar Apotek Farma,Jl. Gunung Tinggi Wilayah 3 Kota/Kabupaten KETAPANG Provinsi KALIMANTAN BARAT,POINT(110.13972709704694 -1.6310317539376695),David Jones Johnson,102104/212704/6691003,504866013950,prima-bahagia-tubuh-mawar-apotek-farma,923
Kimia Tubuh Cemerlang Indah Pharma Farma,Jl. Rambutan Sari Wilayah 48 Kota/Kabupaten MAHAKAM ULU Provinsi KALIMANTAN TIMUR,POINT(114.99942170218895 0.2640798704745233),Tom Harris Jackson,761832/842171/617063,781695658309,kimia-tubuh-cemerlang-indah-pharma-farma,73
Nusantara Terang Sehat Bumi Apotik Sejahtera,Jl. Gunung Pendek Wilayah 70 Kota/Kabupaten KEPULAUAN ANAMBAS Provinsi KEPULAUAN RIAU,POINT(105.7112993610355 3.091212457200376),Alex Adams Moore,695391/7235710/363933,148160986240,nusantara-terang-sehat-bumi-apotik-sejahtera,212
Bahagia Mawar Bumi Cemerlang Sejahtera Apotek,Jl. Gunung Besar Daerah 84 Kota/Kabupaten KETAPANG Provinsi KALIMANTAN BARAT,POINT(110.50936027933956 -0.5405159755538307),John Parker Jones,471348/3291104/435843,81173818010101,bahagia-mawar-bumi-cemerlang-sejahtera-apotek,74
Farmasi Jaya Amanah Nusantara Sejahtera Medik,Jl. Gajah Besar Cluster 72 Kota/Kabupaten BIREUEN Provinsi ACEH,POINT(96.44283312389986 5.184020332959511),Rachel Brown Jones,1001441/423068/899334,39100110084312,farmasi-jaya-amanah-nusantara-sejahtera-medik,80
Tenaga Sejahtera Nusantara Bumi Apotek Medika,Jl. Sawah Sejahtera Daerah 39 Kota/Kabupaten BENGKALIS Provinsi RIAU,POINT(101.6359358334413 2.001417528066209),Ashley Nelson Johnson,1051090/122269/930776,8101401874964,tenaga-sejahtera-nusantara-bumi-apotek-medika,103
Murni Amanah Surya Jaya Farma Sejahtera,Jl. Jeruk Cerah Komplek 22 Kota/Kabupaten POSO Provinsi SULAWESI TENGAH,POINT(120.58888912402548 -1.7724214712015929),Chris Brown Smith,857818/230989/357635,107186851088,murni-amanah-surya-jaya-farma-sejahtera,14
Farmasi Obat Medic Terang Medik Pharma,Jl. Pisang Jenius Komplek 83 Kota/Kabupaten TANAH BUMBU Provinsi KALIMANTAN SELATAN,POINT(115.8874617138173 -3.1770966637396763),Emily Harris Martinez,137118/421091/629831,340582319414,farmasi-obat-medic-terang-medik-pharma,421
Sentorsa Kimia Tenaga Surya Sejahtera Medik,Jl. Rambutan Jenius Cluster 27 Kota/Kabupaten PASAMAN Provinsi SUMATERA BARAT,POINT(99.80667680655256 0.3061429567357443),Tom Thomas Smith,106166/208924/487063,899012009611,sentorsa-kimia-tenaga-surya-sejahtera-medik,118
Badan Terang Tubuh Harmoni Sehat Farma,Jl. Sawah Cepat Wilayah 63 Kota/Kabupaten SUMBAWA Provinsi NUSA TENGGARA BARAT,POINT(117.54758111230387 -8.44657701653127),Rachel Smith Davis,541597/462593/9410853,311700388318,badan-terang-tubuh-harmoni-sehat-farma,382
Murni Apotik Obat Mutiara Sejahtera Bersama,Jl. Durian Cerah Daerah 72 Kota/Kabupaten ASAHAN Provinsi SUMATERA UTARA,POINT(99.93789990498804 2.822504607406193),Rachel Parker Smith,1135910/703312/353716,1047867718009,murni-apotik-obat-mutiara-sejahtera-bersama,410
Bintang Tubuh Bumi Berkah Pharm Sehat,Jl. Jeruk Sari Blok 74 Kota/Kabupaten MAMBERAMO RAYA Provinsi PAPUA,POINT(137.86964276572556 -2.1412940200405157),Lauren Thomas Miller,2102531/2541099/9010367,8860010238321,bintang-tubuh-bumi-berkah-pharm-sehat,322
Resep Surya Bahagia Badan Pharma Apotek,Jl. Gunung Pendek Daerah 86 Kota/Kabupaten NUNUKAN Provinsi KALIMANTAN UTARA,POINT(115.62716888531295 3.801548516878645),David Parker Moore,718501/594521/8105633,110124782781,resep-surya-bahagia-badan-pharma-apotek,103
Amanah Medical Kimia Harmoni Pharm Farma,Jl. Duku Tinggi Wilayah 7 Kota/Kabupaten NDUGA Provinsi PAPUA,POINT(138.35021260917074 -4.545949961831046),Mark Jackson Martin,1090361/8152610/984053,1032809147595,amanah-medical-kimia-harmoni-pharm-farma,76
Cemerlang Berkah Apotik Surya Farma Jaya,Jl. Kucing Sejahtera Daerah 53 Kota/Kabupaten SERUYAN Provinsi KALIMANTAN TENGAH,POINT(112.41507315102274 -2.980835476486852),Ashley Hill Smith,121002/262099/4342103,8109569032191,cemerlang-berkah-apotik-surya-farma-jaya,220
Kimia Prima Bintang Indah Sehat Pharm,Jl. Sirih Indah Wilayah 10 Kota/Kabupaten BENGKAYANG Provinsi KALIMANTAN BARAT,POINT(108.99657038471008 0.7065674553709087),Chris Jackson Jackson,9104106/4286102/375384,8401184578010,kimia-prima-bintang-indah-sehat-pharm,957
Resep Harmoni Nusantara Bumi Bersama Pharma,Jl. Duku Cerah Blok 26 Kota/Kabupaten KUTAI TIMUR Provinsi KALIMANTAN TIMUR,POINT(116.1407881222458 1.086934865605448),Ashley Carter Smith,412897/356207/504443,9510553100180,resep-harmoni-nusantara-bumi-bersama-pharma,90
Surya Bintang Medic Berkah Farma Sehat,Jl. Rambutan Kecil Cluster 59 Kota/Kabupaten MALINAU Provinsi KALIMANTAN UTARA,POINT(115.76331462583252 2.7926538814239272),Michael Roberts Jackson,179113/8772010/629363,3091196108054,surya-bintang-medic-berkah-farma-sehat,521
Jaya Sentorsa Sejahtera Prima Sejahtera Pharm,Jl. Anjing Cerah Wilayah 65 Kota/Kabupaten BUNGO Provinsi JAMBI,POINT(102.1812246605962 -1.7576344730650373),Steve Harris Thompson,914607/51001027/973914,4018030381061,jaya-sentorsa-sejahtera-prima-sejahtera-pharm,180
Bahagia Resep Badan Mutiara Apotek Farma,Jl. Mangga Pendek Komplek 9 Kota/Kabupaten MAYBRAT Provinsi PAPUA BARAT,POINT(132.54273173204808 -1.5001186340014652),Sarah Carter Jones,803153/329634/153518,51811055881080,bahagia-resep-badan-mutiara-apotek-farma,463
Mawar Sejahtera Tubuh Farmasi Bersama Pharma,Jl. Gajah Cerah Blok 64 Kota/Kabupaten SINTANG Provinsi KALIMANTAN BARAT,POINT(111.67480593178156 0.558358561359384),David Thomas Robinson,781874/622825/674311,1021009040108,mawar-sejahtera-tubuh-farmasi-bersama-pharma,407
Medical Sejahtera Toko Bintang Sejahtera Sehat,Jl. Ikan Pintar Daerah 44 Kota/Kabupaten PASER Provinsi KALIMANTAN TIMUR,POINT(115.90934702754473 -1.9392734020360471),Megan Martinez Anderson,814754/410237/954113,8928108000914,medical-sejahtera-toko-bintang-sejahtera-sehat,940
Sejahtera Mutiara Jaya Badan Pharm Bersama,Jl. Kota Sejahtera Blok 61 Kota/Kabupaten MAMBERAMO RAYA Provinsi PAPUA,POINT(137.47258612233816 -2.04180519537195),Alex Parker Robinson,817439/583792/1710395,686310057415,sejahtera-mutiara-jaya-badan-pharm-bersama,68
Harmoni Amanah Sentorsa Makmur Bersama Pharma,Jl. Durian Pintar Wilayah 37 Kota/Kabupaten OGAN KOMERING ILIR Provinsi SUMATERA SELATAN,POINT(105.1203943747884 -3.5904717720493267),Jason Jones Martinez,212532/873728/5464310,4804810106107,harmoni-amanah-sentorsa-makmur-bersama-pharma,380
Jaya Badan Kimia Harmoni Apotik Bersama,Jl. Sirih Cerah Blok 6 Kota/Kabupaten KAMPAR Provinsi RIAU,POINT(101.30138982367076 0.7642164153953868),Brittany Johnson Martin,801928/2541002/134013,10280810012198,jaya-badan-kimia-harmoni-apotik-bersama,66
Tenaga Prima Nusantara Surya Farma Apotik,Jl. Kucing Sari Daerah 70 Kota/Kabupaten PASER Provinsi KALIMANTAN TIMUR,POINT(115.8040769424791 -1.8673497439305395),Lauren White Anderson,184960/38210104/783973,894470212044,tenaga-prima-nusantara-surya-farma-apotik,809
Kimia Prima Mawar Medic Medik Sejahtera,Jl. Anjing Cerah Daerah 25 Kota/Kabupaten SAROLANGUN Provinsi JAMBI,POINT(102.410634918147 -2.681738848474092),David Smith Harris,461982/6621006/1039110,86110901110119,kimia-prima-mawar-medic-medik-sejahtera,340
Prima Farmasi Nusantara Amanah Sejahtera Bersama,Jl. Durian Cerdas Daerah 98 Kota/Kabupaten YAHUKIMO Provinsi PAPUA,POINT(139.62431018522875 -4.860508715760981),Allison Jackson Wilson,103591/954203/798093,134050760802,prima-farmasi-nusantara-amanah-sejahtera-bersama,6
Bintang Prima Makmur Obat Sejahtera Bersama,Jl. Gajah Cermat Komplek 84 Kota/Kabupaten INDRAGIRI HILIR Provinsi RIAU,POINT(103.39433365197364 0.4241270892801765),Steve Taylor Jones,1044516/2179104/3196310,21003838110180,bintang-prima-makmur-obat-sejahtera-bersama,324
Surya Mutiara Harmoni Medic Apotik Sejahtera,Jl. Sawah Cerah Blok 21 Kota/Kabupaten MERAUKE Provinsi PAPUA,POINT(140.16109627049144 -7.394119303773789),Michael Parker Smith,3411003/424096/320201,9841266101082,surya-mutiara-harmoni-medic-apotik-sejahtera,718
Makmur Farmasi Bahagia Terang Bersama Sejahtera,Jl. Anjing Cermat Daerah 4 Kota/Kabupaten BENGKALIS Provinsi RIAU,POINT(101.45530657559291 1.2257086072380332),Michael Jackson Moore,9211031/1022187/3807210,143121818040,makmur-farmasi-bahagia-terang-bersama-sejahtera,266
Bahagia Terang Tubuh Medic Sejahtera Pharma,Jl. Duku Sejahtera Blok 90 Kota/Kabupaten HALMAHERA UTARA Provinsi MALUKU UTARA,POINT(128.00833877628347 1.4425764277618214),Alex Smith Taylor,107401/221920/9310792,9851030759192,bahagia-terang-tubuh-medic-sejahtera-pharma,535
Medic Berkah Amanah Mutiara Apotik Medik,Jl. Sirih Besar Daerah 71 Kota/Kabupaten LIMA PULUH KOTA Provinsi SUMATERA BARAT,POINT(100.71421565205992 0.0439775304096947),Ashley Nelson Robinson,8210107/205101/391483,81042152931090,medic-berkah-amanah-mutiara-apotik-medik,832
Prima Badan Sejahtera Sentorsa Sehat Pharma,Jl. Duku Cepat Wilayah 18 Kota/Kabupaten MERAUKE Provinsi PAPUA,POINT(140.58176447844104 -8.406789508229199),John Lewis Jones,17071010/4671022/946373,812714729630,prima-badan-sejahtera-sentorsa-sehat-pharma,96
Medic Cemerlang Apotik Indah Pharm Sejahtera,Jl. Gajah Tinggi Wilayah 74 Kota/Kabupaten MADIUN Provinsi JAWA TIMUR,POINT(111.50011118800866 -7.650509746159951),John Anderson Jones,918800/2010150/6510320,10010902018368,medic-cemerlang-apotik-indah-pharm-sejahtera,630
Prima Kimia Medic Indah Medik Medika,Jl. Ikan Besar Blok 87 Kota/Kabupaten SORONG Provinsi PAPUA BARAT,POINT(131.0019354842636 -1.2139327629226422),Brittany Adams Anderson,4571041/2452102/963866,311335681014,prima-kimia-medic-indah-medik-medika,97
Harmoni Jaya Mutiara Murni Jaya Bersama,Jl. Sawah Indah Cluster 80 Kota/Kabupaten TELUK BINTUNI Provinsi PAPUA BARAT,POINT(132.78095200754495 -1.502535460639466),Sarah Adams Williams,1049416/2964110/3104135,800730570168,harmoni-jaya-mutiara-murni-jaya-bersama,409
Bakti Farmasi Prima Apotik Pharm Bersama,Jl. Balai Jenius Blok 9 Kota/Kabupaten BARITO SELATAN Provinsi KALIMANTAN TENGAH,POINT(114.92760220359068 -1.4598489149335432),Megan Brown Anderson,310311/242712/605839,1089710069990,bakti-farmasi-prima-apotik-pharm-bersama,881
Indah Bakti Badan Surya Pharm Farma,Jl. Kucing Sari Wilayah 83 Kota/Kabupaten DEIYAI Provinsi PAPUA,POINT(136.11520371450865 -4.188414225387571),Mark Johnson Thomas,5798101/856472/3810574,810610042357,indah-bakti-badan-surya-pharm-farma,403
Kimia Tenaga Mawar Cemerlang Jaya Sejahtera,Jl. Ikan Cermat Wilayah 38 Kota/Kabupaten KAPUAS HULU Provinsi KALIMANTAN BARAT,POINT(112.26714569639095 1.008371335779957),Ashley Roberts Jackson,5220101/259612/1043640,11001052901899,kimia-tenaga-mawar-cemerlang-jaya-sejahtera,84
Surya Obat Surya Prima Bersama Sejahtera,Jl. Kebun Cerah Blok 43 Kota/Kabupaten TELUK BINTUNI Provinsi PAPUA BARAT,POINT(133.1411368967877 -1.984785192304523),Jason Lewis Williams,578461/2179102/372022,8100305133540,surya-obat-surya-prima-bersama-sejahtera,68
Indah Harmoni Bintang Jaya Farma Apotek,Jl. Gunung Tinggi Wilayah 72 Kota/Kabupaten TELUK BINTUNI Provinsi PAPUA BARAT,POINT(132.9801194659761 -1.4587314511553569),Jason Roberts Jones,8710501/702722/695355,705150785584,indah-harmoni-bintang-jaya-farma-apotek,830
Medical Kimia Jaya Lestari Farma Jaya,Jl. Sawah Cerah Cluster 11 Kota/Kabupaten SARMI Provinsi PAPUA,POINT(138.55508260430344 -2.238446762883486),Steve Smith Johnson,781905/729514/2010263,494884990016,medical-kimia-jaya-lestari-farma-jaya,580
Lestari Bakti Bintang Bahagia Bersama Jaya,Jl. Jeruk Tinggi Wilayah 77 Kota/Kabupaten SARMI Provinsi PAPUA,POINT(138.3580293171034 -2.0978548760474887),Mark Jones Taylor,712164/572812/1037892,1379811810059,lestari-bakti-bintang-bahagia-bersama-jaya,319
Mutiara Prima Bumi Harmoni Apotek Farma,Jl. Pisang Cepat Wilayah 78 Kota/Kabupaten BONE Provinsi SULAWESI SELATAN,POINT(120.11943513022256 -4.7247600653475),Katie Parker Robinson,3610951/8103182/212053,360786081501,mutiara-prima-bumi-harmoni-apotek-farma,648
Jaya Makmur Indah Surya Farma Sehat,Jl. Apel Cerdas Blok 67 Kota/Kabupaten MOROWALI UTARA Provinsi SULAWESI TENGAH,POINT(121.03679787516452 -2.202359061686698),Ashley Williams Williams,132770/183287/232252,185384415320,jaya-makmur-indah-surya-farma-sehat,68
Sejahtera Toko Bumi Tenaga Sehat Medik,Jl. Kucing Cerah Cluster 13 Kota/Kabupaten BLORA Provinsi JAWA TENGAH,POINT(111.22227910609668 -6.927803633366738),Ashley Clark Jackson,616311/163222/300232,986307117284,sejahtera-toko-bumi-tenaga-sehat-medik,203
Tenaga Farmasi Surya Jaya Apotik Sejahtera,Jl. Kota Cepat Daerah 61 Kota/Kabupaten NGAWI Provinsi JAWA TIMUR,POINT(111.43443213264514 -7.402949001614882),Chris Taylor Martinez,822515/772943/443638,7061018615601,tenaga-farmasi-surya-jaya-apotik-sejahtera,153
Lestari Tubuh Sejahtera Prima Sehat Sejahtera,Jl. Gunung Pendek Daerah 67 Kota/Kabupaten MIMIKA Provinsi PAPUA,POINT(137.33305562326785 -4.975469427684991),Jessica Smith Jackson,5242101/807720/10675310,9602104689180,lestari-tubuh-sejahtera-prima-sehat-sejahtera,154
Bintang Tenaga Surya Lestari Apotek Sehat,Jl. Durian Cermat Komplek 47 Kota/Kabupaten MERAUKE Provinsi PAPUA,POINT(140.23813329121455 -8.259234411808968),Jessica Lewis Jackson,1534107/7441024/431421,3104634107998,bintang-tenaga-surya-lestari-apotek-sehat,325
Prima Cemerlang Badan Terang Sehat Pharm,Jl. Mangga Cerah Blok 95 Kota/Kabupaten NUNUKAN Provinsi KALIMANTAN UTARA,POINT(116.59349192171554 3.8881998732605503),Matt Parker Jones,335168/402172/8107381,715812262405,prima-cemerlang-badan-terang-sehat-pharm,341
Indah Surya Medical Toko Apotek Medik,Jl. Apel Cerah Daerah 19 Kota/Kabupaten NATUNA Provinsi KEPULAUAN RIAU,POINT(108.09728867869056 3.9604124958931344),Jessica Lewis Anderson,697118/244242/31015310,3083437214108,indah-surya-medical-toko-apotek-medik,46
Mutiara Terang Cemerlang Farmasi Apotek Pharma,Jl. Jeruk Pendek Cluster 89 Kota/Kabupaten KETAPANG Provinsi KALIMANTAN BARAT,POINT(111.0336610224729 -1.187089315279522),Emily Smith Anderson,1023601/197702/333869,82108061081022,mutiara-terang-cemerlang-farmasi-apotek-pharma,355
Bahagia Farmasi Medical Obat Pharm Sehat,Jl. Gajah Cerdas Daerah 83 Kota/Kabupaten KAPUAS Provinsi KALIMANTAN TENGAH,POINT(114.46828629593888 -1.7493442085186324),John Adams Robinson,191902/1026222/203607,2918547162010,bahagia-farmasi-medical-obat-pharm-sehat,439
Harmoni Berkah Sehat Mutiara Medika Pharm,Jl. Anjing Sari Komplek 33 Kota/Kabupaten TAMBRAUW Provinsi PAPUA BARAT,POINT(132.52189204085718 -1.066312760528218),Lauren Clark Johnson,981018/249268/1093704,40125198108810,harmoni-berkah-sehat-mutiara-medika-pharm,280
Harmoni Terang Apotik Jaya Pharm Bersama,Jl. Rambutan Cermat Wilayah 88 Kota/Kabupaten KATINGAN Provinsi KALIMANTAN TENGAH,POINT(113.24189017128448 -3.155089589430768),Katie Hill Martinez,1325104/10241052/8335010,42101480107418,harmoni-terang-apotik-jaya-pharm-bersama,250
Medical Bahagia Apotik Bakti Medik Medika,Jl. Gajah Kecil Daerah 68 Kota/Kabupaten BANYUASIN Provinsi SUMATERA SELATAN,POINT(104.31320061788736 -1.7722417920644862),Brittany Parker Garcia,9310718/101061023/609346,295480197222,medical-bahagia-apotik-bakti-medik-medika,84
Tenaga Berkah Sentorsa Sejahtera Sehat Farma,Jl. Sawah Cermat Cluster 33 Kota/Kabupaten ROKAN HILIR Provinsi RIAU,POINT(100.57712240559484 1.4826830251088232),Alex Jackson Thompson,616160/1025652/7733310,682307811250,tenaga-berkah-sentorsa-sejahtera-sehat-farma,654
Apotik Obat Makmur Medical Sehat Sejahtera,Jl. Balai Cerdas Daerah 84 Kota/Kabupaten KOLAKA Provinsi SULAWESI TENGGARA,POINT(121.73332735253292 -4.46634426757487),David Williams Thompson,2410148/753235/693449,5111099821106,apotik-obat-makmur-medical-sehat-sejahtera,484
Mutiara Obat Resep Farmasi Medik Sejahtera,Jl. Tembok Cermat Daerah 92 Kota/Kabupaten TANAH LAUT Provinsi KALIMANTAN SELATAN,POINT(115.00267067624378 -3.8339663989211257),Matt Roberts Thomas,5109211/1041923/235287,588181550186,mutiara-obat-resep-farmasi-medik-sejahtera,326
Nusantara Cemerlang Tenaga Kimia Apotek Apotik,Jl. Gajah Jenius Cluster 86 Kota/Kabupaten PUNCAK Provinsi PAPUA,POINT(137.51035578064898 -4.052519475421),Chris Johnson Johnson,9446110/595282/163560,8491110220184,nusantara-cemerlang-tenaga-kimia-apotek-apotik,225
Apotik Medical Nusantara Tenaga Apotik Pharm,Jl. Gajah Pintar Komplek 55 Kota/Kabupaten KOTAWARINGIN TIMUR Provinsi KALIMANTAN TENGAH,POINT(112.43907823416131 -1.5322315133946738),Michael Hill Wilson,131987/1024327/216963,7003856701051,apotik-medical-nusantara-tenaga-apotik-pharm,353
Berkah Surya Sehat Resep Sejahtera Apotik,Jl. Pisang Cerah Blok 42 Kota/Kabupaten PUNCAK Provinsi PAPUA,POINT(137.2970193329158 -3.121029542588138),Michael Jones Thomas,551101/10251059/390531,8104311180216,berkah-surya-sehat-resep-sejahtera-apotik,176
Jaya Amanah Cemerlang Surya Sehat Bersama,Jl. Gedung Besar Cluster 9 Kota/Kabupaten HALMAHERA TIMUR Provinsi MALUKU UTARA,POINT(128.57836455836005 1.519736477892474),Sarah Carter Garcia,8102160/322903/256863,193148210675,jaya-amanah-cemerlang-surya-sehat-bersama,508
Kimia Jaya Sejahtera Prima Jaya Pharm,Jl. Gedung Sari Daerah 71 Kota/Kabupaten SAMBAS Provinsi KALIMANTAN BARAT,POINT(109.40239901706924 1.848087799325269),Sarah Hill White,8110267/225751/237011,10031426010381,kimia-jaya-sejahtera-prima-jaya-pharm,162
Jaya Lestari Surya Indah Medika Bersama,Jl. Kucing Pintar Wilayah 86 Kota/Kabupaten MERAUKE Provinsi PAPUA,POINT(138.84313260299797 -7.853577641987038),Ashley Brown Miller,167184/7292410/237950,713152010308,jaya-lestari-surya-indah-medika-bersama,178
Jaya Bumi Surya Toko Bersama Medika,Jl. Gunung Sejahtera Wilayah 99 Kota/Kabupaten DOGIYAI Provinsi PAPUA,POINT(137.05842079220935 -2.909336893517196),John Jackson White,9101845/959626/149834,6897100881048,jaya-bumi-surya-toko-bersama-medika,27
Farmasi Apotik Obat Medical Sejahtera Jaya,Jl. Tembok Pendek Daerah 33 Kota/Kabupaten OGAN KOMERING ILIR Provinsi SUMATERA SELATAN,POINT(105.16667292058791 -2.8296578573306217),Jessica Lewis Williams,1710060/273267/340318,193180193805,farmasi-apotik-obat-medical-sejahtera-jaya,346
Tubuh Medic Obat Cemerlang Sejahtera Pharm,Jl. Duku Cerah Daerah 55 Kota/Kabupaten MESUJI Provinsi LAMPUNG,POINT(105.60916687483912 -4.144701644810434),Ashley Roberts Johnson,1093017/332990/273470,701875029862,tubuh-medic-obat-cemerlang-sejahtera-pharm,140
Mutiara Tenaga Bintang Sejahtera Apotek Pharm,Jl. Durian Sejahtera Wilayah 71 Kota/Kabupaten SERUYAN Provinsi KALIMANTAN TENGAH,POINT(112.11520901116792 -1.7369173512515044),Sarah Jackson Anderson,1401310/3103772/453803,401908810176,mutiara-tenaga-bintang-sejahtera-apotek-pharm,125
Tenaga Toko Terang Berkah Bersama Medika,Jl. Kucing Kecil Daerah 99 Kota/Kabupaten BELITUNG Provinsi KEPULAUAN BANGKA BELITUNG,POINT(107.89846850826936 -2.78049000265732),Steve Jones Anderson,51010101/2521095/737210,511807858008,tenaga-toko-terang-berkah-bersama-medika,482
Obat Cemerlang Tenaga Tubuh Farma Pharma,Jl. Mangga Besar Cluster 46 Kota/Kabupaten KETAPANG Provinsi KALIMANTAN BARAT,POINT(110.22178974324612 -0.6733874870870462),Rachel Smith Jones,546176/29510102/743821,630010100710081,obat-cemerlang-tenaga-tubuh-farma-pharma,890
Sehat Surya Terang Tenaga Farma Medika,Jl. Pisang Pendek Daerah 77 Kota/Kabupaten KUANTAN SINGINGI Provinsi RIAU,POINT(101.7446796321298 -0.4566801358885559),Jessica Jones Anderson,671343/6110122/523574,610861350593,sehat-surya-terang-tenaga-farma-medika,351
Sentorsa Harmoni Berkah Lestari Pharm Medika,Jl. Gunung Cerdas Daerah 2 Kota/Kabupaten TEBO Provinsi JAMBI,POINT(102.3992517379209 -1.4354800738444151),Alex Clark Davis,1270110/562274/903097,8578610100131,sentorsa-harmoni-berkah-lestari-pharm-medika,865
Bumi Surya Kimia Cemerlang Apotek Jaya,Jl. Rambutan Cermat Wilayah 99 Kota/Kabupaten KONAWE UTARA Provinsi SULAWESI TENGGARA,POINT(122.3440714884436 -3.8518313305193175),Allison Smith Anderson,941083/5010012/5830310,15616791001083,bumi-surya-kimia-cemerlang-apotek-jaya,210
Cemerlang Sentorsa Terang Mutiara Pharm Jaya,Jl. Ikan Jenius Komplek 3 Kota/Kabupaten SERUYAN Provinsi KALIMANTAN TENGAH,POINT(111.4432874868685 -1.3425595767491671),Megan Clark Moore,10145103/283139/832764,753847110919,cemerlang-sentorsa-terang-mutiara-pharm-jaya,982
Obat Resep Sejahtera Badan Sejahtera Sehat,Jl. Rambutan Kecil Komplek 98 Kota/Kabupaten LUWU Provinsi SULAWESI SELATAN,POINT(120.3211345253244 -3.39750167050744),Steve Parker Wilson,360917/752270/677361,5851082598310,obat-resep-sejahtera-badan-sejahtera-sehat,163
Tenaga Surya Farmasi Amanah Medika Farma,Jl. Apel Sari Wilayah 18 Kota/Kabupaten MAMUJU UTARA Provinsi SULAWESI BARAT,POINT(119.59700400724466 -1.7671390719205338),Ashley Lewis Moore,191328/919279/483594,1401987810128,tenaga-surya-farmasi-amanah-medika-farma,154
Apotik Jaya Surya Medic Pharma Pharm,Jl. Kucing Indah Daerah 44 Kota/Kabupaten KAIMANA Provinsi PAPUA BARAT,POINT(133.33840269252622 -3.7803200279194336),David Johnson Martin,351159/523552/639396,380952035113,apotik-jaya-surya-medic-pharma-pharm,49
Badan Prima Tubuh Sehat Farma Apotek,Jl. Ikan Jenius Wilayah 68 Kota/Kabupaten TASIKMALAYA Provinsi JAWA BARAT,POINT(108.03014877311124 -7.433952300677536),Jessica Martinez Martin,516655/833752/533573,2178108316820,badan-prima-tubuh-sehat-farma-apotek,867
Jaya Bumi Jaya Kimia Medika Apotek,Jl. Apel Besar Wilayah 71 Kota/Kabupaten ACEH UTARA Provinsi ACEH,POINT(97.41511759609148 4.972417122045007),Jason Martinez Smith,1610177/442274/346313,511021964862,jaya-bumi-jaya-kimia-medika-apotek,49
Sentorsa Amanah Tubuh Medical Pharm Medika,Jl. Duku Pintar Cluster 28 Kota/Kabupaten SARMI Provinsi PAPUA,POINT(138.47007624400723 -2.1855405903245835),Chris Martinez Williams,611217/7681102/836683,554818091410,sentorsa-amanah-tubuh-medical-pharm-medika,213
Murni Bintang Sentorsa Mawar Apotik Pharm,Jl. Gedung Besar Blok 21 Kota/Kabupaten POSO Provinsi SULAWESI TENGAH,POINT(120.18320474363688 -1.6782723650850233),Rachel Martinez Thomas,608021/286147/2431085,595183086794,murni-bintang-sentorsa-mawar-apotik-pharm,6
Tubuh Mutiara Apotik Lestari Apotek Medika,Jl. Sirih Besar Wilayah 19 Kota/Kabupaten KEPULAUAN YAPEN Provinsi PAPUA,POINT(136.56829764796103 -1.7253258614132143),Allison Jackson Williams,318240/169297/6631039,875004135201,tubuh-mutiara-apotik-lestari-apotek-medika,296
Obat Jaya Badan Amanah Sehat Apotek,Jl. Ikan Sejahtera Blok 23 Kota/Kabupaten TIMOR TENGAH SELATAN Provinsi NUSA TENGGARA TIMUR,POINT(124.2332672922488 -9.520915359648718),Allison Carter Miller,7107153/215098/863471,148700383820,obat-jaya-badan-amanah-sehat-apotek,57
Surya Berkah Bakti Cemerlang Sehat Pharma,Jl. Apel Cermat Blok 49 Kota/Kabupaten LAMPUNG UTARA Provinsi LAMPUNG,POINT(105.04853657323962 -4.718859155500099),Steve Smith Martin,197047/456260/1034123,352023182860,surya-berkah-bakti-cemerlang-sehat-pharma,236
Obat Indah Mutiara Jaya Pharma Farma,Jl. Balai Sari Cluster 21 Kota/Kabupaten BERAU Provinsi KALIMANTAN TIMUR,POINT(117.2548156001998 1.744522931186978),David Taylor Wilson,2131073/278341/1063869,818510777601,obat-indah-mutiara-jaya-pharma-farma,324
Berkah Toko Tubuh Bahagia Pharm Farma,Jl. Kebun Besar Wilayah 85 Kota/Kabupaten PADANG LAWAS UTARA Provinsi SUMATERA UTARA,POINT(99.59257294445688 1.534815064186109),Chris Nelson Brown,226910/521827/517325,106503684767,berkah-toko-tubuh-bahagia-pharm-farma,974
Bintang Makmur Toko Badan Jaya Farma,Jl. Mangga Cepat Daerah 63 Kota/Kabupaten MURUNG RAYA Provinsi KALIMANTAN TENGAH,POINT(114.64279824213314 0.2906280172709099),Ashley Parker Taylor,125177/421929/4487310,308416201438,bintang-makmur-toko-badan-jaya-farma,28
Medic Cemerlang Jaya Nusantara Pharm Apotek,Jl. Ikan Besar Daerah 3 Kota/Kabupaten KEPULAUAN MENTAWAI Provinsi SUMATERA BARAT,POINT(99.9919782035775 -2.615743050771972),Tom Harris Thompson,7116100/10102574/937468,8295115010367,medic-cemerlang-jaya-nusantara-pharm-apotek,25
Bintang Mawar Tenaga Amanah Medik Farma,Jl. Sawah Cerdas Daerah 55 Kota/Kabupaten NGADA Provinsi NUSA TENGGARA TIMUR,POINT(120.99086071999588 -8.485870702102158),Emily Johnson Taylor,294541/1097927/883799,9865180010501,bintang-mawar-tenaga-amanah-medik-farma,100
Cemerlang Makmur Sejahtera Terang Medik Sejahtera,Jl. Duku Pintar Blok 2 Kota/Kabupaten SIJUNJUNG Provinsi SUMATERA BARAT,POINT(100.98154143185532 -0.6349319700218992),Jason Roberts Moore,241054/7253210/903973,1005811456037,cemerlang-makmur-sejahtera-terang-medik-sejahtera,471
Bintang Mutiara Resep Surya Sejahtera Pharm,Jl. Duku Kecil Wilayah 70 Kota/Kabupaten KOTA TIDORE KEPULAUAN Provinsi MALUKU UTARA,POINT(127.78604098865436 0.6351510853420095),Katie Jones Williams,167229/442935/3622610,51102981098510,bintang-mutiara-resep-surya-sejahtera-pharm,227
Berkah Medic Makmur Indah Sejahtera Apotek,Jl. Anjing Kecil Komplek 12 Kota/Kabupaten KAPUAS HULU Provinsi KALIMANTAN BARAT,POINT(113.56746832424764 0.8900509788178095),Ashley Jones Garcia,1091295/254104/329123,3721071210822,berkah-medic-makmur-indah-sejahtera-apotek,513
Prima Terang Farmasi Amanah Sejahtera Sehat,Jl. Anjing Pintar Wilayah 87 Kota/Kabupaten MUARA ENIM Provinsi SUMATERA SELATAN,POINT(103.57093512197967 -4.346565281942185),Rachel Roberts Martinez,499714/822880/1078339,840260791127,prima-terang-farmasi-amanah-sejahtera-sehat,869
Bintang Jaya Amanah Obat Jaya Medik,Jl. Apel Cerah Daerah 50 Kota/Kabupaten MERAUKE Provinsi PAPUA,POINT(139.7586537270459 -7.787273135207334),Ashley Taylor Jackson,1031572/10610277/131388,814088262303,bintang-jaya-amanah-obat-jaya-medik,462
Mutiara Surya Berkah Apotik Farma Sejahtera,Jl. Sirih Cepat Wilayah 3 Kota/Kabupaten OGAN KOMERING ILIR Provinsi SUMATERA SELATAN,POINT(105.49908641922876 -3.038049354013145),Tom Nelson Smith,160018/459230/175843,3866911051094,mutiara-surya-berkah-apotik-farma-sejahtera,17
Surya Terang Amanah Berkah Apotek Sejahtera,Jl. Apel Cermat Cluster 41 Kota/Kabupaten MUARA ENIM Provinsi SUMATERA SELATAN,POINT(104.49232470129157 -3.2137972212032206),Matt Harris Harris,131398/735828/354339,898417090416,surya-terang-amanah-berkah-apotek-sejahtera,132
Sentorsa Lestari Bumi Bintang Medik Sejahtera,Jl. Jeruk Besar Cluster 86 Kota/Kabupaten MAJALENGKA Provinsi JAWA BARAT,POINT(108.06464136953905 -6.649207479531366),Allison Williams Thomas,611055/122225/361341,2109827780110,sentorsa-lestari-bumi-bintang-medik-sejahtera,236
Tubuh Bahagia Prima Badan Sejahtera Sejahtera,Jl. Apel Sejahtera Wilayah 38 Kota/Kabupaten BANGGAI KEPULAUAN Provinsi SULAWESI TENGAH,POINT(123.21025232346864 -1.2596780153571654),Allison Lewis Harris,817911/421232/946653,6955551811002,tubuh-bahagia-prima-badan-sejahtera-sejahtera,272
Prima Apotik Berkah Amanah Farma Sejahtera,Jl. Ikan Besar Daerah 37 Kota/Kabupaten MUSI BANYUASIN Provinsi SUMATERA SELATAN,POINT(103.56773288217256 -2.883003984846935),Michael Jones Jones,8160310/175226/3810468,13801009416110,prima-apotik-berkah-amanah-farma-sejahtera,452
Murni Bumi Indah Badan Farma Medika,Jl. Durian Cerdas Cluster 97 Kota/Kabupaten PUNCAK Provinsi PAPUA,POINT(137.47921612022878 -3.5340812272247835),Jason Lewis Jackson,1401100/5239106/839452,113185879603,murni-bumi-indah-badan-farma-medika,88
Tenaga Tubuh Amanah Sentorsa Pharma Bersama,Jl. Pisang Cerdas Wilayah 15 Kota/Kabupaten KOTAWARINGIN BARAT Provinsi KALIMANTAN TENGAH,POINT(112.02410607917656 -1.937836607441376),Chris Brown Davis,801061/3910222/986355,1010201039286101,tenaga-tubuh-amanah-sentorsa-pharma-bersama,348
Apotik Toko Medical Nusantara Jaya Apotek,Jl. Durian Sejahtera Komplek 6 Kota/Kabupaten KOLAKA TIMUR Provinsi SULAWESI TENGGARA,POINT(121.67246396244931 -3.7371189052176064),Steve Thomas Moore,942216/527762/940303,320260001183,apotik-toko-medical-nusantara-jaya-apotek,112
Cemerlang Prima Surya Sejahtera Pharm Bersama,Jl. Durian Cepat Komplek 95 Kota/Kabupaten PULANG PISAU Provinsi KALIMANTAN TENGAH,POINT(113.96825533032076 -2.058485751269629),Mark White Thompson,10011108/2451025/3010151,8061448314103,cemerlang-prima-surya-sejahtera-pharm-bersama,798
Surya Tubuh Surya Tenaga Pharm Sehat,Jl. Kuda Pendek Daerah 60 Kota/Kabupaten TAMBRAUW Provinsi PAPUA BARAT,POINT(132.64506532395612 -1.0200332101667051),Alex Carter Taylor,1081486/62010104/284538,502058100599,surya-tubuh-surya-tenaga-pharm-sehat,672
Bahagia Mutiara Nusantara Farmasi Sejahtera Medik,Jl. Rambutan Sejahtera Wilayah 85 Kota/Kabupaten MALUKU TENGGARA BARAT Provinsi MALUKU,POINT(131.46174472038177 -7.489640999437893),Allison White Thompson,718121/2868103/997663,561828064670,bahagia-mutiara-nusantara-farmasi-sejahtera-medik,376
Terang Nusantara Amanah Lestari Sehat Medika,Jl. Pisang Cermat Blok 81 Kota/Kabupaten MURUNG RAYA Provinsi KALIMANTAN TENGAH,POINT(114.06955054945358 0.3838032815563288),Michael Brown Davis,83710110/207943/453309,1028136250008,terang-nusantara-amanah-lestari-sehat-medika,52
Harmoni Sehat Tubuh Bakti Medika Sehat,Jl. Sirih Tinggi Komplek 80 Kota/Kabupaten KUPANG Provinsi NUSA TENGGARA TIMUR,POINT(124.0688162994842 -9.844506211913032),Michael Clark Harris,411879/210921/6563104,61058012106110,harmoni-sehat-tubuh-bakti-medika-sehat,735
Makmur Bahagia Bakti Mutiara Sehat Farma,Jl. Kebun Besar Daerah 88 Kota/Kabupaten SARMI Provinsi PAPUA,POINT(138.72488356370155 -2.2806364822115626),Emily Jones Thompson,318137/10206010/1065335,222696628014,makmur-bahagia-bakti-mutiara-sehat-farma,821
Farmasi Surya Toko Amanah Apotek Medika,Jl. Sawah Jenius Blok 9 Kota/Kabupaten BOLAANG MONGONDOW Provinsi SULAWESI UTARA,POINT(123.9848202668342 0.5791977710141598),Michael Roberts Davis,246150/672483/39610010,601109892184,farmasi-surya-toko-amanah-apotek-medika,99
Indah Kimia Jaya Makmur Farma Pharma,Jl. Kebun Indah Komplek 42 Kota/Kabupaten MURUNG RAYA Provinsi KALIMANTAN TENGAH,POINT(114.36694418166734 0.1790226699529764),Emily Anderson Smith,712937/268228/814813,183248705799,indah-kimia-jaya-makmur-farma-pharma,421
Cemerlang Bumi Jaya Mutiara Medika Sehat,Jl. Rambutan Pendek Daerah 59 Kota/Kabupaten SERAM BAGIAN TIMUR Provinsi MALUKU,POINT(130.14435876570013 -3.5249514251256704),Megan Hill Garcia,1103994/221472/232090,332085017758,cemerlang-bumi-jaya-mutiara-medika-sehat,274
Tenaga Toko Sejahtera Murni Sehat Pharma,Jl. Gedung Cermat Komplek 25 Kota/Kabupaten BUTON UTARA Provinsi SULAWESI TENGGARA,POINT(123.15662291424496 -4.653224862258597),Sarah Martinez Robinson,815133/741924/397158,85441031103021,tenaga-toko-sejahtera-murni-sehat-pharma,261
Nusantara Tenaga Apotik Farmasi Medika Medik,Jl. Gedung Indah Blok 23 Kota/Kabupaten TELUK BINTUNI Provinsi PAPUA BARAT,POINT(132.72488120926246 -1.3955804305273445),Steve Adams Davis,897187/381482/3731084,602165636989,nusantara-tenaga-apotik-farmasi-medika-medik,926
Berkah Bintang Harmoni Toko Sehat Sejahtera,Jl. Gedung Cerah Blok 43 Kota/Kabupaten KOTAWARINGIN BARAT Provinsi KALIMANTAN TENGAH,POINT(111.90939352014624 -2.5778282310972145),Jason Jackson Wilson,319353/9216103/123308,690401130781,berkah-bintang-harmoni-toko-sehat-sejahtera,482
Surya Bumi Prima Tubuh Apotik Medik,Jl. Balai Kecil Wilayah 7 Kota/Kabupaten MAPPI Provinsi PAPUA,POINT(139.20727657712996 -6.244629549777533),Alex Parker Jones,1017114/1040208/8831034,1030805125006,surya-bumi-prima-tubuh-apotik-medik,614
Mutiara Tubuh Jaya Indah Medika Apotik,Jl. Durian Besar Komplek 90 Kota/Kabupaten NGAWI Provinsi JAWA TIMUR,POINT(111.3023899620936 -7.482430488605254),David Carter Taylor,1104011/190002/708931,8108517144790,mutiara-tubuh-jaya-indah-medika-apotik,352
Lestari Bakti Surya Murni Pharm Pharma,Jl. Kota Pintar Cluster 37 Kota/Kabupaten BOVEN DIGOEL Provinsi PAPUA,POINT(140.76960981857377 -6.534548963026016),Tom Jackson Thompson,7750110/2341028/4323106,242916771084,lestari-bakti-surya-murni-pharm-pharma,385
Amanah Jaya Mutiara Cemerlang Jaya Sejahtera,Jl. Anjing Indah Wilayah 91 Kota/Kabupaten MAMBERAMO RAYA Provinsi PAPUA,POINT(138.11034116675276 -2.800331560920972),Ashley Anderson Thomas,511248/10010723/333144,30910010446821,amanah-jaya-mutiara-cemerlang-jaya-sejahtera,477
Indah Toko Bahagia Resep Apotik Jaya,Jl. Kuda Kecil Daerah 86 Kota/Kabupaten PAHUWATO Provinsi GORONTALO,POINT(121.58538298321626 0.6541878229891882),Rachel Jones Martinez,463717/2102036/1093983,10510637010248,indah-toko-bahagia-resep-apotik-jaya,62
Badan Prima Sentorsa Murni Medika Jaya,Jl. Jeruk Sejahtera Blok 79 Kota/Kabupaten WAROPEN Provinsi PAPUA,POINT(136.87440585619424 -2.520610614855288),Matt Jackson Jackson,975111/2910408/808337,4880319610444,badan-prima-sentorsa-murni-medika-jaya,171
Sentorsa Surya Tenaga Harmoni Farma Sejahtera,Jl. Kucing Indah Blok 86 Kota/Kabupaten MUARA ENIM Provinsi SUMATERA SELATAN,POINT(104.50639533214934 -3.2674723556100043),Ashley Clark Garcia,612211/928115/4341013,647860342168,sentorsa-surya-tenaga-harmoni-farma-sejahtera,890
Sehat Tubuh Lestari Sejahtera Sejahtera Farma,Jl. Kebun Sari Wilayah 43 Kota/Kabupaten MOROWALI Provinsi SULAWESI TENGAH,POINT(121.7629437426214 -2.8875095746997737),Megan Harris Miller,1510278/802632/335863,189853540309,sehat-tubuh-lestari-sejahtera-sejahtera-farma,54
Resep Cemerlang Prima Apotik Pharm Medik,Jl. Pisang Sari Blok 79 Kota/Kabupaten MUSI BANYUASIN Provinsi SUMATERA SELATAN,POINT(103.6837594047786 -2.4384032987469557),John White Smith,1079681/978240/234188,7605051188101,resep-cemerlang-prima-apotik-pharm-medik,80
Bintang Prima Cemerlang Prima Sejahtera Farma,Jl. Mangga Pendek Komplek 40 Kota/Kabupaten HALMAHERA SELATAN Provinsi MALUKU UTARA,POINT(127.8007545135489 -1.5064972553478508),Ashley Adams Garcia,359821/5106992/7910233,81741071103007,bintang-prima-cemerlang-prima-sejahtera-farma,341
Bintang Nusantara Surya Harmoni Sehat Sejahtera,Jl. Gunung Kecil Komplek 69 Kota/Kabupaten BANYUASIN Provinsi SUMATERA SELATAN,POINT(105.0441595983634 -2.3895003219398934),Jason Parker Moore,127123/11010126/732023,704201689077,bintang-nusantara-surya-harmoni-sehat-sejahtera,576
Harmoni Nusantara Murni Mawar Pharm Jaya,Jl. Sirih Indah Cluster 5 Kota/Kabupaten LANGKAT Provinsi SUMATERA UTARA,POINT(98.47356790457124 3.770479939204464),David Lewis White,178143/5109452/4210523,2111211070880,harmoni-nusantara-murni-mawar-pharm-jaya,403
Tubuh Surya Jaya Sehat Jaya Farma,Jl. Balai Sari Daerah 40 Kota/Kabupaten BOLAANG MONGONDOW Provinsi SULAWESI UTARA,POINT(124.29291643117008 0.7988451747338097),Megan Jones Martinez,8139010/938822/385632,427144190814,tubuh-surya-jaya-sehat-jaya-farma,394
Jaya Bahagia Lestari Resep Medik Apotek,Jl. Jeruk Sejahtera Blok 84 Kota/Kabupaten KEPULAUAN TALAUD Provinsi SULAWESI UTARA,POINT(126.67423859192198 4.028807175127101),Rachel Johnson Jackson,7110101010/270449/9131033,762449029810,jaya-bahagia-lestari-resep-medik-apotek,103
Badan Amanah Mutiara Harmoni Sejahtera Apotik,Jl. Gedung Cermat Cluster 35 Kota/Kabupaten PANDEGLANG Provinsi BANTEN,POINT(105.72040629217346 -6.785994883450845),Steve Thomas White,519235/1102462/3105841,810107101472101,badan-amanah-mutiara-harmoni-sejahtera-apotik,442
Terang Murni Bakti Obat Sejahtera Apotek,Jl. Apel Pendek Cluster 32 Kota/Kabupaten LUWU TIMUR Provinsi SULAWESI SELATAN,POINT(121.20809220853508 -2.4884998513907477),John Jackson Davis,5607101/218217/3357010,6458887271010,terang-murni-bakti-obat-sejahtera-apotek,529
Prima Lestari Cemerlang Bakti Medik Pharm,Jl. Apel Cermat Komplek 67 Kota/Kabupaten NUNUKAN Provinsi KALIMANTAN UTARA,POINT(115.91647067541632 4.216760189220345),Tom Hill Jackson,125007/372393/955853,398278170011,prima-lestari-cemerlang-bakti-medik-pharm,23
Medical Jaya Toko Sehat Sejahtera Jaya,Jl. Gedung Besar Daerah 30 Kota/Kabupaten BENGKAYANG Provinsi KALIMANTAN BARAT,POINT(109.56611453209892 0.8054887541763343),Sarah Thomas Martin,10619910/144621/377622,10868108088710,medical-jaya-toko-sehat-sejahtera-jaya,168
Nusantara Surya Tubuh Indah Sejahtera Sejahtera,Jl. Duku Cerah Daerah 46 Kota/Kabupaten DEIYAI Provinsi PAPUA,POINT(136.0911308930431 -4.171784634635708),Michael Adams Jones,768018/5211010/3910398,9230192811009,nusantara-surya-tubuh-indah-sejahtera-sejahtera,382
Sejahtera Tubuh Sehat Jaya Pharma Medik,Jl. Sirih Kecil Cluster 45 Kota/Kabupaten POSO Provinsi SULAWESI TENGAH,POINT(120.78747719239874 -1.586849006224469),Chris Harris Martin,433110/685162/237913,10890196401106,sejahtera-tubuh-sehat-jaya-pharma-medik,87
Bakti Cemerlang Amanah Mawar Apotek Sejahtera,Jl. Anjing Sejahtera Blok 21 Kota/Kabupaten SEKADAU Provinsi KALIMANTAN BARAT,POINT(111.06377245236392 0.0346968455611698),Alex Roberts Robinson,4110456/101162/385956,5480591263610,bakti-cemerlang-amanah-mawar-apotek-sejahtera,741
Murni Nusantara Harmoni Amanah Medika Sejahtera,Jl. Kebun Cerdas Blok 62 Kota/Kabupaten PESISIR SELATAN Provinsi SUMATERA BARAT,POINT(101.04764930754024 -2.0867659225685795),David Taylor Garcia,687431/642605/590883,46181061068210,murni-nusantara-harmoni-amanah-medika-sejahtera,365
Bintang Farmasi Bumi Surya Sejahtera Pharm,Jl. Apel Jenius Daerah 81 Kota/Kabupaten BENGKALIS Provinsi RIAU,POINT(101.13022550417652 1.3764394528286026),Emily Lewis Jackson,143155/1630210/705036,293884520891,bintang-farmasi-bumi-surya-sejahtera-pharm,277
Lestari Kimia Bakti Bintang Medika Jaya,Jl. Sawah Sejahtera Blok 20 Kota/Kabupaten BARITO UTARA Provinsi KALIMANTAN TENGAH,POINT(115.51900484149502 -1.0115582058691466),John Johnson Taylor,201213/718692/317975,784110920110610,lestari-kimia-bakti-bintang-medika-jaya,498
Bumi Toko Sejahtera Tubuh Pharma Medik,Jl. Tembok Kecil Wilayah 100 Kota/Kabupaten MERAUKE Provinsi PAPUA,POINT(138.3325877351986 -8.045587446618033),Michael Smith Smith,200153/293550/788436,3358041832101,bumi-toko-sejahtera-tubuh-pharma-medik,171
Murni Cemerlang Makmur Toko Sejahtera Sehat,Jl. Sawah Sejahtera Komplek 69 Kota/Kabupaten LAMPUNG UTARA Provinsi LAMPUNG,POINT(104.99505509003887 -4.735076826071961),Michael Jackson Martinez,121363/7382105/295437,1787721032600,murni-cemerlang-makmur-toko-sejahtera-sehat,346
Jaya Berkah Surya Makmur Medik Pharma,Jl. Mangga Cepat Daerah 41 Kota/Kabupaten HALMAHERA UTARA Provinsi MALUKU UTARA,POINT(127.93319014758023 2.073574000612528),Rachel Anderson Garcia,455811/444242/361371,1784408451084,jaya-berkah-surya-makmur-medik-pharma,817
Bintang Toko Mawar Terang Farma Apotik,Jl. Anjing Sari Cluster 5 Kota/Kabupaten SELUMA Provinsi BENGKULU,POINT(102.39801573379609 -4.011317243055172),Emily Jones Smith,1013100/4102214/547703,7011082690800,bintang-toko-mawar-terang-farma-apotik,178
Medic Surya Lestari Obat Medika Apotik,Jl. Durian Cepat Daerah 90 Kota/Kabupaten MURUNG RAYA Provinsi KALIMANTAN TENGAH,POINT(114.6141234997258 -0.3619228206268428),Megan Jones Martinez,1001485/294925/1036311,4810809610109,medic-surya-lestari-obat-medika-apotik,110
Kimia Apotik Sentorsa Jaya Sejahtera Pharma,Jl. Jeruk Cerah Daerah 45 Kota/Kabupaten MALINAU Provinsi KALIMANTAN UTARA,POINT(116.51145113777356 3.575987986890034),Steve Hill Taylor,107005/896712/263387,2811046487065,kimia-apotik-sentorsa-jaya-sejahtera-pharma,773
Harmoni Bakti Toko Badan Pharma Jaya,Jl. Sirih Sari Daerah 88 Kota/Kabupaten ASAHAN Provinsi SUMATERA UTARA,POINT(99.6583650494152 3.0360987884229136),David Jones Jackson,691771/252073/333234,6170805130106,harmoni-bakti-toko-badan-pharma-jaya,633
Lestari Jaya Terang Badan Apotik Sejahtera,Jl. Kucing Sari Wilayah 41 Kota/Kabupaten MALINAU Provinsi KALIMANTAN UTARA,POINT(116.18519489561886 2.949470393486358),Lauren Lewis Anderson,1386100/3582106/377437,140105108106005,lestari-jaya-terang-badan-apotik-sejahtera,156
Medical Badan Farmasi Terang Sehat Apotik,Jl. Anjing Cerdas Blok 82 Kota/Kabupaten TIMOR TENGAH SELATAN Provinsi NUSA TENGGARA TIMUR,POINT(124.23763193162584 -9.617045626190766),John Jackson Wilson,1083741/233628/9048103,85135510100088,medical-badan-farmasi-terang-sehat-apotik,203
Prima Farmasi Resep Makmur Pharma Apotik,Jl. Gunung Cepat Wilayah 23 Kota/Kabupaten MALUKU BARAT DAYA Provinsi MALUKU,POINT(126.33439433685632 -7.822866089307442),Rachel Nelson Jackson,124313/318942/51004103,10410459137108,prima-farmasi-resep-makmur-pharma-apotik,491
Harmoni Sejahtera Bintang Jaya Medik Bersama,Jl. Gedung Pendek Cluster 34 Kota/Kabupaten PUNCAK Provinsi PAPUA,POINT(137.03265990008802 -3.251005095211024),Chris Hill Robinson,9610107/9228102/112386,3180105289532,harmoni-sejahtera-bintang-jaya-medik-bersama,103
Toko Surya Surya Tenaga Apotek Farma,Jl. Kuda Cerdas Blok 32 Kota/Kabupaten BANDUNG BARAT Provinsi JAWA BARAT,POINT(107.22667828440558 -6.990213256658102),Allison White Martinez,979815/1062470/235854,825957222018,toko-surya-surya-tenaga-apotek-farma,357
Surya Harmoni Berkah Nusantara Jaya Medik,Jl. Kuda Indah Cluster 89 Kota/Kabupaten PANGKAJENE DAN KEPULAUAN Provinsi SULAWESI SELATAN,POINT(119.59297877971842 -4.774726881953646),John Harris Harris,451116/432013/905163,3138856101002,surya-harmoni-berkah-nusantara-jaya-medik,362
Jaya Medic Lestari Sentorsa Pharma Apotik,Jl. Pisang Cerdas Wilayah 71 Kota/Kabupaten MERAUKE Provinsi PAPUA,POINT(138.59661294970164 -7.749962541143205),Rachel Martinez Robinson,105645/10810235/3310628,878089811599,jaya-medic-lestari-sentorsa-pharma-apotik,981
Apotik Obat Mawar Indah Apotik Sejahtera,Jl. Kebun Jenius Wilayah 39 Kota/Kabupaten ACEH TENGAH Provinsi ACEH,POINT(96.54541027829664 4.720345183381564),Megan Johnson Jackson,21018107/243596/983451,79810100249410,apotik-obat-mawar-indah-apotik-sejahtera,960
Makmur Farmasi Bintang Mutiara Apotik Bersama,Jl. Jeruk Cermat Wilayah 61 Kota/Kabupaten SUMBA TIMUR Provinsi NUSA TENGGARA TIMUR,POINT(120.42208319585453 -9.958403573242332),Lauren Taylor Williams,481129/692457/939033,607968115750,makmur-farmasi-bintang-mutiara-apotik-bersama,23
Obat Sentorsa Tenaga Berkah Pharm Pharma,Jl. Anjing Cerdas Wilayah 29 Kota/Kabupaten KOTA SINGKAWANG Provinsi KALIMANTAN BARAT,POINT(109.04170831928056 0.8830023867077639),Allison Jones White,959141/422201/246389,214624121048,obat-sentorsa-tenaga-berkah-pharm-pharma,560
Lestari Jaya Cemerlang Mawar Farma Medika,Jl. Kebun Kecil Wilayah 29 Kota/Kabupaten SIKKA Provinsi NUSA TENGGARA TIMUR,POINT(122.57474755326572 -8.488140939463474),Rachel Taylor Robinson,33101071/847205/3021087,687126009978,lestari-jaya-cemerlang-mawar-farma-medika,2
Prima Sehat Badan Amanah Apotik Apotek,Jl. Kucing Jenius Cluster 2 Kota/Kabupaten KUTAI BARAT Provinsi KALIMANTAN TIMUR,POINT(115.75828836967288 0.0503159145625851),Alex Brown Moore,149020/288103/88031010,5286376811010,prima-sehat-badan-amanah-apotik-apotek,414
Nusantara Berkah Terang Sehat Bersama Apotik,Jl. Kebun Pintar Komplek 92 Kota/Kabupaten BANGKA SELATAN Provinsi KEPULAUAN BANGKA BELITUNG,POINT(106.3994380063902 -2.8688939558455555),John Lewis Jones,9110047/10261021/568043,479101269869,nusantara-berkah-terang-sehat-bersama-apotik,655
Badan Mutiara Prima Sentorsa Pharm Pharma,Jl. Gunung Kecil Blok 44 Kota/Kabupaten HUMBANG HASUNDUTAN Provinsi SUMATERA UTARA,POINT(98.50829436119056 2.4363631544263047),Megan Parker Harris,1019243/91010282/713634,8108501011005210,badan-mutiara-prima-sentorsa-pharm-pharma,872
Harmoni Toko Makmur Prima Farma Pharm,Jl. Balai Indah Daerah 8 Kota/Kabupaten SINTANG Provinsi KALIMANTAN BARAT,POINT(112.86155384280016 -0.3108326088688073),Megan Johnson Anderson,3815810/3024101/376837,8101011010810810,harmoni-toko-makmur-prima-farma-pharm,421
Apotik Bintang Berkah Sejahtera Jaya Sehat,Jl. Pisang Indah Cluster 13 Kota/Kabupaten KONAWE Provinsi SULAWESI TENGGARA,POINT(121.73549986116048 -2.9699789864415784),Mark Parker Smith,110410109/253928/1043534,898801971406,apotik-bintang-berkah-sejahtera-jaya-sehat,213
Apotik Makmur Prima Farmasi Pharm Sehat,Jl. Rambutan Cepat Daerah 75 Kota/Kabupaten DEIYAI Provinsi PAPUA,POINT(136.3887873160354 -4.097288642301443),Sarah Anderson Taylor,1071949/1861021/484339,479061804316,apotik-makmur-prima-farmasi-pharm-sehat,66
Nusantara Bumi Tenaga Sentorsa Pharm Sejahtera,Jl. Sirih Tinggi Komplek 15 Kota/Kabupaten KATINGAN Provinsi KALIMANTAN TENGAH,POINT(113.33204408628094 -2.710722752889467),Jessica Lewis Anderson,1014510/692242/322846,71901046631048,nusantara-bumi-tenaga-sentorsa-pharm-sejahtera,414
Resep Jaya Prima Mawar Pharm Sejahtera,Jl. Pisang Jenius Cluster 65 Kota/Kabupaten MAMUJU Provinsi SULAWESI BARAT,POINT(118.92902797370172 -2.8864618205495702),Ashley Carter Johnson,101010261/10521038/667053,2411551042680,resep-jaya-prima-mawar-pharm-sejahtera,127
Obat Indah Bintang Surya Medik Medika,Jl. Gunung Kecil Daerah 55 Kota/Kabupaten BERAU Provinsi KALIMANTAN TIMUR,POINT(117.821811813941 2.0008908246969157),Mark Thomas Moore,949103/422175/353023,100731104480,obat-indah-bintang-surya-medik-medika,726
Berkah Makmur Resep Prima Pharm Medik,Jl. Mangga Tinggi Cluster 30 Kota/Kabupaten KUTAI KARTANEGARA Provinsi KALIMANTAN TIMUR,POINT(116.27417651738244 0.2042015283397766),Sarah Martinez Thomas,551246/184210/304434,1038102910007,berkah-makmur-resep-prima-pharm-medik,230
Obat Tubuh Mawar Resep Pharma Apotik,Jl. Sawah Jenius Cluster 37 Kota/Kabupaten MURUNG RAYA Provinsi KALIMANTAN TENGAH,POINT(114.63381701329394 0.1593027422490429),David Jackson Harris,121022/729994/836264,831001101064109,obat-tubuh-mawar-resep-pharma-apotik,537
Tenaga Farmasi Jaya Obat Sejahtera Pharma,Jl. Kucing Pintar Wilayah 72 Kota/Kabupaten SORONG SELATAN Provinsi PAPUA BARAT,POINT(131.8767877118745 -1.5056920633050943),Emily Carter Martin,4102791/31100102/3110685,31104075854110,tenaga-farmasi-jaya-obat-sejahtera-pharma,354
Sejahtera Murni Bumi Medic Sejahtera Bersama,Jl. Mangga Cerah Wilayah 10 Kota/Kabupaten TANAH LAUT Provinsi KALIMANTAN SELATAN,POINT(114.9328339471633 -3.832262311148724),Tom Carter Harris,870177/267683/736046,3180845381102,sejahtera-murni-bumi-medic-sejahtera-bersama,676
Bintang Makmur Sejahtera Obat Jaya Pharma,Jl. Durian Besar Komplek 100 Kota/Kabupaten MUSI BANYUASIN Provinsi SUMATERA SELATAN,POINT(104.12600922157672 -2.696945065256108),Katie Clark Moore,1018808/726387/4310032,18320101108305,bintang-makmur-sejahtera-obat-jaya-pharma,414
Bahagia Makmur Sentorsa Obat Sejahtera Sejahtera,Jl. Kebun Kecil Daerah 66 Kota/Kabupaten MERAUKE Provinsi PAPUA,POINT(140.37194626912202 -7.052029939000336),Jessica Hill Johnson,311962/206258/263527,801241852022,bahagia-makmur-sentorsa-obat-sejahtera-sejahtera,224
Toko Farmasi Murni Mawar Jaya Sejahtera,Jl. Gedung Cepat Wilayah 34 Kota/Kabupaten BANDUNG BARAT Provinsi JAWA BARAT,POINT(107.59491970806698 -6.751839753189636),Megan Jackson Garcia,10103513/2154105/344398,8660227610801,toko-farmasi-murni-mawar-jaya-sejahtera,133
Makmur Medical Cemerlang Surya Sehat Apotek,Jl. Anjing Cerdas Wilayah 34 Kota/Kabupaten MALUKU TENGGARA BARAT Provinsi MALUKU,POINT(131.26749232030843 -7.644759535503557),Brittany Nelson Williams,916210/21010541/733096,806156378040,makmur-medical-cemerlang-surya-sehat-apotek,176
Berkah Jaya Amanah Apotik Sejahtera Pharma,Jl. Rambutan Pendek Cluster 92 Kota/Kabupaten TIMOR TENGAH UTARA Provinsi NUSA TENGGARA TIMUR,POINT(124.80395707014704 -9.16651694718578),John Brown Thomas,516215/726422/1053273,914002597878,berkah-jaya-amanah-apotik-sejahtera-pharma,26
Mawar Apotik Medic Farmasi Pharma Apotek,Jl. Kebun Tinggi Komplek 36 Kota/Kabupaten LANGKAT Provinsi SUMATERA UTARA,POINT(98.33038143486726 3.6997253627211286),Jessica Brown Jones,6110521/9291810/7211013,6601175104870,mawar-apotik-medic-farmasi-pharma-apotek,102
Sentorsa Jaya Bintang Indah Pharm Sejahtera,Jl. Gajah Indah Blok 47 Kota/Kabupaten KUTAI TIMUR Provinsi KALIMANTAN TIMUR,POINT(116.25542122149896 1.665884519297526),Lauren Carter Wilson,2116110/274392/451397,108115681917,sentorsa-jaya-bintang-indah-pharm-sejahtera,672
Sejahtera Bahagia Medical Bakti Sejahtera Jaya,Jl. Anjing Sejahtera Cluster 2 Kota/Kabupaten MURUNG RAYA Provinsi KALIMANTAN TENGAH,POINT(114.36913573280884 -0.1386669404181226),Jessica Hill Wilson,1106516/8892106/419839,218366503059,sejahtera-bahagia-medical-bakti-sejahtera-jaya,289
Surya Bintang Jaya Medical Sehat Medika,Jl. Anjing Kecil Cluster 94 Kota/Kabupaten MOROWALI UTARA Provinsi SULAWESI TENGAH,POINT(121.18789428023642 -2.231640029053189),Katie Williams Williams,836187/561247/976136,71410038117100,surya-bintang-jaya-medical-sehat-medika,902
Mawar Cemerlang Lestari Medical Sejahtera Apotik,Jl. Rambutan Cermat Wilayah 71 Kota/Kabupaten ASMAT Provinsi PAPUA,POINT(138.55676721185552 -5.885473963826796),Matt Thomas Miller,1062168/724176/356477,10789001010855,mawar-cemerlang-lestari-medical-sejahtera-apotik,653
Mutiara Nusantara Makmur Bahagia Sehat Medika,Jl. Kebun Tinggi Daerah 38 Kota/Kabupaten MAPPI Provinsi PAPUA,POINT(138.8643402342886 -6.721453451677868),Chris Lewis Martin,10161014/785268/304231,150717576880,mutiara-nusantara-makmur-bahagia-sehat-medika,580
Prima Harmoni Surya Nusantara Bersama Sejahtera,Jl. Anjing Kecil Daerah 46 Kota/Kabupaten GUNUNG MAS Provinsi KALIMANTAN TENGAH,POINT(113.81898861267857 -1.5539157333933478),Michael Lewis Anderson,1893810/1012327/2961043,7392061108961,prima-harmoni-surya-nusantara-bersama-sejahtera,477
Medic Bumi Lestari Makmur Sejahtera Apotik,Jl. Kebun Sejahtera Cluster 74 Kota/Kabupaten BANGKA TENGAH Provinsi KEPULAUAN BANGKA BELITUNG,POINT(105.97379206706404 -2.36943336845313),Alex Brown Williams,101011092/302149/338842,6330301485104,medic-bumi-lestari-makmur-sejahtera-apotik,312
Toko Apotik Medical Berkah Jaya Sejahtera,Jl. Pisang Pendek Komplek 97 Kota/Kabupaten MIMIKA Provinsi PAPUA,POINT(136.82541782042205 -4.616906378837406),Steve Hill Miller,231953/591232/336047,6010188574971,toko-apotik-medical-berkah-jaya-sejahtera,660
Medic Mutiara Apotik Murni Jaya Medika,Jl. Anjing Pendek Daerah 68 Kota/Kabupaten KOTA TIDORE KEPULAUAN Provinsi MALUKU UTARA,POINT(127.62868028809076 0.4312902898313879),Steve Williams Robinson,710723/282020/357450,519269356086,medic-mutiara-apotik-murni-jaya-medika,887
Indah Medical Resep Murni Pharm Medik,Jl. Rambutan Jenius Daerah 10 Kota/Kabupaten MALINAU Provinsi KALIMANTAN UTARA,POINT(115.32110813649578 2.2824161625463137),Lauren Adams Moore,513021/204748/5339103,10091289868102,indah-medical-resep-murni-pharm-medik,31
Mawar Sehat Terang Bintang Sejahtera Sehat,Jl. Kota Jenius Blok 58 Kota/Kabupaten MUSI BANYUASIN Provinsi SUMATERA SELATAN,POINT(103.65086655661206 -2.684027276196298),Steve Martinez Brown,618787/692397/609503,10714484911030,mawar-sehat-terang-bintang-sejahtera-sehat,31
Bahagia Cemerlang Tubuh Sentorsa Bersama Medik,Jl. Mangga Pintar Komplek 52 Kota/Kabupaten PANIAI Provinsi PAPUA,POINT(136.2912923686169 -3.791749446239046),Chris Johnson Moore,742164/800722/3171033,8510782858012,bahagia-cemerlang-tubuh-sentorsa-bersama-medik,381
Prima Sejahtera Sentorsa Mutiara Pharma Bersama,Jl. Gunung Cerah Cluster 75 Kota/Kabupaten KETAPANG Provinsi KALIMANTAN BARAT,POINT(110.7402319958838 -2.653579182098147),Sarah Anderson Moore,6113210/1921005/435005,881340374098,prima-sejahtera-sentorsa-mutiara-pharma-bersama,52
Medic Jaya Makmur Nusantara Sehat Medika,Jl. Kuda Kecil Komplek 90 Kota/Kabupaten KUTAI KARTANEGARA Provinsi KALIMANTAN TIMUR,POINT(115.9333054776249 0.8847706027315407),Michael Harris Davis,3291017/1033263/440381,89510153100108,medic-jaya-makmur-nusantara-sehat-medika,423
Surya Farmasi Tenaga Prima Bersama Sejahtera,Jl. Gunung Cermat Cluster 100 Kota/Kabupaten YALIMO Provinsi PAPUA,POINT(139.33557884129925 -3.96230809590707),Sarah Hill Johnson,51051051/12102010/288663,3441001401480,surya-farmasi-tenaga-prima-bersama-sejahtera,7
Kimia Bakti Sejahtera Mutiara Pharm Bersama,Jl. Kota Pintar Blok 9 Kota/Kabupaten AGAM Provinsi SUMATERA BARAT,POINT(99.84686125488072 -0.2019015152366208),Lauren Carter Harris,10071021/2411022/461539,212010108380010,kimia-bakti-sejahtera-mutiara-pharm-bersama,407
Medical Indah Obat Cemerlang Apotik Pharm,Jl. Jeruk Kecil Cluster 80 Kota/Kabupaten PESISIR SELATAN Provinsi SUMATERA BARAT,POINT(101.03829196838028 -2.2235467994137874),John Nelson Davis,1721007/228843/803543,1722405100837,medical-indah-obat-cemerlang-apotik-pharm,872
Sentorsa Jaya Harmoni Medic Pharma Apotek,Jl. Sawah Sejahtera Komplek 14 Kota/Kabupaten WAY KANAN Provinsi LAMPUNG,POINT(104.72650456554892 -4.493406754655036),John Harris Jones,153341/960612/723158,81050885103015,sentorsa-jaya-harmoni-medic-pharma-apotek,13
Mawar Amanah Prima Medical Apotek Pharm,Jl. Gajah Kecil Komplek 50 Kota/Kabupaten MURUNG RAYA Provinsi KALIMANTAN TENGAH,POINT(113.63180020150128 0.0501791535357174),Tom Johnson Jones,913950/1086229/876293,100587010816105,mawar-amanah-prima-medical-apotek-pharm,403
Makmur Bintang Obat Lestari Pharm Apotek,Jl. Kebun Kecil Cluster 45 Kota/Kabupaten MANOKWARI SELATAN Provinsi PAPUA BARAT,POINT(134.0934703781757 -1.551665259541954),Allison Carter White,1010586/2109284/101793,1089746245201,makmur-bintang-obat-lestari-pharm-apotek,603
Indah Medical Nusantara Farmasi Pharm Medik,Jl. Durian Jenius Cluster 19 Kota/Kabupaten KOLAKA TIMUR Provinsi SULAWESI TENGGARA,POINT(121.65327034341688 -3.753243820871729),Ashley White Taylor,481451/3213210/115832,2548189810910,indah-medical-nusantara-farmasi-pharm-medik,482
Apotik Jaya Prima Surya Apotek Medik,Jl. Pisang Kecil Cluster 64 Kota/Kabupaten MURUNG RAYA Provinsi KALIMANTAN TENGAH,POINT(114.60376055828785 -0.2458454388780779),Brittany White Brown,914141/358726/1483108,21031091008828,apotik-jaya-prima-surya-apotek-medik,649
Tubuh Amanah Jaya Makmur Medik Bersama,Jl. Ikan Cerdas Blok 65 Kota/Kabupaten TAPANULI SELATAN Provinsi SUMATERA UTARA,POINT(99.21303832309788 1.495464139167968),Ashley Lewis Taylor,547717/279217/149137,465812137220,tubuh-amanah-jaya-makmur-medik-bersama,193
Surya Nusantara Bahagia Farmasi Sejahtera Sehat,Jl. Kuda Cermat Daerah 17 Kota/Kabupaten MAPPI Provinsi PAPUA,POINT(139.1325264277114 -7.105001096480672),Steve Hill Miller,601360/338230/823932,6501290810209,surya-nusantara-bahagia-farmasi-sejahtera-sehat,106
Bahagia Bumi Jaya Jaya Medika Sejahtera,Jl. Rambutan Cermat Cluster 33 Kota/Kabupaten BURU SELATAN Provinsi MALUKU,POINT(126.4757973583607 -3.4313716070568923),Katie Anderson Martin,9814105/5121076/5327104,1410988501881,bahagia-bumi-jaya-jaya-medika-sejahtera,614
Bahagia Cemerlang Tubuh Kimia Jaya Sehat,Jl. Apel Cerdas Daerah 41 Kota/Kabupaten KUTAI KARTANEGARA Provinsi KALIMANTAN TIMUR,POINT(116.2028505684482 0.4578500030360182),Steve Jones Harris,81104101/1089082/8410301,8161104288006,bahagia-cemerlang-tubuh-kimia-jaya-sehat,598
Berkah Bintang Makmur Terang Jaya Bersama,Jl. Balai Cerdas Komplek 87 Kota/Kabupaten PULANG PISAU Provinsi KALIMANTAN TENGAH,POINT(113.86092645495424 -2.5323339980231907),Rachel Carter Brown,1093190/2041110/367463,810104344001011,berkah-bintang-makmur-terang-jaya-bersama,271
Amanah Mawar Prima Bahagia Medika Sehat,Jl. Balai Indah Wilayah 86 Kota/Kabupaten ROKAN HILIR Provinsi RIAU,POINT(100.82406800757434 2.177348013425057),Jessica Lewis Jackson,510101051/1107325/527034,3950315800210,amanah-mawar-prima-bahagia-medika-sehat,510
Terang Medic Sentorsa Apotik Medika Apotek,Jl. Kebun Kecil Wilayah 17 Kota/Kabupaten MINAHASA TENGGARA Provinsi SULAWESI UTARA,POINT(124.6963445939748 1.0480875701632917),Megan Carter Martin,72101010/428762/1043338,1080231881310,terang-medic-sentorsa-apotik-medika-apotek,24
Tubuh Sehat Berkah Apotik Sejahtera Pharma,Jl. Kota Jenius Cluster 87 Kota/Kabupaten MUSI BANYUASIN Provinsi SUMATERA SELATAN,POINT(103.32314324745197 -2.453816179963905),Tom Smith Jackson,2811105/260829/9310710,34110805001018,tubuh-sehat-berkah-apotik-sejahtera-pharma,180
Farmasi Tubuh Bakti Sehat Apotek Bersama,Jl. Kebun Cerah Daerah 2 Kota/Kabupaten BOYOLALI Provinsi JAWA TENGAH,POINT(110.53296672446147 -7.478383290231095),Lauren Clark Smith,123022/692036/3103872,480235503177,farmasi-tubuh-bakti-sehat-apotek-bersama,629
Bahagia Murni Harmoni Toko Bersama Farma,Jl. Anjing Cerah Daerah 17 Kota/Kabupaten NUNUKAN Provinsi KALIMANTAN UTARA,POINT(115.92230773315256 4.060139970050489),Sarah Lewis Thompson,981126/617528/5310983,618906886579,bahagia-murni-harmoni-toko-bersama-farma,410
Medic Prima Sentorsa Mawar Sejahtera Apotek,Jl. Kucing Indah Daerah 26 Kota/Kabupaten YALIMO Provinsi PAPUA,POINT(139.84727897407708 -3.674600528629399),Matt Anderson Thompson,281893/42710310/6338104,381968150481,medic-prima-sentorsa-mawar-sejahtera-apotek,282
Medic Bakti Sejahtera Bintang Pharm Sejahtera,Jl. Balai Pendek Daerah 12 Kota/Kabupaten TELUK WONDAMA Provinsi PAPUA BARAT,POINT(134.5690662872902 -2.5801005919032622),Jessica Parker Anderson,1091911/31010224/813457,1015284251017,medic-bakti-sejahtera-bintang-pharm-sejahtera,216
Lestari Murni Mawar Toko Jaya Medika,Jl. Sirih Cepat Cluster 21 Kota/Kabupaten BATANGHARI Provinsi JAMBI,POINT(102.86157302250297 -1.573880792665021),Sarah Adams Williams,113168/162469/3022810,170600488950,lestari-murni-mawar-toko-jaya-medika,351
Indah Berkah Toko Terang Farma Apotik,Jl. Ikan Sejahtera Blok 37 Kota/Kabupaten MAMBERAMO RAYA Provinsi PAPUA,POINT(137.58189084866885 -2.8351300495029577),Sarah Smith Moore,120612/1012728/394615,647078580021,indah-berkah-toko-terang-farma-apotik,99
Cemerlang Sejahtera Surya Murni Pharm Medik,Jl. Anjing Kecil Komplek 62 Kota/Kabupaten KOTAWARINGIN BARAT Provinsi KALIMANTAN TENGAH,POINT(111.63769373758043 -2.9290857907585384),Lauren Thomas Taylor,977817/524128/1381074,1000856541031,cemerlang-sejahtera-surya-murni-pharm-medik,7
Sentorsa Makmur Murni Medic Farma Sejahtera,Jl. Balai Cerdas Komplek 38 Kota/Kabupaten KAPUAS Provinsi KALIMANTAN TENGAH,POINT(114.11572522937117 -1.3475369706953106),Sarah Adams Thomas,171845/10341012/8730710,1568105074100,sentorsa-makmur-murni-medic-farma-sejahtera,46
Jaya Sehat Mawar Badan Medik Bersama,Jl. Kuda Kecil Wilayah 82 Kota/Kabupaten TANA TIDUNG Provinsi KALIMANTAN UTARA,POINT(117.49417506882726 3.480363978391184),Allison White Brown,1252510/532402/637229,1002460972187,jaya-sehat-mawar-badan-medik-bersama,521
Jaya Apotik Prima Surya Jaya Apotik,Jl. Ikan Pendek Daerah 91 Kota/Kabupaten RAJA AMPAT Provinsi PAPUA BARAT,POINT(129.8648356100566 -1.9503119033461007),Lauren Johnson Jackson,788516/112274/5310561,114958778502,jaya-apotik-prima-surya-jaya-apotik,623
Sentorsa Nusantara Farmasi Terang Sehat Jaya,Jl. Sawah Jenius Cluster 24 Kota/Kabupaten WAROPEN Provinsi PAPUA,POINT(136.2301233522469 -2.815305779127579),Jason Johnson Smith,726381/463672/443318,883211839209,sentorsa-nusantara-farmasi-terang-sehat-jaya,484
Sentorsa Medic Sejahtera Surya Bersama Jaya,Jl. Gedung Kecil Daerah 45 Kota/Kabupaten FAKFAK Provinsi PAPUA BARAT,POINT(133.43912303475005 -2.9512562443061574),David Smith Harris,193189/824706/430233,2978111020847,sentorsa-medic-sejahtera-surya-bersama-jaya,4
Sejahtera Cemerlang Makmur Badan Bersama Apotik,Jl. Pisang Tinggi Blok 47 Kota/Kabupaten TRENGGALEK Provinsi JAWA TIMUR,POINT(111.71371846775048 -8.053271343402143),Ashley Martinez Jones,21010610/652420/9663310,1570010815178,sejahtera-cemerlang-makmur-badan-bersama-apotik,163
Obat Jaya Tubuh Mutiara Sejahtera Bersama,Jl. Gunung Pendek Komplek 88 Kota/Kabupaten SIGI Provinsi SULAWESI TENGAH,POINT(120.01718730292072 -1.0363849003912495),Steve Thomas Miller,1107517/277217/3155109,1931810698310,obat-jaya-tubuh-mutiara-sejahtera-bersama,672
Jaya Resep Badan Sentorsa Apotik Jaya,Jl. Anjing Cerah Blok 97 Kota/Kabupaten BULUNGAN Provinsi KALIMANTAN UTARA,POINT(116.3884483086338 2.5278221180540896),Rachel Jackson Moore,10975101/923805/3691010,8098189010864,jaya-resep-badan-sentorsa-apotik-jaya,175
Murni Mawar Tenaga Terang Medik Medika,Jl. Mangga Indah Blok 100 Kota/Kabupaten KUTAI TIMUR Provinsi KALIMANTAN TIMUR,POINT(117.57564974592954 0.9454068857155438),Alex Brown Wilson,6110415/8825910/5365101,189317041844,murni-mawar-tenaga-terang-medik-medika,489
Surya Cemerlang Terang Indah Bersama Apotik,Jl. Kucing Tinggi Blok 49 Kota/Kabupaten PEGUNUNGAN BINTANG Provinsi PAPUA,POINT(140.67736659580837 -4.596790332831342),Emily Brown Williams,845971/259845/610399,51098510110605,surya-cemerlang-terang-indah-bersama-apotik,793
Prima Murni Bumi Surya Apotik Jaya,Jl. Kota Kecil Blok 12 Kota/Kabupaten KEPULAUAN SELAYAR Provinsi SULAWESI SELATAN,POINT(121.15165297699942 -7.359927413704222),Matt Hill Wilson,581163/2109910/830524,700815828323,prima-murni-bumi-surya-apotik-jaya,686
Medic Makmur Cemerlang Medical Jaya Sehat,Jl. Kuda Cermat Komplek 78 Kota/Kabupaten BANGGAI Provinsi SULAWESI TENGAH,POINT(122.26099600646212 -0.7942564603991862),Mark Nelson Smith,331441/3103826/407329,743043716821,medic-makmur-cemerlang-medical-jaya-sehat,415
Apotik Kimia Toko Bahagia Sejahtera Medik,Jl. Jeruk Pintar Blok 63 Kota/Kabupaten SUMBAWA Provinsi NUSA TENGGARA BARAT,POINT(117.46051139886268 -8.776450364669433),Michael Clark Thompson,351194/652235/898311,5105806044613,apotik-kimia-toko-bahagia-sejahtera-medik,583
Cemerlang Surya Tubuh Medic Medik Sehat,Jl. Sirih Cepat Cluster 93 Kota/Kabupaten MERAUKE Provinsi PAPUA,POINT(140.26716784645205 -8.210717756163996),Megan Martinez Garcia,1100760/3102264/253571,2511470805010,cemerlang-surya-tubuh-medic-medik-sehat,534
Prima Bahagia Lestari Bintang Bersama Pharma,Jl. Gunung Pendek Blok 89 Kota/Kabupaten CIANJUR Provinsi JAWA BARAT,POINT(107.06410348287872 -7.340329723662846),Ashley Brown Martin,931825/886224/573322,594905680601,prima-bahagia-lestari-bintang-bersama-pharma,91
Sehat Murni Bintang Resep Farma Medika,Jl. Rambutan Jenius Wilayah 65 Kota/Kabupaten PULANG PISAU Provinsi KALIMANTAN TENGAH,POINT(114.25130364503366 -2.652086446776069),Ashley Taylor Harris,838416/5621061/236267,1610701537800,sehat-murni-bintang-resep-farma-medika,474
Makmur Bintang Medic Amanah Sejahtera Bersama,Jl. Kuda Kecil Komplek 13 Kota/Kabupaten KUTAI TIMUR Provinsi KALIMANTAN TIMUR,POINT(116.74451903056816 0.7804510103109177),Matt Williams Jones,1626110/466427/304479,760412209860,makmur-bintang-medic-amanah-sejahtera-bersama,635
Berkah Amanah Sejahtera Kimia Apotik Bersama,Jl. Apel Kecil Blok 62 Kota/Kabupaten KUTAI KARTANEGARA Provinsi KALIMANTAN TIMUR,POINT(116.9869834674074 -0.5176647530487593),Jason White Garcia,122611/1032116/8410134,1081045860583,berkah-amanah-sejahtera-kimia-apotik-bersama,68
Obat Berkah Farmasi Terang Medika Sejahtera,Jl. Balai Tinggi Komplek 28 Kota/Kabupaten KUTAI TIMUR Provinsi KALIMANTAN TIMUR,POINT(116.693726822905 1.18547137447192),Ashley Adams Brown,571373/962145/694693,971027381131,obat-berkah-farmasi-terang-medika-sejahtera,738
Medical Sentorsa Farmasi Bahagia Sehat Jaya,Jl. Apel Sejahtera Wilayah 95 Kota/Kabupaten MAMASA Provinsi SULAWESI BARAT,POINT(119.23297210734434 -3.066713473602677),David Johnson Smith,417911/4223210/935902,791107108885,medical-sentorsa-farmasi-bahagia-sehat-jaya,868
Terang Indah Prima Harmoni Sejahtera Pharm,Jl. Jeruk Indah Blok 13 Kota/Kabupaten LUWU UTARA Provinsi SULAWESI SELATAN,POINT(120.2161301441009 -2.679440429895278),Jason Taylor Garcia,3360110/586022/280803,3857505821610,terang-indah-prima-harmoni-sejahtera-pharm,129
Bumi Harmoni Sehat Amanah Sehat Farma,Jl. Durian Pendek Komplek 74 Kota/Kabupaten LAMPUNG BARAT Provinsi LAMPUNG,POINT(104.25912720146766 -5.260561375941575),Allison Clark White,3101487/620006/513116,413009348290,bumi-harmoni-sehat-amanah-sehat-farma,74
Toko Prima Bahagia Badan Sejahtera Farma,Jl. Gunung Tinggi Daerah 44 Kota/Kabupaten OGAN KOMERING ULU TIMUR Provinsi SUMATERA SELATAN,POINT(104.5018244315434 -3.96452990062743),Jessica Hill Wilson,7710319/249667/530006,34187371010400,toko-prima-bahagia-badan-sejahtera-farma,198
Tenaga Kimia Sejahtera Prima Apotek Apotik,Jl. Duku Kecil Komplek 100 Kota/Kabupaten SERUYAN Provinsi KALIMANTAN TENGAH,POINT(112.35368741580756 -2.4687834939113635),Matt Roberts Williams,448416/976272/904303,540156807048,tenaga-kimia-sejahtera-prima-apotek-apotik,228
Bumi Prima Mawar Jaya Sejahtera Pharma,Jl. Ikan Cepat Daerah 32 Kota/Kabupaten KOLAKA TIMUR Provinsi SULAWESI TENGGARA,POINT(121.935460588815 -4.239603219830761),Jason Jones Wilson,4896110/4103525/373510,6710188616506,bumi-prima-mawar-jaya-sejahtera-pharma,53
Surya Sehat Obat Mawar Sehat Jaya,Jl. Balai Besar Daerah 99 Kota/Kabupaten SAROLANGUN Provinsi JAMBI,POINT(102.17818582272434 -2.589186962438053),Lauren Hill Moore,837193/226736/156308,88316102088105,surya-sehat-obat-mawar-sehat-jaya,590
Bakti Prima Makmur Tubuh Farma Jaya,Jl. Balai Cerdas Cluster 30 Kota/Kabupaten MEMPAWAH Provinsi KALIMANTAN BARAT,POINT(109.15502425935544 0.6229112561926318),Katie Hill Davis,767931/71010218/11001053,50101082936175,bakti-prima-makmur-tubuh-farma-jaya,259
Toko Bumi Jaya Nusantara Pharm Sejahtera,Jl. Kebun Tinggi Daerah 19 Kota/Kabupaten MAMBERAMO RAYA Provinsi PAPUA,POINT(137.79604613103268 -1.6055084287756305),Tom Parker Williams,9181105/273302/651543,406119662280,toko-bumi-jaya-nusantara-pharm-sejahtera,510
Indah Farmasi Tubuh Obat Medika Jaya,Jl. Apel Jenius Cluster 7 Kota/Kabupaten TEBO Provinsi JAMBI,POINT(101.94510146734876 -1.0297286886483406),Jason Taylor Robinson,144481/390532/303057,351186093880,indah-farmasi-tubuh-obat-medika-jaya,511
Medic Terang Mutiara Farmasi Apotek Sejahtera,Jl. Kota Tinggi Blok 43 Kota/Kabupaten SIDENRENG RAPPANG Provinsi SULAWESI SELATAN,POINT(119.80693773451344 -3.822474497101288),Lauren Clark Johnson,6616110/392271/79710310,1113101782029,medic-terang-mutiara-farmasi-apotek-sejahtera,625
Toko Tubuh Obat Medic Medik Medika,Jl. Gunung Cermat Blok 18 Kota/Kabupaten PESISIR SELATAN Provinsi SUMATERA BARAT,POINT(101.00011183120333 -1.6138911526134354),Emily Williams Jones,41012510/127723/5593410,104010110984554,toko-tubuh-obat-medic-medik-medika,2
Jaya Obat Amanah Tenaga Sejahtera Medika,Jl. Anjing Kecil Cluster 62 Kota/Kabupaten NUNUKAN Provinsi KALIMANTAN UTARA,POINT(117.40642494882778 3.6891017270155793),Lauren Clark Thompson,4851110/645520/328860,1473774386010,jaya-obat-amanah-tenaga-sejahtera-medika,957
Berkah Mutiara Bakti Sehat Farma Pharm,Jl. Pisang Pintar Daerah 47 Kota/Kabupaten NABIRE Provinsi PAPUA,POINT(135.54246667508568 -3.485624338102813),Megan Lewis Thompson,164632/718372/357642,498700853147,berkah-mutiara-bakti-sehat-farma-pharm,970
Medic Surya Jaya Tubuh Farma Apotik,Jl. Kucing Tinggi Blok 93 Kota/Kabupaten KEEROM Provinsi PAPUA,POINT(140.43764905194126 -3.6905817035774),Jessica Jones Thomas,871316/64621010/501537,1691085160862,medic-surya-jaya-tubuh-farma-apotik,227
Toko Mutiara Berkah Surya Sehat Jaya,Jl. Kebun Sejahtera Blok 94 Kota/Kabupaten TELUK BINTUNI Provinsi PAPUA BARAT,POINT(132.71179861694455 -2.1262934565680425),Michael Martinez Anderson,1488103/7007102/4101003,5890578110127,toko-mutiara-berkah-surya-sehat-jaya,737
Bakti Terang Jaya Indah Medik Pharma,Jl. Apel Sejahtera Daerah 32 Kota/Kabupaten ASMAT Provinsi PAPUA,POINT(138.87861877575597 -6.33307064433226),Michael Clark Garcia,821614/261344/538913,1036100017891,bakti-terang-jaya-indah-medik-pharma,549
Makmur Murni Jaya Medical Pharma Medik,Jl. Kota Cepat Cluster 28 Kota/Kabupaten MAMBERAMO RAYA Provinsi PAPUA,POINT(137.40630086308596 -2.7684439696599163),Megan Clark Smith,157483/497827/732173,607631035841,makmur-murni-jaya-medical-pharma-medik,862
Bintang Obat Apotik Medical Sejahtera Sehat,Jl. Jeruk Kecil Komplek 31 Kota/Kabupaten MURUNG RAYA Provinsi KALIMANTAN TENGAH,POINT(114.98510220131897 0.6192307476617938),Chris Carter Davis,23109101/9215910/8510363,252082207187,bintang-obat-apotik-medical-sejahtera-sehat,625
Prima Surya Bintang Prima Sejahtera Medik,Jl. Gunung Sejahtera Blok 48 Kota/Kabupaten BOVEN DIGOEL Provinsi PAPUA,POINT(140.57611515509197 -5.324279570970153),Steve Martinez White,976311/462134/7103080,7305811101060,prima-surya-bintang-prima-sejahtera-medik,869
Jaya Sejahtera Medic Tubuh Sejahtera Jaya,Jl. Anjing Cerah Daerah 49 Kota/Kabupaten LAMPUNG BARAT Provinsi LAMPUNG,POINT(104.10406195160624 -5.046205508770132),Matt Thomas Johnson,11010031/5610203/7110233,3446005178210,jaya-sejahtera-medic-tubuh-sejahtera-jaya,729
Surya Berkah Medical Surya Medik Sejahtera,Jl. Jeruk Jenius Daerah 36 Kota/Kabupaten BEKASI Provinsi JAWA BARAT,POINT(107.01938632025694 -6.108733080192752),Tom Martinez Brown,219211/814842/520834,5550557101018,surya-berkah-medical-surya-medik-sejahtera,72
Prima Bintang Bakti Prima Farma Medika,Jl. Tembok Cermat Daerah 99 Kota/Kabupaten MERAUKE Provinsi PAPUA,POINT(139.44262327238 -8.04555938653937),Emily Adams Thomas,9621106/232556/1101733,464124085321,prima-bintang-bakti-prima-farma-medika,25
Tubuh Sejahtera Obat Bakti Apotik Medika,Jl. Apel Jenius Komplek 94 Kota/Kabupaten PADANG LAWAS UTARA Provinsi SUMATERA UTARA,POINT(100.0006991028689 1.477069065176357),Brittany Williams Anderson,591301/10102048/867639,504805528121,tubuh-sejahtera-obat-bakti-apotik-medika,23
Apotik Badan Makmur Harmoni Sejahtera Medik,Jl. Duku Cermat Cluster 85 Kota/Kabupaten MUSI RAWAS UTARA Provinsi SUMATERA SELATAN,POINT(102.38030461090489 -2.9270752302362397),Michael Anderson Jackson,139301/274273/2103933,9980110727195,apotik-badan-makmur-harmoni-sejahtera-medik,24
Amanah Surya Lestari Sentorsa Apotik Pharma,Jl. Jeruk Besar Blok 16 Kota/Kabupaten BARITO SELATAN Provinsi KALIMANTAN TENGAH,POINT(114.8200321306044 -1.5668695628333982),Mark Adams Thompson,182716/8102123/6351042,125177390086,amanah-surya-lestari-sentorsa-apotik-pharma,57
Prima Bakti Mawar Obat Apotik Pharm,Jl. Gedung Indah Komplek 1 Kota/Kabupaten PANDEGLANG Provinsi BANTEN,POINT(105.69473277219302 -6.783822259275792),Emily Clark Thompson,810585/955062/300361,8700119679100,prima-bakti-mawar-obat-apotik-pharm,125
Mutiara Makmur Harmoni Murni Sejahtera Sehat,Jl. Kebun Pintar Cluster 27 Kota/Kabupaten ASMAT Provinsi PAPUA,POINT(138.04920182339674 -5.124584555572154),Michael Hill Johnson,136292/998962/437812,133816175707,mutiara-makmur-harmoni-murni-sejahtera-sehat,234
Farmasi Sejahtera Harmoni Bumi Jaya Apotek,Jl. Apel Pendek Wilayah 59 Kota/Kabupaten MAMBERAMO RAYA Provinsi PAPUA,POINT(138.20521804373607 -2.495519210430645),Rachel Parker Thompson,159642/938281/3738101,10670851011716,farmasi-sejahtera-harmoni-bumi-jaya-apotek,724
Obat Kimia Berkah Terang Bersama Apotik,Jl. Duku Besar Blok 83 Kota/Kabupaten PUNCAK Provinsi PAPUA,POINT(137.2011791995874 -3.9557025256652087),Brittany Anderson Jones,3131011/621482/538337,100109918021010,obat-kimia-berkah-terang-bersama-apotik,222
Jaya Lestari Indah Bintang Pharma Jaya,Jl. Gedung Sejahtera Cluster 54 Kota/Kabupaten POLEWALI MANDAR Provinsi SULAWESI BARAT,POINT(118.98760534243436 -3.096549969823749),Sarah Nelson Martin,10410241/628328/5704103,5882061831088,jaya-lestari-indah-bintang-pharma-jaya,100
Mawar Amanah Medical Badan Pharm Bersama,Jl. Duku Cerdas Cluster 64 Kota/Kabupaten PUNCAK JAYA Provinsi PAPUA,POINT(137.84971742520506 -3.3236257266074998),Brittany Martinez White,138438/2110398/10108635,2119441058509,mawar-amanah-medical-badan-pharm-bersama,47
Jaya Medical Makmur Farmasi Medik Jaya,Jl. Sawah Kecil Daerah 72 Kota/Kabupaten KAMPAR Provinsi RIAU,POINT(101.49319560637817 0.114454863688806),Katie Taylor Anderson,3591014/129871/839795,1075117485072,jaya-medical-makmur-farmasi-medik-jaya,26
Bakti Lestari Sentorsa Prima Medik Farma,Jl. Pisang Kecil Cluster 92 Kota/Kabupaten KAYONG UTARA Provinsi KALIMANTAN BARAT,POINT(109.4733404673286 -1.2644003631926657),Alex Taylor Williams,294071/211642/675360,5991110284086,bakti-lestari-sentorsa-prima-medik-farma,662
Resep Bumi Jaya Tubuh Farma Pharma,Jl. Rambutan Indah Cluster 94 Kota/Kabupaten BANJAR Provinsi KALIMANTAN SELATAN,POINT(115.35569341592752 -3.185301038392338),Alex Nelson Martin,883195/2107872/1056536,128488125019,resep-bumi-jaya-tubuh-farma-pharma,72
Murni Apotik Surya Bakti Pharm Bersama,Jl. Anjing Cerdas Komplek 87 Kota/Kabupaten SUKAMARA Provinsi KALIMANTAN TENGAH,POINT(111.22067519974831 -2.947644419400416),John Nelson Garcia,413018/174452/337822,1101064514018,murni-apotik-surya-bakti-pharm-bersama,409
Terang Jaya Bakti Sentorsa Medik Sehat,Jl. Kuda Tinggi Cluster 17 Kota/Kabupaten LAHAT Provinsi SUMATERA SELATAN,POINT(103.23160569720106 -3.7070656161071858),Brittany Nelson Johnson,846117/9221052/218351,8497391730110,terang-jaya-bakti-sentorsa-medik-sehat,156
Sejahtera Bumi Murni Berkah Medika Jaya,Jl. Rambutan Cermat Komplek 21 Kota/Kabupaten PULAU MOROTAI Provinsi MALUKU UTARA,POINT(128.5024323539436 2.255289685064149),Allison Nelson Martinez,7910281/81023410/8361054,105795088188,sejahtera-bumi-murni-berkah-medika-jaya,54
Jaya Bumi Medical Terang Pharm Jaya,Jl. Tembok Indah Cluster 46 Kota/Kabupaten ACEH BESAR Provinsi ACEH,POINT(95.58053666934676 5.43279122600506),Matt Harris Martin,626831/706252/6104913,6178024103686,jaya-bumi-medical-terang-pharm-jaya,598
Bakti Surya Sentorsa Prima Sejahtera Bersama,Jl. Durian Sejahtera Blok 76 Kota/Kabupaten KAPUAS Provinsi KALIMANTAN TENGAH,POINT(114.07354623460044 -1.0707381071123958),John Parker Robinson,201666/2010978/1610631,9010867328164,bakti-surya-sentorsa-prima-sejahtera-bersama,236
Bahagia Farmasi Murni Cemerlang Farma Pharm,Jl. Pisang Kecil Cluster 38 Kota/Kabupaten KUTAI KARTANEGARA Provinsi KALIMANTAN TIMUR,POINT(116.64195932224276 -0.575990801872388),Ashley Jackson Moore,571771/32021010/534119,1775810590814,bahagia-farmasi-murni-cemerlang-farma-pharm,290
Bakti Medic Surya Amanah Farma Sejahtera,Jl. Durian Tinggi Cluster 91 Kota/Kabupaten KAUR Provinsi BENGKULU,POINT(103.66668919376188 -4.770229047539678),Steve Martinez Jones,346401/1031429/558343,101000750180106,bakti-medic-surya-amanah-farma-sejahtera,182
Nusantara Lestari Bintang Harmoni Medika Pharm,Jl. Pisang Tinggi Blok 79 Kota/Kabupaten MUSI BANYUASIN Provinsi SUMATERA SELATAN,POINT(103.47812637798972 -2.315689683694494),Tom Williams White,732118/52210610/403365,78151091020275,nusantara-lestari-bintang-harmoni-medika-pharm,312
Resep Berkah Bintang Indah Sehat Apotek,Jl. Apel Pendek Komplek 69 Kota/Kabupaten BUOL Provinsi SULAWESI TENGAH,POINT(121.19558946791064 1.156012828982071),Jessica Clark White,121412/2105709/1059833,124371900918,resep-berkah-bintang-indah-sehat-apotek,734
Prima Jaya Mutiara Bintang Bersama Pharma,Jl. Durian Indah Blok 25 Kota/Kabupaten SERDANG BEDAGAI Provinsi SUMATERA UTARA,POINT(99.0177992597914 3.366107490245636),Steve Brown Miller,802581/221432/1035317,701583409913,prima-jaya-mutiara-bintang-bersama-pharma,346
Toko Harmoni Bakti Apotik Medika Sejahtera,Jl. Gedung Cerah Blok 4 Kota/Kabupaten KETAPANG Provinsi KALIMANTAN BARAT,POINT(111.14752523884252 -0.7259931601500398),Rachel Roberts Miller,115671/432030/10162310,5584890104138,toko-harmoni-bakti-apotik-medika-sejahtera,799
Sehat Mutiara Kimia Murni Medika Medik,Jl. Sawah Cermat Cluster 7 Kota/Kabupaten PACITAN Provinsi JAWA TIMUR,POINT(111.16751616490608 -8.223540219784052),Allison Johnson Davis,858176/239640/316697,7105171657880,sehat-mutiara-kimia-murni-medika-medik,571
Resep Mutiara Obat Surya Farma Apotik,Jl. Mangga Cerdas Cluster 4 Kota/Kabupaten KAMPAR Provinsi RIAU,POINT(101.17479525614269 -0.022607898399265),David Lewis Moore,815465/271116/344247,607161888300,resep-mutiara-obat-surya-farma-apotik,39
Mutiara Medical Kimia Makmur Pharma Medika,Jl. Sirih Pendek Komplek 49 Kota/Kabupaten PESISIR BARAT Provinsi LAMPUNG,POINT(104.34718713986037 -5.566914993901333),David Smith Wilson,199108/81025106/3661003,700812101010021,mutiara-medical-kimia-makmur-pharma-medika,253
Harmoni Terang Medical Tubuh Pharm Farma,Jl. Jeruk Kecil Komplek 83 Kota/Kabupaten ROKAN HULU Provinsi RIAU,POINT(100.21398878524896 0.5648642853828125),Steve Nelson Moore,4110921/729213/413243,586383132607,harmoni-terang-medical-tubuh-pharm-farma,354
Murni Kimia Nusantara Jaya Jaya Apotik,Jl. Tembok Cermat Wilayah 19 Kota/Kabupaten LAMANDAU Provinsi KALIMANTAN TENGAH,POINT(111.14271756737438 -1.9108395400483251),John White Martin,10014100/215023/4101370,6040001012845,murni-kimia-nusantara-jaya-jaya-apotik,907
Lestari Surya Harmoni Amanah Sejahtera Sehat,Jl. Tembok Cerah Daerah 98 Kota/Kabupaten KEPULAUAN MENTAWAI Provinsi SUMATERA BARAT,POINT(98.8773737107214 -1.574758833955796),Michael Thomas Garcia,1748810/250366/303306,2001911045812,lestari-surya-harmoni-amanah-sejahtera-sehat,31
Medical Farmasi Lestari Sehat Apotek Medika,Jl. Sawah Besar Daerah 47 Kota/Kabupaten MALAKA Provinsi NUSA TENGGARA TIMUR,POINT(124.94366306232556 -9.441978674680096),Jason Jones Jackson,191134/622150/431381,1086097516737,medical-farmasi-lestari-sehat-apotek-medika,973
Bahagia Surya Surya Jaya Sejahtera Apotik,Jl. Gedung Besar Blok 44 Kota/Kabupaten BUTON Provinsi SULAWESI TENGGARA,POINT(122.85264338050308 -5.53212144095869),Michael Lewis Garcia,188445/4521077/622836,5810450618460,bahagia-surya-surya-jaya-sejahtera-apotik,167
Terang Sentorsa Harmoni Jaya Farma Medik,Jl. Sawah Cepat Blok 35 Kota/Kabupaten KUTAI KARTANEGARA Provinsi KALIMANTAN TIMUR,POINT(117.4679578870108 -0.0472082074850384),John Harris Harris,51011074/728030/340203,408861417000,terang-sentorsa-harmoni-jaya-farma-medik,927
Badan Amanah Prima Surya Pharm Sejahtera,Jl. Apel Besar Blok 2 Kota/Kabupaten MERAUKE Provinsi PAPUA,POINT(140.2087643703546 -7.155188366034793),David Hill Smith,8156610/1108032/1062360,70600818101310,badan-amanah-prima-surya-pharm-sejahtera,117
Cemerlang Resep Jaya Jaya Sehat Sejahtera,Jl. Anjing Cerdas Wilayah 31 Kota/Kabupaten KOTAWARINGIN BARAT Provinsi KALIMANTAN TENGAH,POINT(111.52663083226292 -2.858764114568231),Matt Thomas Wilson,190303/782607/634515,8986100212138,cemerlang-resep-jaya-jaya-sehat-sejahtera,603
Harmoni Jaya Bakti Surya Medika Sehat,Jl. Kebun Cerah Komplek 86 Kota/Kabupaten DEMAK Provinsi JAWA TENGAH,POINT(110.77026369925974 -6.933709009664615),Megan Taylor Thompson,11101088/205588/3393103,126010081001108,harmoni-jaya-bakti-surya-medika-sehat,648
Tubuh Toko Nusantara Murni Pharm Sejahtera,Jl. Sawah Cermat Wilayah 47 Kota/Kabupaten MURUNG RAYA Provinsi KALIMANTAN TENGAH,POINT(114.440226150545 -0.1396641058218115),Michael Hill Martinez,1710869/6610291/654373,1070010079180,tubuh-toko-nusantara-murni-pharm-sejahtera,970
Amanah Surya Harmoni Prima Sejahtera Sejahtera,Jl. Anjing Sari Blok 21 Kota/Kabupaten KOTAWARINGIN TIMUR Provinsi KALIMANTAN TENGAH,POINT(112.80010683293796 -2.600965184571299),Sarah Hill Williams,298158/31025106/387830,100358164316,amanah-surya-harmoni-prima-sejahtera-sejahtera,266
Medic Amanah Farmasi Tenaga Bersama Farma,Jl. Gajah Pendek Cluster 77 Kota/Kabupaten TAMBRAUW Provinsi PAPUA BARAT,POINT(132.3828525435443 -0.9896412434376688),Jessica Lewis Miller,854115/972249/563365,808359716268,medic-amanah-farmasi-tenaga-bersama-farma,461
Lestari Bintang Medic Medical Jaya Sehat,Jl. Kebun Cerah Daerah 79 Kota/Kabupaten JAYAWIJAYA Provinsi PAPUA,POINT(138.84046866237028 -3.810355909115205),Sarah Thomas Jones,129038/249320/179023,704883930811,lestari-bintang-medic-medical-jaya-sehat,647
Sehat Tenaga Prima Makmur Bersama Pharma,Jl. Kucing Kecil Wilayah 41 Kota/Kabupaten SERAM BAGIAN TIMUR Provinsi MALUKU,POINT(130.58338219279787 -3.350036720797723),Megan Roberts White,1103703/1893210/683790,309183824614,sehat-tenaga-prima-makmur-bersama-pharma,80
Sejahtera Lestari Amanah Farmasi Medika Sejahtera,Jl. Jeruk Cepat Komplek 93 Kota/Kabupaten TUBAN Provinsi JAWA TIMUR,POINT(111.83280072341336 -7.0515952744207535),Lauren Jackson Thompson,115111/438132/7310543,104058850707,sejahtera-lestari-amanah-farmasi-medika-sejahtera,672
Medical Bintang Amanah Sejahtera Medika Pharma,Jl. Pisang Cepat Cluster 48 Kota/Kabupaten KUANTAN SINGINGI Provinsi RIAU,POINT(101.42087514910068 -0.5129915860921912),Chris Martinez Miller,381461/952160/2103813,7311062604518,medical-bintang-amanah-sejahtera-medika-pharma,603
Prima Cemerlang Nusantara Medical Apotik Sejahtera,Jl. Sirih Kecil Wilayah 56 Kota/Kabupaten PEGUNUNGAN BINTANG Provinsi PAPUA,POINT(140.95367999646174 -4.305728879067551),Allison Brown Jackson,821116/2091026/333044,230111203882,prima-cemerlang-nusantara-medical-apotik-sejahtera,355
Berkah Toko Terang Bintang Apotek Pharma,Jl. Mangga Kecil Komplek 84 Kota/Kabupaten INDRAGIRI HILIR Provinsi RIAU,POINT(102.58200969993278 -0.9972538853346312),Chris Lewis Martin,7106171/822751/338328,328001200798,berkah-toko-terang-bintang-apotek-pharma,527
Nusantara Apotik Cemerlang Bumi Apotik Sehat,Jl. Ikan Sejahtera Komplek 1 Kota/Kabupaten OGAN KOMERING ILIR Provinsi SUMATERA SELATAN,POINT(106.0582903343737 -3.2646022117053475),David Jackson Martinez,11100810/299636/3991062,22681010104405,nusantara-apotik-cemerlang-bumi-apotik-sehat,769
Nusantara Berkah Jaya Obat Apotik Pharma,Jl. Tembok Sari Komplek 40 Kota/Kabupaten MERAUKE Provinsi PAPUA,POINT(140.32360299904892 -7.168166491476983),Tom Thomas Miller,710383/882802/339088,2857908610217,nusantara-berkah-jaya-obat-apotik-pharma,290
Cemerlang Terang Sentorsa Medic Sejahtera Medika,Jl. Sawah Jenius Komplek 94 Kota/Kabupaten SAMBAS Provinsi KALIMANTAN BARAT,POINT(109.60955503879576 1.682071567916413),Alex Taylor Harris,318927/2107793/81034102,936931601780,cemerlang-terang-sentorsa-medic-sejahtera-medika,133
Resep Medic Surya Jaya Sehat Pharm,Jl. Sawah Cermat Cluster 49 Kota/Kabupaten SIKKA Provinsi NUSA TENGGARA TIMUR,POINT(122.5285510538996 -8.558026263718137),Matt Williams Thomas,410415/822459/316453,838024145417,resep-medic-surya-jaya-sehat-pharm,206
Murni Jaya Mawar Medical Sehat Farma,Jl. Kucing Cerah Daerah 5 Kota/Kabupaten MAMBERAMO RAYA Provinsi PAPUA,POINT(138.869593087944 -2.9116205910707915),Jason Jones Williams,1108373/508721/343023,1005481155105,murni-jaya-mawar-medical-sehat-farma,553
Obat Bintang Indah Sehat Sejahtera Apotik,Jl. Kebun Tinggi Komplek 86 Kota/Kabupaten BANDUNG Provinsi JAWA BARAT,POINT(107.66615588221536 -6.973503927567364),Steve Carter White,2811089/814253/273390,5160482106457,obat-bintang-indah-sehat-sejahtera-apotik,968
Resep Jaya Surya Makmur Medika Apotik,Jl. Anjing Jenius Cluster 6 Kota/Kabupaten YAHUKIMO Provinsi PAPUA,POINT(139.11172028546952 -4.745247970780032),Alex Nelson Brown,2412102/7102661/440304,142600905287,resep-jaya-surya-makmur-medika-apotik,841
Prima Makmur Medical Surya Apotik Apotek,Jl. Jeruk Cerah Wilayah 34 Kota/Kabupaten BIMA Provinsi NUSA TENGGARA BARAT,POINT(118.80404627765508 -8.532955136083073),Lauren White Garcia,4515109/570428/860632,918862890381,prima-makmur-medical-surya-apotik-apotek,262
Resep Jaya Makmur Bumi Jaya Sejahtera,Jl. Kucing Sejahtera Komplek 38 Kota/Kabupaten BIREUEN Provinsi ACEH,POINT(96.71139920951892 5.221040329523161),Mark Carter Jones,1061105/7116210/373519,195451988780,resep-jaya-makmur-bumi-jaya-sejahtera,278
Bintang Apotik Mutiara Resep Sejahtera Sehat,Jl. Tembok Sari Cluster 11 Kota/Kabupaten PEGUNUNGAN ARFAK Provinsi PAPUA BARAT,POINT(133.67934637828395 -1.3552941301883408),Michael Jackson Taylor,1015747/429217/1037330,3000061098851,bintang-apotik-mutiara-resep-sejahtera-sehat,799
Obat Sentorsa Farmasi Bahagia Medika Apotek,Jl. Duku Cepat Komplek 40 Kota/Kabupaten BOMBANA Provinsi SULAWESI TENGGARA,POINT(121.73841481701032 -4.820122150877332),Mark Martinez Garcia,941852/8402310/332330,20841017354100,obat-sentorsa-farmasi-bahagia-medika-apotek,48
Bakti Amanah Badan Makmur Pharma Sehat,Jl. Balai Tinggi Cluster 31 Kota/Kabupaten BANYUASIN Provinsi SUMATERA SELATAN,POINT(104.44667141979522 -2.8532713797703853),Emily Carter Robinson,10100371/277291/383783,750614826007,bakti-amanah-badan-makmur-pharma-sehat,120
Medic Obat Makmur Farmasi Pharma Apotek,Jl. Pisang Cepat Daerah 55 Kota/Kabupaten BANGKA BARAT Provinsi KEPULAUAN BANGKA BELITUNG,POINT(105.40750665476004 -1.9921947152321968),Rachel Martinez White,881296/132239/306281,7881004712899,medic-obat-makmur-farmasi-pharma-apotek,642
Lestari Bumi Bintang Cemerlang Apotek Jaya,Jl. Sawah Cermat Komplek 43 Kota/Kabupaten KUTAI TIMUR Provinsi KALIMANTAN TIMUR,POINT(117.67122009185734 0.6396400001446239),Emily Williams Harris,8614100/277697/3251023,92083073101101,lestari-bumi-bintang-cemerlang-apotek-jaya,89
Cemerlang Jaya Badan Bintang Apotek Apotik,Jl. Rambutan Sari Wilayah 53 Kota/Kabupaten KUBU RAYA Provinsi KALIMANTAN BARAT,POINT(109.62129141918646 -0.9684272857142826),Jessica Thomas Martinez,2110313/7922010/610368,787196879043,cemerlang-jaya-badan-bintang-apotek-apotik,157
Medic Sentorsa Berkah Cemerlang Medika Apotik,Jl. Kucing Jenius Blok 100 Kota/Kabupaten OGAN KOMERING ILIR Provinsi SUMATERA SELATAN,POINT(105.76441783721674 -2.782878880512339),Brittany Adams Brown,511221/219243/5301049,20081010217210,medic-sentorsa-berkah-cemerlang-medika-apotik,75
Berkah Apotik Farmasi Jaya Medik Bersama,Jl. Durian Jenius Blok 94 Kota/Kabupaten MAPPI Provinsi PAPUA,POINT(139.37589519603907 -5.665149674081113),Ashley Anderson Robinson,4619910/566902/2235105,8811490668710,berkah-apotik-farmasi-jaya-medik-bersama,198
Jaya Apotik Amanah Obat Pharm Apotek,Jl. Sawah Sari Wilayah 93 Kota/Kabupaten BENGKAYANG Provinsi KALIMANTAN BARAT,POINT(110.04809983551318 1.137507748162541),Chris Jones Miller,149468/5412610/656332,207078113268,jaya-apotik-amanah-obat-pharm-apotek,974
Terang Badan Makmur Resep Apotik Farma,Jl. Gedung Cepat Komplek 75 Kota/Kabupaten LAMPUNG TENGAH Provinsi LAMPUNG,POINT(105.45940666054716 -4.502340266596992),Brittany Jones Jackson,382741/271876/9010873,815614190889,terang-badan-makmur-resep-apotik-farma,63
Prima Murni Indah Bintang Sehat Medika,Jl. Mangga Tinggi Blok 75 Kota/Kabupaten PASER Provinsi KALIMANTAN TIMUR,POINT(115.8437719628418 -1.7521659149516309),John Hill Brown,172102/1108261/300730,811508047033,prima-murni-indah-bintang-sehat-medika,609
Tubuh Kimia Medic Obat Sejahtera Pharma,Jl. Tembok Cerdas Cluster 14 Kota/Kabupaten BARRU Provinsi SULAWESI SELATAN,POINT(119.6734686756751 -4.634322600579328),Jason Hill Moore,418745/922456/3728110,100381746011,tubuh-kimia-medic-obat-sejahtera-pharma,613
Lestari Sejahtera Bintang Resep Sejahtera Pharm,Jl. Jeruk Sejahtera Daerah 50 Kota/Kabupaten TABALONG Provinsi KALIMANTAN SELATAN,POINT(115.66018763702104 -2.101109223574758),Emily Parker Thompson,21012101/218094/637383,418803116818,lestari-sejahtera-bintang-resep-sejahtera-pharm,640
Indah Apotik Resep Sejahtera Apotik Medik,Jl. Duku Cerdas Blok 28 Kota/Kabupaten MAHAKAM ULU Provinsi KALIMANTAN TIMUR,POINT(115.75897867387916 0.314739541307123),Allison Adams Martinez,1033810/2710616/4373910,580114349683,indah-apotik-resep-sejahtera-apotik-medik,84
Toko Tubuh Prima Surya Apotek Sejahtera,Jl. Rambutan Sejahtera Daerah 56 Kota/Kabupaten MAMBERAMO RAYA Provinsi PAPUA,POINT(137.92704255815616 -1.6683709069733172),Brittany Martinez Jackson,962021/102210109/2106213,520893803161,toko-tubuh-prima-surya-apotek-sejahtera,631
Terang Mawar Apotik Sejahtera Medika Apotek,Jl. Duku Cermat Cluster 82 Kota/Kabupaten PASAMAN BARAT Provinsi SUMATERA BARAT,POINT(99.44276462086474 0.4022360037658288),Tom Jones Jones,7717010/208985/3275103,3171701100850,terang-mawar-apotik-sejahtera-medika-apotek,355
Makmur Lestari Terang Tenaga Bersama Medik,Jl. Kuda Sari Komplek 75 Kota/Kabupaten MERAUKE Provinsi PAPUA,POINT(140.56641703091296 -8.486037749463684),Steve Adams Davis,480164/6222106/1063131,751550883409,makmur-lestari-terang-tenaga-bersama-medik,220
Bumi Murni Surya Toko Bersama Apotik,Jl. Rambutan Pintar Komplek 71 Kota/Kabupaten PATI Provinsi JAWA TENGAH,POINT(111.20202780695767 -6.860482090574498),Ashley Martinez Martin,506618/1098217/737168,880500188881,bumi-murni-surya-toko-bersama-apotik,775
Badan Mawar Kimia Berkah Pharm Sejahtera,Jl. Kebun Cepat Wilayah 77 Kota/Kabupaten BIMA Provinsi NUSA TENGGARA BARAT,POINT(118.96961629898364 -8.638261169757671),Jessica Clark Williams,713111/117552/3051038,3165298107380,badan-mawar-kimia-berkah-pharm-sejahtera,320
Terang Jaya Mutiara Badan Apotik Jaya,Jl. Sirih Indah Cluster 19 Kota/Kabupaten KAPUAS HULU Provinsi KALIMANTAN BARAT,POINT(112.9196759700874 1.2005528444044913),Michael Martinez Thompson,9107103/2311007/377536,17081002288108,terang-jaya-mutiara-badan-apotik-jaya,50
Mawar Apotik Kimia Tubuh Medika Bersama,Jl. Rambutan Pendek Blok 72 Kota/Kabupaten PUNCAK Provinsi PAPUA,POINT(137.18174337795364 -3.5216785882941632),Jason Taylor Jackson,1006810/327420/203830,780338075941,mawar-apotik-kimia-tubuh-medika-bersama,346
Bumi Jaya Nusantara Harmoni Farma Sejahtera,Jl. Pisang Pendek Wilayah 61 Kota/Kabupaten KAIMANA Provinsi PAPUA BARAT,POINT(133.30663319861327 -3.5971436605394604),Lauren Carter Thomas,716855/162734/300399,4035112972108,bumi-jaya-nusantara-harmoni-farma-sejahtera,33
Toko Jaya Prima Makmur Sejahtera Apotik,Jl. Mangga Besar Wilayah 80 Kota/Kabupaten MAPPI Provinsi PAPUA,POINT(139.5487051531758 -7.09673758116155),David Nelson Martinez,261181/499012/183934,724510182008,toko-jaya-prima-makmur-sejahtera-apotik,13
Bahagia Sejahtera Nusantara Jaya Farma Apotik,Jl. Kuda Cermat Wilayah 56 Kota/Kabupaten PULANG PISAU Provinsi KALIMANTAN TENGAH,POINT(114.13229374884608 -2.994836095993368),Katie Johnson Martinez,633191/864220/419893,1185100212092,bahagia-sejahtera-nusantara-jaya-farma-apotik,627
Mutiara Lestari Badan Bakti Medik Sehat,Jl. Kucing Kecil Komplek 6 Kota/Kabupaten KARANGASEM Provinsi BALI,POINT(115.50074922521716 -8.383824412520111),Alex Martinez Johnson,4909110/302829/313661,5421582010908,mutiara-lestari-badan-bakti-medik-sehat,101
Tubuh Harmoni Bumi Toko Pharm Sehat,Jl. Pisang Pintar Blok 47 Kota/Kabupaten KAPUAS HULU Provinsi KALIMANTAN BARAT,POINT(111.96489768090665 0.4711930901942089),Mark Hill Moore,190886/330207/213956,71001049108586,tubuh-harmoni-bumi-toko-pharm-sehat,47
Makmur Prima Harmoni Mutiara Apotik Bersama,Jl. Anjing Sejahtera Cluster 32 Kota/Kabupaten KAIMANA Provinsi PAPUA BARAT,POINT(133.0114609618345 -4.047836942111636),Matt Jones Thompson,521031/182992/3690102,10810511062140,makmur-prima-harmoni-mutiara-apotik-bersama,463
Farmasi Murni Surya Prima Bersama Apotik,Jl. Duku Jenius Wilayah 3 Kota/Kabupaten TOBA SAMOSIR Provinsi SUMATERA UTARA,POINT(99.11650600690172 2.4400359778700853),Sarah Jackson Martinez,415118/328221/580003,3103010378689,farmasi-murni-surya-prima-bersama-apotik,121
Surya Mutiara Sehat Berkah Jaya Apotik,Jl. Sawah Besar Cluster 13 Kota/Kabupaten TANA TIDUNG Provinsi KALIMANTAN UTARA,POINT(117.61591786925676 3.751833378008895),Ashley Nelson Jones,119798/4421072/3452110,8034302089101,surya-mutiara-sehat-berkah-jaya-apotik,743
Jaya Sentorsa Medic Nusantara Apotek Jaya,Jl. Kucing Cerdas Daerah 60 Kota/Kabupaten KAPUAS HULU Provinsi KALIMANTAN BARAT,POINT(112.575216778988 0.7325937067855772),Mark Taylor Jackson,2100187/845382/310510105,10941010715508,jaya-sentorsa-medic-nusantara-apotek-jaya,961
Prima Prima Indah Murni Medika Sehat,Jl. Gedung Kecil Komplek 16 Kota/Kabupaten SINTANG Provinsi KALIMANTAN BARAT,POINT(112.92864027829415 -0.408422382367025),John Harris Miller,133162/1891042/5531070,2510054100818,prima-prima-indah-murni-medika-sehat,403
Prima Bahagia Tubuh Sentorsa Sejahtera Pharma,Jl. Jeruk Sejahtera Blok 39 Kota/Kabupaten MAPPI Provinsi PAPUA,POINT(139.1083585856978 -5.809730770713359),Allison Brown Jackson,559914/1227105/6091032,847116910841,prima-bahagia-tubuh-sentorsa-sejahtera-pharma,57
Surya Mutiara Kimia Prima Apotik Sejahtera,Jl. Kucing Sejahtera Daerah 83 Kota/Kabupaten BATANGHARI Provinsi JAMBI,POINT(103.41546245489393 -1.576521784590529),Michael Jones Garcia,687514/611162/807237,831194202705,surya-mutiara-kimia-prima-apotik-sejahtera,29
Prima Amanah Mutiara Bintang Bersama Pharm,Jl. Apel Jenius Blok 5 Kota/Kabupaten BANGGAI Provinsi SULAWESI TENGAH,POINT(122.04701416508172 -1.4659661461571574),Allison Anderson Taylor,262441/199652/990523,95780108201010,prima-amanah-mutiara-bintang-bersama-pharm,268
Surya Medical Murni Nusantara Apotik Sehat,Jl. Gunung Jenius Blok 60 Kota/Kabupaten KAPUAS HULU Provinsi KALIMANTAN BARAT,POINT(114.05409356918692 1.2277721762308786),Sarah Harris Wilson,1011743/597622/283612,981781158690,surya-medical-murni-nusantara-apotik-sehat,368
Prima Nusantara Obat Sehat Sejahtera Apotek,Jl. Kebun Indah Cluster 38 Kota/Kabupaten OGAN KOMERING ULU SELATAN Provinsi SUMATERA SELATAN,POINT(103.81262486998446 -4.724860752141603),Jessica Clark Wilson,728961/548692/1303010,9499841908109,prima-nusantara-obat-sehat-sejahtera-apotek,635
Medic Murni Cemerlang Jaya Apotek Medik,Jl. Durian Besar Komplek 100 Kota/Kabupaten KARANGANYAR Provinsi JAWA TENGAH,POINT(110.99280354758169 -7.532440517627549),David Nelson Miller,686741/1012839/1078324,408971619876,medic-murni-cemerlang-jaya-apotek-medik,748
Obat Terang Toko Indah Pharm Apotek,Jl. Kuda Sejahtera Komplek 96 Kota/Kabupaten MERAUKE Provinsi PAPUA,POINT(140.48342736817847 -7.731133880992216),Mark Carter Robinson,2174810/809092/4831060,243161281080,obat-terang-toko-indah-pharm-apotek,141
Mutiara Terang Bumi Harmoni Farma Sejahtera,Jl. Anjing Cerdas Blok 55 Kota/Kabupaten PEGUNUNGAN BINTANG Provinsi PAPUA,POINT(140.81025711056054 -4.553850271871233),Ashley Brown Harris,31075110/603525/378469,632865168057,mutiara-terang-bumi-harmoni-farma-sejahtera,817
Amanah Medic Harmoni Bumi Sejahtera Pharm,Jl. Jeruk Cerdas Cluster 47 Kota/Kabupaten KUTAI BARAT Provinsi KALIMANTAN TIMUR,POINT(116.0523575505264 -0.6968249148235675),Chris Smith Williams,7100018/825630/739677,71001818705310,amanah-medic-harmoni-bumi-sejahtera-pharm,20
Medic Surya Jaya Apotik Jaya Sejahtera,Jl. Gedung Jenius Wilayah 60 Kota/Kabupaten LANNY JAYA Provinsi PAPUA,POINT(137.77390365597398 -4.120101557406884),Jessica Roberts Thomas,61010091/242566/1038473,1082992008141,medic-surya-jaya-apotik-jaya-sejahtera,840
Jaya Toko Mawar Apotik Sejahtera Apotek,Jl. Rambutan Kecil Komplek 59 Kota/Kabupaten WAROPEN Provinsi PAPUA,POINT(136.77268139501138 -2.5668163931587067),David Taylor Wilson,419615/2281021/673459,631715807086,jaya-toko-mawar-apotik-sejahtera-apotek,77
Sejahtera Terang Makmur Surya Sehat Apotek,Jl. Sawah Pendek Wilayah 89 Kota/Kabupaten HALMAHERA SELATAN Provinsi MALUKU UTARA,POINT(128.0810524807697 -0.7061927795884966),Katie Carter Davis,278510/224914/4210384,810114053606,sejahtera-terang-makmur-surya-sehat-apotek,114
Bahagia Indah Bakti Cemerlang Bersama Pharm,Jl. Ikan Pintar Daerah 36 Kota/Kabupaten MUSI BANYUASIN Provinsi SUMATERA SELATAN,POINT(103.67727349974882 -1.8455961198956388),Michael Adams Martinez,481054/426892/343548,867648122340,bahagia-indah-bakti-cemerlang-bersama-pharm,100
Farmasi Surya Prima Kimia Sejahtera Pharm,Jl. Kebun Sari Cluster 96 Kota/Kabupaten KUTAI BARAT Provinsi KALIMANTAN TIMUR,POINT(115.99966185742544 0.0739342944158973),Matt Brown Davis,6810691/190620/3109134,172517980928,farmasi-surya-prima-kimia-sejahtera-pharm,141
Surya Bintang Medical Badan Pharm Pharma,Jl. Tembok Pendek Wilayah 89 Kota/Kabupaten KOTAWARINGIN BARAT Provinsi KALIMANTAN TENGAH,POINT(111.91623035297629 -2.3880724081997258),Rachel Parker Jackson,513535/962163/8103044,280316661728,surya-bintang-medical-badan-pharm-pharma,193
Makmur Obat Cemerlang Kimia Medika Apotek,Jl. Kuda Pintar Blok 67 Kota/Kabupaten POSO Provinsi SULAWESI TENGAH,POINT(120.36737341625674 -1.369433986878423),Sarah Lewis Garcia,721220/136572/193935,29051016801072,makmur-obat-cemerlang-kimia-medika-apotek,3
Surya Lestari Resep Obat Pharma Medik,Jl. Kebun Pendek Wilayah 81 Kota/Kabupaten TABALONG Provinsi KALIMANTAN SELATAN,POINT(115.35895914091051 -2.191982765478853),Emily Taylor Johnson,531154/308427/8933710,1100081211142,surya-lestari-resep-obat-pharma-medik,898
Bumi Jaya Badan Apotik Jaya Farma,Jl. Duku Pintar Daerah 64 Kota/Kabupaten GAYO LUES Provinsi ACEH,POINT(97.75662131503944 3.757441266394885),Jason Roberts Miller,861399/1076762/39210710,396182711260,bumi-jaya-badan-apotik-jaya-farma,324
Tenaga Mutiara Medic Berkah Pharma Bersama,Jl. Sawah Jenius Komplek 32 Kota/Kabupaten ALOR Provinsi NUSA TENGGARA TIMUR,POINT(124.41147056130475 -8.418410920545902),Chris Roberts Anderson,611594/452813/163183,81105911105140,tenaga-mutiara-medic-berkah-pharma-bersama,96
Medic Indah Apotik Makmur Bersama Pharm,Jl. Rambutan Cermat Komplek 9 Kota/Kabupaten MERAUKE Provinsi PAPUA,POINT(140.391829590493 -7.863209404765032),Steve Harris Smith,8110558/844282/10932310,852478388801,medic-indah-apotik-makmur-bersama-pharm,100
Sentorsa Resep Badan Nusantara Medik Bersama,Jl. Jeruk Pendek Daerah 22 Kota/Kabupaten PADANG LAWAS UTARA Provinsi SUMATERA UTARA,POINT(99.54285884542476 1.629235766175615),Chris White White,6110419/3201005/370200,1010873909421,sentorsa-resep-badan-nusantara-medik-bersama,131
Bakti Amanah Surya Cemerlang Farma Pharma,Jl. Kuda Jenius Wilayah 20 Kota/Kabupaten LANDAK Provinsi KALIMANTAN BARAT,POINT(109.74600500771557 0.087734190148879),Steve Williams Martinez,904185/243426/932200,175789063780,bakti-amanah-surya-cemerlang-farma-pharma,748
Obat Sejahtera Indah Bahagia Medik Apotek,Jl. Apel Sari Komplek 98 Kota/Kabupaten HALMAHERA SELATAN Provinsi MALUKU UTARA,POINT(127.89340361393948 -0.0521468467430459),Lauren Roberts Thomas,1210102/1210783/505313,805087394101,obat-sejahtera-indah-bahagia-medik-apotek,491
Mutiara Tubuh Lestari Prima Jaya Farma,Jl. Sawah Kecil Cluster 21 Kota/Kabupaten LEBAK Provinsi BANTEN,POINT(106.31404585295115 -6.898570003394729),Megan Jones Williams,10010314/720842/156773,16008101103038,mutiara-tubuh-lestari-prima-jaya-farma,88
Bahagia Cemerlang Surya Jaya Jaya Sejahtera,Jl. Mangga Besar Wilayah 28 Kota/Kabupaten KUTAI TIMUR Provinsi KALIMANTAN TIMUR,POINT(116.22815627895152 1.3865407992737069),Mark Hill White,816462/2310746/1075253,803511810100101,bahagia-cemerlang-surya-jaya-jaya-sejahtera,55
Surya Makmur Obat Surya Jaya Sehat,Jl. Sirih Cermat Wilayah 76 Kota/Kabupaten PESAWARAN Provinsi LAMPUNG,POINT(105.07833025018884 -5.28553625089566),Ashley Williams Brown,107846/10121075/37031010,482957118011,surya-makmur-obat-surya-jaya-sehat,311
Toko Badan Surya Sejahtera Apotek Sejahtera,Jl. Anjing Cepat Wilayah 65 Kota/Kabupaten OGAN KOMERING ULU Provinsi SUMATERA SELATAN,POINT(104.21169611945156 -4.221531235804928),Megan Anderson Garcia,454515/261822/8131054,8610075411921,toko-badan-surya-sejahtera-apotek-sejahtera,70
Obat Berkah Badan Jaya Farma Sehat,Jl. Jeruk Cepat Blok 14 Kota/Kabupaten TANAH LAUT Provinsi KALIMANTAN SELATAN,POINT(115.15559867553488 -3.704562056423195),Lauren Hill Anderson,470147/289729/10631032,18274651010210,obat-berkah-badan-jaya-farma-sehat,66
Lestari Resep Bakti Apotik Farma Jaya,Jl. Tembok Indah Komplek 39 Kota/Kabupaten BARITO TIMUR Provinsi KALIMANTAN TENGAH,POINT(115.05168575620915 -1.717143433961505),Brittany Williams Martin,123278/792496/623347,617739980481,lestari-resep-bakti-apotik-farma-jaya,912
Amanah Apotik Tubuh Cemerlang Sejahtera Sejahtera,Jl. Sirih Sari Blok 88 Kota/Kabupaten ASMAT Provinsi PAPUA,POINT(138.52539741882038 -5.549685581950934),John Taylor Davis,8610117/709263/30106010,1608710071866,amanah-apotik-tubuh-cemerlang-sejahtera-sejahtera,103
Sentorsa Tenaga Terang Bumi Medik Sehat,Jl. Ikan Indah Komplek 9 Kota/Kabupaten GRESIK Provinsi JAWA TIMUR,POINT(113.36883710101944 -7.148711461663851),Brittany Thomas Jackson,9102219/1036382/703068,618120305710,sentorsa-tenaga-terang-bumi-medik-sehat,511
Bahagia Farmasi Sentorsa Surya Sehat Sejahtera,Jl. Rambutan Cermat Blok 74 Kota/Kabupaten ASMAT Provinsi PAPUA,POINT(138.98405533654085 -5.407354463402791),Jason Martinez Williams,521089/792041/51031003,2416072783100,bahagia-farmasi-sentorsa-surya-sehat-sejahtera,948
Resep Bintang Kimia Nusantara Medika Jaya,Jl. Kucing Pendek Daerah 27 Kota/Kabupaten MERAUKE Provinsi PAPUA,POINT(139.44063376253771 -7.660442648313154),Rachel Roberts Anderson,1022418/921285/735316,899106717322,resep-bintang-kimia-nusantara-medika-jaya,881
Surya Mawar Murni Kimia Sehat Medik,Jl. Ikan Cerdas Komplek 61 Kota/Kabupaten MAMBERAMO RAYA Provinsi PAPUA,POINT(138.3474954411005 -3.0582290445463496),Matt Martinez Moore,849213/927299/553399,1187181546100,surya-mawar-murni-kimia-sehat-medik,378
Bahagia Lestari Tubuh Nusantara Medik Sejahtera,Jl. Kota Cermat Cluster 10 Kota/Kabupaten SORONG Provinsi PAPUA BARAT,POINT(131.20863888272024 -1.3416648150307535),Emily Martinez Thompson,601065/220827/379087,688316912390,bahagia-lestari-tubuh-nusantara-medik-sejahtera,974
Amanah Farmasi Prima Indah Apotik Pharm,Jl. Apel Tinggi Wilayah 37 Kota/Kabupaten MANOKWARI SELATAN Provinsi PAPUA BARAT,POINT(134.04362484042696 -1.669478456077286),John Nelson Thomas,511736/362755/139094,238166138906,amanah-farmasi-prima-indah-apotik-pharm,640
Toko Makmur Surya Medical Farma Medika,Jl. Balai Tinggi Wilayah 42 Kota/Kabupaten SANGGAU Provinsi KALIMANTAN BARAT,POINT(110.47694260730437 0.7231822298778621),Allison Adams Wilson,5102129/241394/300565,949619896709,toko-makmur-surya-medical-farma-medika,410
Surya Tenaga Medic Bakti Sehat Medika,Jl. Kota Jenius Blok 79 Kota/Kabupaten MALINAU Provinsi KALIMANTAN UTARA,POINT(115.9576490612546 3.0206510264778217),Allison Adams Jones,415429/9231101/938754,8402810166926,surya-tenaga-medic-bakti-sehat-medika,124
Mutiara Obat Sehat Prima Apotik Sejahtera,Jl. Kucing Kecil Komplek 91 Kota/Kabupaten ACEH UTARA Provinsi ACEH,POINT(96.9238218398985 5.192675038152194),Katie Clark Smith,711754/72181010/1763107,8348100411411,mutiara-obat-sehat-prima-apotik-sejahtera,110
Surya Terang Toko Tubuh Medik Apotik,Jl. Kucing Cerah Cluster 5 Kota/Kabupaten TRENGGALEK Provinsi JAWA TIMUR,POINT(111.5839514275233 -8.327959876321007),Katie Clark Thompson,8946101/9106123/397782,726694966180,surya-terang-toko-tubuh-medik-apotik,15
Bumi Lestari Berkah Badan Sejahtera Medik,Jl. Apel Sari Komplek 99 Kota/Kabupaten MAPPI Provinsi PAPUA,POINT(139.44729879391 -5.811811996922829),Ashley Brown Thompson,815835/283864/1031917,5943782011088,bumi-lestari-berkah-badan-sejahtera-medik,681
Sejahtera Harmoni Sehat Surya Sejahtera Sejahtera,Jl. Apel Kecil Komplek 17 Kota/Kabupaten PANDEGLANG Provinsi BANTEN,POINT(105.54212178469704 -6.793129336608397),Alex Smith Johnson,14310810/4811023/4310653,571008137190,sejahtera-harmoni-sehat-surya-sejahtera-sejahtera,633
Prima Jaya Prima Apotik Sehat Farma,Jl. Tembok Jenius Blok 41 Kota/Kabupaten OGAN KOMERING ULU SELATAN Provinsi SUMATERA SELATAN,POINT(103.90544682647804 -4.521206498331443),John Roberts Martinez,105972/941252/389346,486556127028,prima-jaya-prima-apotik-sehat-farma,203
Bakti Berkah Murni Kimia Sehat Jaya,Jl. Apel Pendek Wilayah 53 Kota/Kabupaten BOVEN DIGOEL Provinsi PAPUA,POINT(140.39765333561508 -6.459415277787931),Lauren Hill Martin,411325/6710218/221036,180133109650,bakti-berkah-murni-kimia-sehat-jaya,323
Tubuh Medic Bakti Nusantara Bersama Jaya,Jl. Tembok Pintar Komplek 42 Kota/Kabupaten BERAU Provinsi KALIMANTAN TIMUR,POINT(117.06402039420428 2.332161789407918),Mark Carter Martinez,1056241/2110022/373155,1018600058409,tubuh-medic-bakti-nusantara-bersama-jaya,521
Murni Obat Mawar Bakti Medik Pharm,Jl. Pisang Tinggi Daerah 51 Kota/Kabupaten TELUK BINTUNI Provinsi PAPUA BARAT,POINT(133.4338967717357 -1.3316248178347614),Mark Carter Jackson,210585/308622/370417,858610781645,murni-obat-mawar-bakti-medik-pharm,580
Mutiara Bahagia Murni Lestari Medika Pharm,Jl. Mangga Indah Daerah 53 Kota/Kabupaten PEMALANG Provinsi JAWA TENGAH,POINT(109.39159655870402 -6.953080358674846),Ashley Thomas Thomas,123755/1910242/799353,763709486193,mutiara-bahagia-murni-lestari-medika-pharm,588
Berkah Tenaga Toko Indah Sejahtera Pharma,Jl. Kuda Sejahtera Cluster 89 Kota/Kabupaten MAHAKAM ULU Provinsi KALIMANTAN TIMUR,POINT(114.81449869715524 0.9515986420730728),Sarah Brown Thomas,71091310/816234/697763,679908795013,berkah-tenaga-toko-indah-sejahtera-pharma,964
Mawar Sehat Toko Apotik Medik Jaya,Jl. Sawah Cerah Komplek 24 Kota/Kabupaten MUARA ENIM Provinsi SUMATERA SELATAN,POINT(103.83892785525808 -4.00618775338166),Allison Adams Smith,441952/937852/1110638,61018082539010,mawar-sehat-toko-apotik-medik-jaya,262
Badan Prima Medic Sentorsa Apotek Medik,Jl. Kebun Jenius Cluster 39 Kota/Kabupaten BUOL Provinsi SULAWESI TENGAH,POINT(121.39174795366986 0.9987217787653062),Matt Carter Harris,839108/207677/138782,881577801637,badan-prima-medic-sentorsa-apotek-medik,762
Surya Resep Amanah Sejahtera Bersama Medika,Jl. Ikan Cerdas Komplek 58 Kota/Kabupaten ENDE Provinsi NUSA TENGGARA TIMUR,POINT(121.87049442545629 -8.670378915941573),Rachel Parker Johnson,1007115/609302/6107346,7408171055168,surya-resep-amanah-sejahtera-bersama-medika,631
Bakti Jaya Lestari Obat Pharma Farma,Jl. Kebun Pendek Cluster 75 Kota/Kabupaten TABALONG Provinsi KALIMANTAN SELATAN,POINT(115.47363522735036 -1.7890783282681433),Rachel Hill Jones,726981/572127/242378,4489510450801,bakti-jaya-lestari-obat-pharma-farma,799
Murni Bakti Sejahtera Farmasi Sehat Jaya,Jl. Kucing Jenius Cluster 92 Kota/Kabupaten KUTAI KARTANEGARA Provinsi KALIMANTAN TIMUR,POINT(115.53615487133708 1.2019464113777758),Steve Roberts Martin,683182/952016/151372,4908510619878,murni-bakti-sejahtera-farmasi-sehat-jaya,388
Berkah Lestari Tenaga Jaya Apotek Pharma,Jl. Duku Pendek Komplek 49 Kota/Kabupaten BARITO UTARA Provinsi KALIMANTAN TENGAH,POINT(115.41822117987834 -1.0563261508057948),Lauren Taylor Robinson,111482/362241/822374,378806301122,berkah-lestari-tenaga-jaya-apotek-pharma,794
Surya Bahagia Sejahtera Terang Farma Medik,Jl. Tembok Cerah Wilayah 20 Kota/Kabupaten OGAN KOMERING ILIR Provinsi SUMATERA SELATAN,POINT(105.94533951196928 -3.277341197453053),Mark Hill White,1010575/761243/3110608,710883912100,surya-bahagia-sejahtera-terang-farma-medik,19
Murni Sehat Amanah Terang Sejahtera Medik,Jl. Rambutan Cepat Komplek 60 Kota/Kabupaten BANJAR Provinsi KALIMANTAN SELATAN,POINT(114.97314244739162 -3.540538444372025),Sarah Taylor Harris,1065101/871829/6110723,187026103720,murni-sehat-amanah-terang-sejahtera-medik,335
Prima Bakti Surya Resep Apotek Medik,Jl. Kota Besar Wilayah 16 Kota/Kabupaten SOLOK SELATAN Provinsi SUMATERA BARAT,POINT(101.39675038924868 -1.2887242918792836),David White Davis,10141098/8373102/655836,874272710204,prima-bakti-surya-resep-apotek-medik,670
Mutiara Farmasi Jaya Badan Apotek Apotik,Jl. Tembok Cermat Daerah 70 Kota/Kabupaten MAHAKAM ULU Provinsi KALIMANTAN TIMUR,POINT(114.80717449841237 1.1595497872216267),Matt Thomas Taylor,1015672/333322/191938,407183544872,mutiara-farmasi-jaya-badan-apotek-apotik,868
Obat Makmur Apotik Surya Sehat Medik,Jl. Sirih Cerdas Cluster 55 Kota/Kabupaten BANYUASIN Provinsi SUMATERA SELATAN,POINT(104.6274811975836 -2.02037694817866),Steve Thomas Wilson,382716/1022063/166123,600618277120,obat-makmur-apotik-surya-sehat-medik,3
Amanah Murni Tenaga Medical Sejahtera Apotek,Jl. Rambutan Jenius Wilayah 15 Kota/Kabupaten MOROWALI UTARA Provinsi SULAWESI TENGAH,POINT(120.84624473671636 -2.172530399855173),Sarah Smith Miller,651484/842814/733723,80101724105106,amanah-murni-tenaga-medical-sejahtera-apotek,146
Badan Bumi Kimia Mutiara Farma Pharma,Jl. Balai Cermat Komplek 66 Kota/Kabupaten PULANG PISAU Provinsi KALIMANTAN TENGAH,POINT(113.94221453798576 -3.085664387179679),Katie Hill Thompson,701348/8421029/507536,6107440025881,badan-bumi-kimia-mutiara-farma-pharma,398
Jaya Surya Badan Bakti Farma Sejahtera,Jl. Rambutan Kecil Wilayah 7 Kota/Kabupaten PULANG PISAU Provinsi KALIMANTAN TENGAH,POINT(113.89997879767174 -3.3866028371739763),Allison Carter Johnson,540751/270684/494973,906309918454,jaya-surya-badan-bakti-farma-sejahtera,900
Lestari Bintang Bahagia Terang Apotik Bersama,Jl. Tembok Cerdas Daerah 15 Kota/Kabupaten SANGGAU Provinsi KALIMANTAN BARAT,POINT(110.13708567762436 -0.3979186159032188),Katie Lewis Davis,959618/429007/734838,788617550413,lestari-bintang-bahagia-terang-apotik-bersama,458
Indah Kimia Mawar Bakti Apotik Jaya,Jl. Gedung Besar Daerah 100 Kota/Kabupaten ROKAN HULU Provinsi RIAU,POINT(100.83116577647358 1.087066926937711),Ashley Jackson Brown,315695/2421056/504397,254803210487,indah-kimia-mawar-bakti-apotik-jaya,9
Kimia Bahagia Bumi Terang Sehat Medika,Jl. Durian Cermat Cluster 8 Kota/Kabupaten GUNUNG MAS Provinsi KALIMANTAN TENGAH,POINT(113.2130717615147 -0.7325233375247944),David Nelson Moore,351127/272503/863368,281106891437,kimia-bahagia-bumi-terang-sehat-medika,510
Sehat Apotik Bakti Obat Bersama Medik,Jl. Sawah Pendek Cluster 8 Kota/Kabupaten KONAWE Provinsi SULAWESI TENGGARA,POINT(121.8825829910336 -3.5750862252246653),Rachel Smith Thompson,812197/72101024/823810,911568389903,sehat-apotik-bakti-obat-bersama-medik,61
Badan Medic Bakti Murni Bersama Farma,Jl. Durian Cepat Wilayah 6 Kota/Kabupaten TOLIKARA Provinsi PAPUA,POINT(138.6750589904643 -3.686153113369588),David Roberts Jones,2103115/293320/936057,7704484810310,badan-medic-bakti-murni-bersama-farma,744
Obat Jaya Kimia Medic Jaya Pharm,Jl. Ikan Pintar Blok 67 Kota/Kabupaten SUKABUMI Provinsi JAWA BARAT,POINT(106.85657921526956 -7.35332592716596),Jason Thomas Johnson,10811610/324215/232780,751584620628,obat-jaya-kimia-medic-jaya-pharm,107
Makmur Farmasi Surya Murni Pharm Farma,Jl. Apel Sejahtera Wilayah 13 Kota/Kabupaten KAMPAR Provinsi RIAU,POINT(100.84226833445014 0.8689992312830821),Allison Hill Moore,1071451/860042/754573,401869108831,makmur-farmasi-surya-murni-pharm-farma,324
Badan Medical Sejahtera Berkah Sejahtera Sehat,Jl. Sirih Pendek Cluster 99 Kota/Kabupaten BARITO SELATAN Provinsi KALIMANTAN TENGAH,POINT(114.84980849873747 -1.6399278134447195),Brittany Roberts Johnson,525019/1372105/647083,714580818366,badan-medical-sejahtera-berkah-sejahtera-sehat,309
Bintang Murni Medic Cemerlang Pharma Sejahtera,Jl. Tembok Cerdas Wilayah 78 Kota/Kabupaten TULANG BAWANG Provinsi LAMPUNG,POINT(105.59209604931937 -4.421060205521459),Megan Johnson Jones,1469103/448772/306910,89103211028280,bintang-murni-medic-cemerlang-pharma-sejahtera,584
Berkah Apotik Toko Prima Apotek Apotik,Jl. Kuda Cerah Cluster 100 Kota/Kabupaten NUNUKAN Provinsi KALIMANTAN UTARA,POINT(116.84199904976477 4.223832331941077),Jessica Hill Garcia,1310101010/9922410/573263,235138602001,berkah-apotik-toko-prima-apotek-apotik,377
Mutiara Bintang Tubuh Mawar Pharm Pharma,Jl. Balai Pintar Komplek 21 Kota/Kabupaten SINTANG Provinsi KALIMANTAN BARAT,POINT(111.26418577360016 -0.1127379701513362),Sarah Roberts Jackson,110449/326091/8084103,1081482137109,mutiara-bintang-tubuh-mawar-pharm-pharma,614
Mutiara Obat Mawar Sehat Sejahtera Farma,Jl. Kucing Kecil Cluster 87 Kota/Kabupaten TAMBRAUW Provinsi PAPUA BARAT,POINT(132.94204541266637 -0.904319866665002),Ashley Lewis Moore,180116/696429/4066103,9108900110907,mutiara-obat-mawar-sehat-sejahtera-farma,172
Mutiara Jaya Jaya Indah Apotik Bersama,Jl. Kuda Cerdas Komplek 52 Kota/Kabupaten NUNUKAN Provinsi KALIMANTAN UTARA,POINT(117.21199355354317 3.703634126942113),Jason Taylor Davis,1481015/226203/913683,188470417475,mutiara-jaya-jaya-indah-apotik-bersama,325
Mawar Surya Obat Sejahtera Bersama Apotek,Jl. Tembok Sari Cluster 73 Kota/Kabupaten BERAU Provinsi KALIMANTAN TIMUR,POINT(116.9827172604482 2.378812569935564),Megan Harris Anderson,112875/933266/6913103,88081310210385,mawar-surya-obat-sejahtera-bersama-apotek,970
Sejahtera Terang Cemerlang Makmur Farma Pharma,Jl. Ikan Besar Daerah 44 Kota/Kabupaten PUNCAK JAYA Provinsi PAPUA,POINT(137.80756794330185 -3.536805423139959),John Hill Williams,959681/413266/378338,801918638803,sejahtera-terang-cemerlang-makmur-farma-pharma,76
Medic Bakti Bahagia Kimia Medika Apotek,Jl. Pisang Besar Daerah 68 Kota/Kabupaten PENUKAL ABAB LEMATANG ILIR Provinsi SUMATERA SELATAN,POINT(104.07276523730594 -3.064424130397258),Emily Anderson Taylor,311281/496270/357305,244051800410,medic-bakti-bahagia-kimia-medika-apotek,69
Murni Sentorsa Sejahtera Mawar Sehat Pharma,Jl. Sirih Cermat Blok 94 Kota/Kabupaten KAYONG UTARA Provinsi KALIMANTAN BARAT,POINT(110.270129936612 -1.2104564567138445),Alex Harris Brown,129528/276663/1064593,302283860011,murni-sentorsa-sejahtera-mawar-sehat-pharma,296
Kimia Nusantara Makmur Mawar Pharma Sejahtera,Jl. Rambutan Cepat Komplek 2 Kota/Kabupaten BENGKALIS Provinsi RIAU,POINT(101.63052794797522 1.8751890453923696),Jessica Brown Martin,1441067/1066226/340400,87160151025510,kimia-nusantara-makmur-mawar-pharma-sejahtera,588
Prima Jaya Mutiara Berkah Pharm Apotek,Jl. Ikan Pintar Wilayah 46 Kota/Kabupaten KATINGAN Provinsi KALIMANTAN TENGAH,POINT(113.67407989311316 -2.3749296280052103),Michael Jackson Jackson,678281/1028538/11010263,667753881081,prima-jaya-mutiara-berkah-pharm-apotek,785
Sehat Surya Mawar Berkah Sehat Pharm,Jl. Mangga Tinggi Komplek 95 Kota/Kabupaten BULUNGAN Provinsi KALIMANTAN UTARA,POINT(116.21388200442873 2.1759723815930734),Megan White Garcia,2173100/62110210/513373,511165867501,sehat-surya-mawar-berkah-sehat-pharm,912
Surya Apotik Jaya Bahagia Farma Sejahtera,Jl. Sawah Cerah Wilayah 42 Kota/Kabupaten BOVEN DIGOEL Provinsi PAPUA,POINT(140.2063230873933 -5.700770422297979),Michael Brown Wilson,1044510/252324/132135,10609010846214,surya-apotik-jaya-bahagia-farma-sejahtera,293
Bintang Mutiara Sehat Terang Farma Sejahtera,Jl. Anjing Sejahtera Cluster 21 Kota/Kabupaten WONOGIRI Provinsi JAWA TENGAH,POINT(110.92215007058785 -7.803892590896911),Chris Clark Smith,619289/2401048/3303110,843311180204,bintang-mutiara-sehat-terang-farma-sejahtera,9
Surya Bumi Amanah Prima Sejahtera Apotek,Jl. Apel Sejahtera Daerah 30 Kota/Kabupaten MALUKU TENGGARA BARAT Provinsi MALUKU,POINT(131.45014695888628 -7.485612746948443),Rachel Brown Jones,315116/725740/400343,472881277610,surya-bumi-amanah-prima-sejahtera-apotek,113
Prima Bumi Badan Tenaga Sejahtera Jaya,Jl. Gajah Cerah Blok 95 Kota/Kabupaten BANJAR Provinsi KALIMANTAN SELATAN,POINT(115.06512158803592 -3.4516450754079138),Chris White Jones,720112/278455/325014,161413268401,prima-bumi-badan-tenaga-sejahtera-jaya,959
Surya Terang Mutiara Farmasi Medika Pharma,Jl. Sawah Jenius Blok 6 Kota/Kabupaten FLORES TIMUR Provinsi NUSA TENGGARA TIMUR,POINT(122.89971235913022 -8.597414503159463),Ashley Williams Anderson,661308/592692/194273,81859530001010,surya-terang-mutiara-farmasi-medika-pharma,403
Kimia Mutiara Harmoni Surya Sejahtera Bersama,Jl. Sirih Cepat Daerah 18 Kota/Kabupaten PROBOLINGGO Provinsi JAWA TIMUR,POINT(113.09808070597664 -7.831327152830491),Brittany Brown Miller,719181/7010502/516883,288681030055,kimia-mutiara-harmoni-surya-sejahtera-bersama,542
Medical Mutiara Nusantara Cemerlang Bersama Farma,Jl. Ikan Cepat Cluster 94 Kota/Kabupaten MOROWALI UTARA Provinsi SULAWESI TENGAH,POINT(121.33209015533586 -1.730914153345557),Jessica Jackson Moore,997123/510523/78106310,80651088125110,medical-mutiara-nusantara-cemerlang-bersama-farma,60
Jaya Tenaga Sentorsa Bakti Sejahtera Medika,Jl. Mangga Cermat Komplek 46 Kota/Kabupaten BULUNGAN Provinsi KALIMANTAN UTARA,POINT(116.96708543298844 3.311890210312848),Tom Lewis Wilson,881178/170829/1039757,186020130388,jaya-tenaga-sentorsa-bakti-sejahtera-medika,662
Obat Mawar Amanah Farmasi Medik Pharm,Jl. Mangga Kecil Blok 100 Kota/Kabupaten MERANGIN Provinsi JAMBI,POINT(101.8972408624311 -2.54571222699629),Sarah Johnson Thompson,771240/2107208/573173,13481010777104,obat-mawar-amanah-farmasi-medik-pharm,25
Tubuh Surya Obat Sentorsa Apotik Medik,Jl. Kuda Pendek Komplek 99 Kota/Kabupaten SIMALUNGUN Provinsi SUMATERA UTARA,POINT(99.20871004597848 2.9705556887423725),John Johnson White,741750/932043/382477,10404384875110,tubuh-surya-obat-sentorsa-apotik-medik,118
Badan Terang Cemerlang Mutiara Bersama Pharm,Jl. Kuda Sari Blok 67 Kota/Kabupaten MALANG Provinsi JAWA TIMUR,POINT(112.58768113417132 -8.357875184732144),Lauren Brown Thomas,710110102/552667/220833,5517691871004,badan-terang-cemerlang-mutiara-bersama-pharm,290
Kimia Farmasi Cemerlang Mutiara Sejahtera Sejahtera,Jl. Gedung Cerah Komplek 88 Kota/Kabupaten BUTON UTARA Provinsi SULAWESI TENGGARA,POINT(122.96100243231858 -4.578852664530652),Alex Jones Garcia,1941049/262692/859913,415087003188,kimia-farmasi-cemerlang-mutiara-sejahtera-sejahtera,842
Bahagia Bintang Badan Surya Apotek Pharma,Jl. Duku Cerdas Cluster 47 Kota/Kabupaten BUNGO Provinsi JAMBI,POINT(101.72264476416676 -1.4727748982617346),Steve Parker Thomas,581533/225629/800003,840828874381,bahagia-bintang-badan-surya-apotek-pharma,107
Apotik Lestari Jaya Mutiara Medik Bersama,Jl. Sirih Jenius Blok 29 Kota/Kabupaten SUMBAWA Provinsi NUSA TENGGARA BARAT,POINT(117.74439745216456 -8.669300853820546),Allison Clark White,1108373/10549102/3216710,1035082678611,apotik-lestari-jaya-mutiara-medik-bersama,59
Jaya Bintang Jaya Mutiara Medika Farma,Jl. Sirih Pendek Blok 54 Kota/Kabupaten BELITUNG TIMUR Provinsi KEPULAUAN BANGKA BELITUNG,POINT(108.24607812477431 -2.8360695863154746),Allison Parker Taylor,477751/5523107/616366,4774820231100,jaya-bintang-jaya-mutiara-medika-farma,902
Bintang Surya Prima Badan Apotik Medik,Jl. Gajah Cerdas Wilayah 47 Kota/Kabupaten BANGGAI Provinsi SULAWESI TENGAH,POINT(123.02281717897142 -0.8720858910620972),Lauren Hill Davis,1100148/552752/167623,10810051002797,bintang-surya-prima-badan-apotik-medik,880
Sentorsa Sehat Prima Apotik Apotik Sehat,Jl. Rambutan Cerdas Wilayah 83 Kota/Kabupaten BATANG Provinsi JAWA TENGAH,POINT(109.86179629739406 -7.017944804574356),Megan Williams White,515821/3525103/5381094,4328100440918,sentorsa-sehat-prima-apotik-apotik-sehat,729
Bakti Mutiara Harmoni Medic Apotek Medika,Jl. Pisang Kecil Blok 70 Kota/Kabupaten LINGGA Provinsi KEPULAUAN RIAU,POINT(104.79048712018916 -0.2121928266898312),Sarah Harris Robinson,122155/782941/797093,610099248138,bakti-mutiara-harmoni-medic-apotek-medika,918
Kimia Tenaga Harmoni Badan Apotik Medik,Jl. Kuda Pintar Daerah 60 Kota/Kabupaten KAMPAR Provinsi RIAU,POINT(100.94736865290338 0.2233720549431748),John Lewis Moore,5110932/10629210/3107518,230343175886,kimia-tenaga-harmoni-badan-apotik-medik,446
Lestari Sejahtera Surya Obat Apotik Pharm,Jl. Kuda Tinggi Komplek 3 Kota/Kabupaten PULANG PISAU Provinsi KALIMANTAN TENGAH,POINT(113.89565276485816 -2.08227815500106),Steve Jones Jones,411365/223626/945239,959112687004,lestari-sejahtera-surya-obat-apotik-pharm,163
Tenaga Sejahtera Cemerlang Berkah Apotik Medik,Jl. Kucing Sari Cluster 52 Kota/Kabupaten BANDUNG BARAT Provinsi JAWA BARAT,POINT(107.3602737176688 -7.02395953210919),Sarah Carter Moore,712701/5102292/840535,3509871181023,tenaga-sejahtera-cemerlang-berkah-apotik-medik,795
Medic Sentorsa Medical Surya Jaya Pharma,Jl. Gedung Kecil Blok 87 Kota/Kabupaten OGAN KOMERING ULU SELATAN Provinsi SUMATERA SELATAN,POINT(104.06712161899684 -4.586191203256006),Megan Johnson Taylor,874401/244077/193588,8201104728056,medic-sentorsa-medical-surya-jaya-pharma,380
Lestari Apotik Harmoni Makmur Medika Pharm,Jl. Apel Indah Komplek 46 Kota/Kabupaten EMPAT LAWANG Provinsi SUMATERA SELATAN,POINT(103.01148628701404 -3.560920713578045),Tom Hill Brown,2011019/392265/3107392,72026811011047,lestari-apotik-harmoni-makmur-medika-pharm,777
Badan Toko Farmasi Nusantara Sejahtera Sejahtera,Jl. Rambutan Tinggi Wilayah 81 Kota/Kabupaten KETAPANG Provinsi KALIMANTAN BARAT,POINT(110.66542566386823 -1.8015129124634937),Allison Smith White,510786/202962/327657,685500398441,badan-toko-farmasi-nusantara-sejahtera-sejahtera,23
Apotik Surya Jaya Sehat Farma Medik,Jl. Gedung Cermat Blok 91 Kota/Kabupaten MIMIKA Provinsi PAPUA,POINT(134.90564917035277 -4.2249814900785285),Steve Jones Johnson,4011810/2610260/401331,8040101845710,apotik-surya-jaya-sehat-farma-medik,8
Obat Tubuh Prima Sehat Bersama Farma,Jl. Sawah Cermat Daerah 17 Kota/Kabupaten DELI SERDANG Provinsi SUMATERA UTARA,POINT(98.5100622920038 3.7269568309516954),Alex Hill Thomas,1410061/422467/3105439,3950108140530,obat-tubuh-prima-sehat-bersama-farma,49
Bintang Apotik Indah Sentorsa Medik Sehat,Jl. Rambutan Kecil Blok 73 Kota/Kabupaten BANGKA SELATAN Provinsi KEPULAUAN BANGKA BELITUNG,POINT(106.58986205175124 -2.743605562207966),Matt White Martin,9316810/280067/7139310,880812747548,bintang-apotik-indah-sentorsa-medik-sehat,551
Prima Medic Medical Murni Medik Farma,Jl. Sawah Pendek Daerah 7 Kota/Kabupaten KOTAWARINGIN BARAT Provinsi KALIMANTAN TENGAH,POINT(111.83835596998264 -2.528685632346047),Megan Anderson Wilson,771142/1006922/136851,657021381844,prima-medic-medical-murni-medik-farma,433
Murni Lestari Tenaga Nusantara Sejahtera Sejahtera,Jl. Kebun Cermat Daerah 16 Kota/Kabupaten KEPULAUAN MENTAWAI Provinsi SUMATERA BARAT,POINT(98.74382345993143 -1.256472471918574),Megan Williams Martinez,1711105/865227/231767,11031801018710,murni-lestari-tenaga-nusantara-sejahtera-sejahtera,387
Bakti Prima Berkah Bahagia Jaya Medika,Jl. Pisang Cerdas Cluster 13 Kota/Kabupaten PUNCAK JAYA Provinsi PAPUA,POINT(137.47361686997303 -3.32720347921988),Matt Lewis Wilson,653911/607124/637991,4196100850732,bakti-prima-berkah-bahagia-jaya-medika,872
Apotik Medic Bumi Tubuh Apotek Farma,Jl. Gajah Cerdas Daerah 89 Kota/Kabupaten SIGI Provinsi SULAWESI TENGAH,POINT(120.0815190422432 -1.7427118323679949),Megan Jackson Jackson,120140/126092/912352,810345854104,apotik-medic-bumi-tubuh-apotek-farma,487
Amanah Mawar Prima Sehat Jaya Medik,Jl. Duku Kecil Blok 47 Kota/Kabupaten MUSI RAWAS UTARA Provinsi SUMATERA SELATAN,POINT(103.0625185303896 -2.5303491711467547),Lauren Brown Smith,7110004/3279101/393970,1347808082510,amanah-mawar-prima-sehat-jaya-medik,474
Harmoni Medical Nusantara Bakti Bersama Apotik,Jl. Jeruk Sari Wilayah 54 Kota/Kabupaten SAROLANGUN Provinsi JAMBI,POINT(102.65764313742746 -2.587394325160881),Emily Adams Thompson,351354/2106928/326093,656973588104,harmoni-medical-nusantara-bakti-bersama-apotik,46
Jaya Terang Surya Bahagia Apotek Pharma,Jl. Gajah Jenius Wilayah 71 Kota/Kabupaten BANJAR Provinsi KALIMANTAN SELATAN,POINT(115.11610358565602 -3.5724432479650527),Katie Lewis Martinez,261652/287690/320392,5808971221018,jaya-terang-surya-bahagia-apotek-pharma,474
Makmur Obat Toko Berkah Farma Apotek,Jl. Tembok Sari Cluster 31 Kota/Kabupaten KUTAI TIMUR Provinsi KALIMANTAN TIMUR,POINT(116.6874753795272 0.0765056993316051),Chris Lewis Anderson,2214110/70210108/384223,3802831024140,makmur-obat-toko-berkah-farma-apotek,55
Sehat Prima Makmur Bakti Bersama Apotek,Jl. Kuda Indah Cluster 34 Kota/Kabupaten INDRAGIRI HILIR Provinsi RIAU,POINT(103.37584009717852 0.1426547464678975),John Roberts Jackson,512213/7102614/629039,716984748012,sehat-prima-makmur-bakti-bersama-apotek,855
Prima Apotik Amanah Resep Medika Apotik,Jl. Rambutan Cerah Wilayah 41 Kota/Kabupaten SINTANG Provinsi KALIMANTAN BARAT,POINT(111.29372573983994 0.6840926551761655),Steve Clark Wilson,719975/229482/9106320,638864178140,prima-apotik-amanah-resep-medika-apotik,99
Jaya Lestari Jaya Badan Apotik Sejahtera,Jl. Balai Cerah Daerah 56 Kota/Kabupaten MAMUJU Provinsi SULAWESI BARAT,POINT(119.27795751145196 -2.246006409208084),John Nelson Anderson,6413010/274509/233219,1014968101868,jaya-lestari-jaya-badan-apotik-sejahtera,926
Prima Sejahtera Medical Surya Bersama Farma,Jl. Mangga Cermat Wilayah 78 Kota/Kabupaten ACEH TENGAH Provinsi ACEH,POINT(96.6759708750048 4.421562875803826),Ashley Thomas Harris,1351710/923501/690293,6605185281008,prima-sejahtera-medical-surya-bersama-farma,73
Farmasi Surya Kimia Mawar Jaya Sehat,Jl. Kebun Cermat Wilayah 15 Kota/Kabupaten TELUK BINTUNI Provinsi PAPUA BARAT,POINT(133.3849756105399 -2.5421604056297227),John Carter Martin,51010281/283326/1033863,720181363118,farmasi-surya-kimia-mawar-jaya-sehat,875
Sehat Makmur Lestari Badan Bersama Apotek,Jl. Gedung Tinggi Cluster 68 Kota/Kabupaten KAIMANA Provinsi PAPUA BARAT,POINT(133.12321392900344 -3.951963895922004),Allison Taylor Miller,889210/1096952/9737107,316188138071,sehat-makmur-lestari-badan-bersama-apotek,182
Obat Apotik Surya Bahagia Medika Pharma,Jl. Sawah Pintar Blok 60 Kota/Kabupaten KAPUAS HULU Provinsi KALIMANTAN BARAT,POINT(112.15687759999092 0.796834322689083),John Taylor Jones,402139/91011029/337797,1213801000297,obat-apotik-surya-bahagia-medika-pharma,566
Murni Cemerlang Bahagia Sehat Sejahtera Pharma,Jl. Pisang Jenius Wilayah 13 Kota/Kabupaten SUMBA BARAT DAYA Provinsi NUSA TENGGARA TIMUR,POINT(119.19870654990548 -9.464341049639271),Chris Thomas Miller,913491/98101024/1060973,8077680811310,murni-cemerlang-bahagia-sehat-sejahtera-pharma,763
Resep Nusantara Toko Berkah Pharm Pharma,Jl. Kota Pintar Blok 42 Kota/Kabupaten PASER Provinsi KALIMANTAN TIMUR,POINT(116.19408226647764 -1.8662221327920907),Tom Williams Davis,141780/127137/317952,899170534585,resep-nusantara-toko-berkah-pharm-pharma,845
Bumi Toko Murni Badan Bersama Sehat,Jl. Kucing Cermat Cluster 60 Kota/Kabupaten LABUHANBATU SELATAN Provinsi SUMATERA UTARA,POINT(100.12090653782552 1.9536217499068813),Alex Nelson Brown,185409/529809/583115,209882414389,bumi-toko-murni-badan-bersama-sehat,99
Farmasi Terang Tubuh Jaya Sejahtera Sehat,Jl. Kebun Indah Komplek 30 Kota/Kabupaten TEBO Provinsi JAMBI,POINT(102.4120735705692 -1.1346563076576377),Katie Johnson Johnson,521588/7109462/1071305,80711095142710,farmasi-terang-tubuh-jaya-sejahtera-sehat,938
Resep Prima Terang Bakti Medika Jaya,Jl. Duku Sari Wilayah 34 Kota/Kabupaten KOTA PADANG Provinsi SUMATERA BARAT,POINT(100.50693452181812 -0.8729979085702784),Steve Adams White,644140/2310457/647103,84107881021037,resep-prima-terang-bakti-medika-jaya,681
Bahagia Harmoni Lestari Medical Apotik Bersama,Jl. Duku Cepat Komplek 43 Kota/Kabupaten BANGGAI KEPULAUAN Provinsi SULAWESI TENGAH,POINT(123.10333252273652 -1.3256220782295074),Matt Brown Smith,401423/402929/413077,101089474080110,bahagia-harmoni-lestari-medical-apotik-bersama,374
Toko Farmasi Mutiara Sehat Medik Medika,Jl. Kebun Tinggi Wilayah 94 Kota/Kabupaten BANGGAI KEPULAUAN Provinsi SULAWESI TENGAH,POINT(123.29284388351752 -1.362253669102726),Jason Clark Anderson,719326/2793108/720223,8426102710728,toko-farmasi-mutiara-sehat-medik-medika,729
Obat Kimia Medical Medic Sejahtera Apotek,Jl. Durian Kecil Komplek 100 Kota/Kabupaten KAPUAS HULU Provinsi KALIMANTAN BARAT,POINT(112.59850263627628 1.336289266006192),Jason Martinez Robinson,314347/200233/632693,111488207438,obat-kimia-medical-medic-sejahtera-apotek,90
Tubuh Cemerlang Badan Sehat Sejahtera Bersama,Jl. Tembok Kecil Wilayah 11 Kota/Kabupaten ASAHAN Provinsi SUMATERA UTARA,POINT(99.8318658246034 2.965791709315196),Steve Carter Johnson,103481/1092210/1025356,701668733209,tubuh-cemerlang-badan-sehat-sejahtera-bersama,53
Berkah Medic Surya Tubuh Apotik Bersama,Jl. Duku Sejahtera Daerah 78 Kota/Kabupaten HALMAHERA SELATAN Provinsi MALUKU UTARA,POINT(127.30677068277974 -0.4724435921979282),Katie Roberts Garcia,721940/1022207/536233,979101018021068,berkah-medic-surya-tubuh-apotik-bersama,148
Murni Sentorsa Jaya Bahagia Sejahtera Sehat,Jl. Tembok Cerdas Cluster 75 Kota/Kabupaten SUKABUMI Provinsi JAWA BARAT,POINT(106.63713966451606 -7.124111601365343),Katie White Davis,183618/252272/339965,35308810198910,murni-sentorsa-jaya-bahagia-sejahtera-sehat,887
Indah Mawar Jaya Sehat Jaya Sejahtera,Jl. Pisang Cermat Cluster 41 Kota/Kabupaten HULU SUNGAI SELATAN Provinsi KALIMANTAN SELATAN,POINT(115.10969614324468 -2.814438661332316),Steve Roberts White,419913/2964210/530317,10046013834107,indah-mawar-jaya-sehat-jaya-sejahtera,393
Lestari Harmoni Medic Prima Apotik Apotek,Jl. Jeruk Tinggi Blok 4 Kota/Kabupaten MAMBERAMO RAYA Provinsi PAPUA,POINT(138.3923695044434 -3.0386787628251586),Megan Thomas Anderson,116161/412387/593936,138990852132,lestari-harmoni-medic-prima-apotik-apotek,103
Medical Prima Resep Terang Medika Sejahtera,Jl. Kebun Cerah Daerah 60 Kota/Kabupaten WAROPEN Provinsi PAPUA,POINT(136.51617168712482 -2.639680751468724),Rachel Johnson Anderson,896169/232979/342422,164193158770,medical-prima-resep-terang-medika-sejahtera,24
Tubuh Mutiara Murni Berkah Medika Jaya,Jl. Balai Jenius Cluster 79 Kota/Kabupaten KEPULAUAN YAPEN Provinsi PAPUA,POINT(136.6779676027014 -1.7435990530748224),Michael Hill Martin,661161/8100322/672953,3121820102710,tubuh-mutiara-murni-berkah-medika-jaya,137
Badan Sentorsa Nusantara Harmoni Jaya Apotek,Jl. Gajah Pintar Cluster 25 Kota/Kabupaten KAPUAS HULU Provinsi KALIMANTAN BARAT,POINT(111.77342195059816 0.9493761024102696),David Taylor Garcia,769411/51038102/3056310,186233402084,badan-sentorsa-nusantara-harmoni-jaya-apotek,501
Cemerlang Tubuh Indah Lestari Sejahtera Sejahtera,Jl. Jeruk Cepat Wilayah 60 Kota/Kabupaten WAROPEN Provinsi PAPUA,POINT(136.8496488111212 -3.130742352622782),Lauren Martinez Brown,111896/342286/339824,8222501016842,cemerlang-tubuh-indah-lestari-sejahtera-sejahtera,21
Nusantara Prima Surya Jaya Apotek Bersama,Jl. Rambutan Jenius Wilayah 41 Kota/Kabupaten PASER Provinsi KALIMANTAN TIMUR,POINT(115.91011523042552 -1.897125920489929),Steve Hill Wilson,9103961/326292/265341,529668420105,nusantara-prima-surya-jaya-apotek-bersama,155
Bintang Tubuh Berkah Cemerlang Sejahtera Apotek,Jl. Gajah Jenius Blok 49 Kota/Kabupaten KARAWANG Provinsi JAWA BARAT,POINT(107.44598111900842 -6.204696225442175),Mark Nelson Williams,1110915/1102695/1434100,5661218103019,bintang-tubuh-berkah-cemerlang-sejahtera-apotek,294
Obat Murni Prima Medical Sejahtera Medika,Jl. Duku Jenius Wilayah 99 Kota/Kabupaten MAMBERAMO RAYA Provinsi PAPUA,POINT(137.49664670264954 -2.135057734251584),Allison Nelson Johnson,713080/260645/1033332,5681599321100,obat-murni-prima-medical-sejahtera-medika,409
Sejahtera Cemerlang Lestari Murni Sejahtera Bersama,Jl. Rambutan Sejahtera Daerah 60 Kota/Kabupaten BANJARNEGARA Provinsi JAWA TENGAH,POINT(109.58574754403412 -7.288769202366707),Michael Harris Taylor,446111/10771032/7232108,6661103895170,sejahtera-cemerlang-lestari-murni-sejahtera-bersama,938
Cemerlang Kimia Apotik Sentorsa Farma Pharm,Jl. Gajah Indah Daerah 19 Kota/Kabupaten BATANGHARI Provinsi JAMBI,POINT(103.22915218952596 -1.414443933921774),Ashley Clark Thomas,6010115/844192/31031100,3000515108336,cemerlang-kimia-apotik-sentorsa-farma-pharm,121
Amanah Bumi Sehat Bakti Apotik Sejahtera,Jl. Tembok Sari Wilayah 62 Kota/Kabupaten KONAWE SELATAN Provinsi SULAWESI TENGGARA,POINT(122.08331539477008 -4.477877069932883),Sarah Brown Martin,7102190/182181/134732,420111842195,amanah-bumi-sehat-bakti-apotik-sejahtera,971
Bintang Sehat Mutiara Surya Jaya Apotik,Jl. Kota Pintar Cluster 68 Kota/Kabupaten KOTAWARINGIN BARAT Provinsi KALIMANTAN TENGAH,POINT(111.86548902062204 -2.536046202238701),Jason Jones Thomas,199753/232397/837032,359568610803,bintang-sehat-mutiara-surya-jaya-apotik,355
Sejahtera Bakti Medic Farmasi Jaya Sejahtera,Jl. Mangga Cermat Wilayah 45 Kota/Kabupaten PELALAWAN Provinsi RIAU,POINT(102.8268733345286 0.6558216171685451),Alex Jackson White,912151/2380710/3210308,44075181018310,sejahtera-bakti-medic-farmasi-jaya-sejahtera,44
Tubuh Makmur Lestari Sejahtera Apotek Jaya,Jl. Kebun Pintar Cluster 64 Kota/Kabupaten DAIRI Provinsi SUMATERA UTARA,POINT(98.46422708275328 2.710985355063132),Emily Nelson Miller,997193/1821810/792439,460102018887,tubuh-makmur-lestari-sejahtera-apotek-jaya,158
Toko Murni Bintang Berkah Apotik Pharma,Jl. Kuda Cerah Blok 90 Kota/Kabupaten OGAN KOMERING ILIR Provinsi SUMATERA SELATAN,POINT(105.62959678567874 -3.713319743011078),John Anderson Thomas,11051050/220932/377034,2581083241018,toko-murni-bintang-berkah-apotik-pharma,57
Jaya Bahagia Kimia Tenaga Apotik Sejahtera,Jl. Apel Cepat Blok 50 Kota/Kabupaten SUKABUMI Provinsi JAWA BARAT,POINT(106.69860535105671 -6.832547796307765),Brittany Jackson Robinson,31741010/1054237/342242,1461251083630,jaya-bahagia-kimia-tenaga-apotik-sejahtera,968
Berkah Sentorsa Jaya Bahagia Pharma Sehat,Jl. Gedung Sari Cluster 12 Kota/Kabupaten MURUNG RAYA Provinsi KALIMANTAN TENGAH,POINT(114.9851020156304 -0.1904397155314399),Steve Thomas Thompson,500913/234018/739978,1310407330848,berkah-sentorsa-jaya-bahagia-pharma-sehat,186
Nusantara Badan Obat Farmasi Sehat Medika,Jl. Rambutan Sejahtera Komplek 40 Kota/Kabupaten SORONG SELATAN Provinsi PAPUA BARAT,POINT(132.03644446824083 -1.7450537929437306),Mark Clark Harris,1029351/237544/424368,7596816651001,nusantara-badan-obat-farmasi-sehat-medika,902
Mutiara Jaya Sentorsa Prima Sejahtera Farma,Jl. Mangga Sejahtera Wilayah 78 Kota/Kabupaten PULANG PISAU Provinsi KALIMANTAN TENGAH,POINT(113.64515751666173 -2.7127745778514374),Lauren Taylor White,938161/409221/150033,110453248689,mutiara-jaya-sentorsa-prima-sejahtera-farma,63
Surya Farmasi Sentorsa Resep Apotik Medika,Jl. Kuda Cerdas Komplek 16 Kota/Kabupaten LANGKAT Provinsi SUMATERA UTARA,POINT(98.21392100015204 3.777690722801841),Chris Jackson Thompson,6101718/298689/233762,6804112461068,surya-farmasi-sentorsa-resep-apotik-medika,528
Mutiara Kimia Jaya Makmur Sejahtera Pharm,Jl. Gedung Cerah Wilayah 28 Kota/Kabupaten MAPPI Provinsi PAPUA,POINT(139.15421714030424 -6.563705575190989),Allison Carter Wilson,907261/4521062/833584,10281047090071,mutiara-kimia-jaya-makmur-sejahtera-pharm,311
Kimia Sehat Apotik Bakti Pharm Sehat,Jl. Balai Indah Daerah 3 Kota/Kabupaten INDRAGIRI HULU Provinsi RIAU,POINT(102.66897619463614 -0.064722732353923),Mark Lewis Miller,190622/702604/10311090,83095101013516,kimia-sehat-apotik-bakti-pharm-sehat,13
Amanah Harmoni Makmur Surya Sejahtera Pharm,Jl. Tembok Besar Cluster 97 Kota/Kabupaten TASIKMALAYA Provinsi JAWA BARAT,POINT(108.12837210382996 -7.325685932174597),Steve Hill Wilson,119215/135228/7310310,241406612801,amanah-harmoni-makmur-surya-sejahtera-pharm,220
Surya Nusantara Sentorsa Resep Pharma Bersama,Jl. Ikan Indah Cluster 18 Kota/Kabupaten MERAUKE Provinsi PAPUA,POINT(140.46244768925763 -7.455395487088612),Sarah Jones Smith,8710815/1229102/3510306,4385101540875,surya-nusantara-sentorsa-resep-pharma-bersama,53
Bakti Tubuh Tenaga Kimia Bersama Sejahtera,Jl. Kebun Indah Wilayah 93 Kota/Kabupaten MAMASA Provinsi SULAWESI BARAT,POINT(119.28707589452596 -2.7103587385740564),Rachel Clark Martinez,1000100/428730/3232210,1083481660081,bakti-tubuh-tenaga-kimia-bersama-sejahtera,131
Terang Medical Tenaga Bumi Medika Bersama,Jl. Gajah Pintar Komplek 67 Kota/Kabupaten HALMAHERA TENGAH Provinsi MALUKU UTARA,POINT(128.19249899758626 0.5206614942447612),Michael Harris Moore,4100031/3108429/438468,850085175400,terang-medical-tenaga-bumi-medika-bersama,653
Bumi Murni Mutiara Obat Sejahtera Farma,Jl. Kucing Tinggi Komplek 5 Kota/Kabupaten SIMALUNGUN Provinsi SUMATERA UTARA,POINT(98.8278561002233 3.1128301903041304),Megan Lewis Martinez,1894710/8510204/106301,230100080482,bumi-murni-mutiara-obat-sejahtera-farma,106
Amanah Harmoni Resep Indah Sejahtera Medika,Jl. Gunung Sari Blok 13 Kota/Kabupaten BUOL Provinsi SULAWESI TENGAH,POINT(121.17988617059282 0.7895001407964113),Lauren Johnson Johnson,126247/521582/3074810,8673142805310,amanah-harmoni-resep-indah-sejahtera-medika,469
Kimia Prima Medic Berkah Sejahtera Sejahtera,Jl. Rambutan Cerah Cluster 94 Kota/Kabupaten KAIMANA Provinsi PAPUA BARAT,POINT(134.2052596579629 -3.5746424529972343),John Roberts Garcia,1017146/51821010/31030102,919598521072,kimia-prima-medic-berkah-sejahtera-sejahtera,458
Sehat Obat Nusantara Sentorsa Sehat Pharm,Jl. Sawah Besar Daerah 57 Kota/Kabupaten MUARO JAMBI Provinsi JAMBI,POINT(103.73892809546751 -1.4346328939068176),Tom Jackson Miller,100325/585920/61101023,5961001116018,sehat-obat-nusantara-sentorsa-sehat-pharm,53
Jaya Obat Prima Jaya Bersama Pharma,Jl. Kucing Kecil Blok 44 Kota/Kabupaten SANGGAU Provinsi KALIMANTAN BARAT,POINT(110.95495090575248 0.7058874623167455),Jessica Johnson Jones,751680/298102/223426,8460038117100,jaya-obat-prima-jaya-bersama-pharma,906
Tubuh Medical Bakti Murni Sehat Apotek,Jl. Durian Kecil Wilayah 14 Kota/Kabupaten BOYOLALI Provinsi JAWA TENGAH,POINT(110.63330589120336 -7.572912937332985),Mark Thomas Anderson,165319/224751/8946310,860913054480,tubuh-medical-bakti-murni-sehat-apotek,231
Badan Sentorsa Cemerlang Jaya Pharma Sejahtera,Jl. Sirih Jenius Daerah 73 Kota/Kabupaten MERANGIN Provinsi JAMBI,POINT(101.78288918108102 -2.2395963954784186),Megan Nelson Anderson,2100101/9051052/2181036,140857763291,badan-sentorsa-cemerlang-jaya-pharma-sejahtera,785
Sentorsa Lestari Mawar Nusantara Jaya Apotik,Jl. Duku Besar Komplek 64 Kota/Kabupaten INDRAGIRI HULU Provinsi RIAU,POINT(102.63175420629416 0.0127537310176393),Katie Adams White,884016/2310449/644038,818055701624,sentorsa-lestari-mawar-nusantara-jaya-apotik,342
Medical Nusantara Resep Makmur Sejahtera Pharma,Jl. Apel Pintar Cluster 1 Kota/Kabupaten TELUK BINTUNI Provinsi PAPUA BARAT,POINT(133.958887958079 -2.402894222508559),Chris Adams Robinson,160803/2410185/7271030,11451010695880,medical-nusantara-resep-makmur-sejahtera-pharma,167
Tubuh Indah Sentorsa Farmasi Pharm Apotik,Jl. Duku Tinggi Cluster 73 Kota/Kabupaten KEPULAUAN SANGIHE Provinsi SULAWESI UTARA,POINT(125.55651391858892 3.47922899010732),Megan Harris Smith,713719/1024451/945393,849588034261,tubuh-indah-sentorsa-farmasi-pharm-apotik,474
Sentorsa Bakti Bahagia Apotik Farma Sejahtera,Jl. Kota Sejahtera Daerah 38 Kota/Kabupaten LANDAK Provinsi KALIMANTAN BARAT,POINT(109.40773096454164 0.6244549277167355),Alex Taylor Davis,81101011/9101920/361387,86682081019103,sentorsa-bakti-bahagia-apotik-farma-sejahtera,446
Toko Obat Surya Badan Apotek Sehat,Jl. Rambutan Jenius Komplek 99 Kota/Kabupaten BULELENG Provinsi BALI,POINT(114.4578956210484 -8.09850707623202),Rachel Roberts Johnson,108629/273238/8103595,881194016149,toko-obat-surya-badan-apotek-sehat,424
Surya Kimia Farmasi Medic Sejahtera Medik,Jl. Duku Tinggi Cluster 70 Kota/Kabupaten ASMAT Provinsi PAPUA,POINT(138.736149405159 -4.839199418754616),Sarah Roberts Brown,1710107/772947/1063432,10010121718630,surya-kimia-farmasi-medic-sejahtera-medik,306
Kimia Mawar Tubuh Resep Jaya Sehat,Jl. Sawah Besar Wilayah 36 Kota/Kabupaten KAIMANA Provinsi PAPUA BARAT,POINT(134.2493946872909 -3.6796714643196937),Michael Johnson Robinson,713171/309292/3103874,510619089489,kimia-mawar-tubuh-resep-jaya-sehat,377
Jaya Obat Cemerlang Tenaga Pharma Apotek,Jl. Kuda Pintar Cluster 54 Kota/Kabupaten HALMAHERA TIMUR Provinsi MALUKU UTARA,POINT(128.57083296801375 1.5311317732544172),Rachel Nelson Williams,199411/211051010/10106393,511920888871,jaya-obat-cemerlang-tenaga-pharma-apotek,590
Tubuh Terang Murni Makmur Apotik Medik,Jl. Apel Indah Daerah 96 Kota/Kabupaten JEPARA Provinsi JAWA TENGAH,POINT(110.90767819058684 -6.422057021914153),Sarah Carter Garcia,4110121/163262/1098340,386724219099,tubuh-terang-murni-makmur-apotik-medik,29
Badan Nusantara Sehat Amanah Medik Farma,Jl. Rambutan Indah Wilayah 86 Kota/Kabupaten ACEH BESAR Provinsi ACEH,POINT(95.48975861490382 5.371925698128964),Sarah Brown Thomas,851731/726226/2371061,980171645530,badan-nusantara-sehat-amanah-medik-farma,226
Sentorsa Badan Toko Bakti Sejahtera Jaya,Jl. Jeruk Pendek Wilayah 61 Kota/Kabupaten MANDAILING NATAL Provinsi SUMATERA UTARA,POINT(98.9028220347624 1.2062112201362112),Emily Lewis Jackson,8110795/262261/239605,82112310231050,sentorsa-badan-toko-bakti-sejahtera-jaya,679
Terang Bintang Amanah Lestari Sehat Apotik,Jl. Ikan Sejahtera Cluster 58 Kota/Kabupaten BURU Provinsi MALUKU,POINT(126.49240259348164 -3.23597904021738),Mark White Harris,8511101/185892/776923,10041710384478,terang-bintang-amanah-lestari-sehat-apotik,787
Kimia Resep Indah Apotik Sehat Pharma,Jl. Sawah Cerdas Daerah 76 Kota/Kabupaten TAMBRAUW Provinsi PAPUA BARAT,POINT(132.8628797099935 -0.480529341485191),Rachel Carter Jackson,2421019/639244/10336210,541518088447,kimia-resep-indah-apotik-sehat-pharma,653
Prima Resep Murni Amanah Apotek Medika,Jl. Gedung Pintar Blok 52 Kota/Kabupaten KOTA TIDORE KEPULAUAN Provinsi MALUKU UTARA,POINT(127.75625107038216 0.5656175212700543),Tom White Jones,103918/820599/5486310,120334189090,prima-resep-murni-amanah-apotek-medika,670
Mawar Tubuh Bintang Badan Farma Pharm,Jl. Duku Sari Komplek 61 Kota/Kabupaten FAKFAK Provinsi PAPUA BARAT,POINT(133.13436461620526 -3.18869122584458),Tom Johnson Smith,504041/4522610/119533,231908028980,mawar-tubuh-bintang-badan-farma-pharm,77
Cemerlang Bumi Tenaga Surya Medika Sejahtera,Jl. Balai Tinggi Wilayah 50 Kota/Kabupaten KEPULAUAN YAPEN Provinsi PAPUA,POINT(136.06394905190876 -1.8250600974946012),Chris Jones Thomas,615405/890032/630183,904916818344,cemerlang-bumi-tenaga-surya-medika-sejahtera,545
Prima Lestari Indah Tubuh Medika Medik,Jl. Ikan Pendek Daerah 7 Kota/Kabupaten SIAK Provinsi RIAU,POINT(101.284300144771 0.9186396266676606),Alex Roberts White,241479/213850/937263,22110832971080,prima-lestari-indah-tubuh-medika-medik,615
Kimia Badan Terang Jaya Pharma Pharm,Jl. Mangga Kecil Blok 85 Kota/Kabupaten BOVEN DIGOEL Provinsi PAPUA,POINT(140.5799678788133 -5.689749301214932),Tom Brown Jones,17106103/248089/93104410,845142490381,kimia-badan-terang-jaya-pharma-pharm,53
Apotik Obat Surya Mawar Pharm Apotek,Jl. Gedung Indah Komplek 95 Kota/Kabupaten ROKAN HILIR Provinsi RIAU,POINT(100.90186541228152 2.15162972515391),Lauren Taylor Smith,261106/221920/351857,8636874808101,apotik-obat-surya-mawar-pharm-apotek,282
Harmoni Apotik Surya Murni Medik Bersama,Jl. Tembok Tinggi Komplek 55 Kota/Kabupaten PINRANG Provinsi SULAWESI SELATAN,POINT(119.62016627786048 -3.606374508138967),Brittany Taylor Smith,243199/2103452/344882,4831091001652,harmoni-apotik-surya-murni-medik-bersama,970
Berkah Indah Bumi Surya Farma Pharma,Jl. Duku Cermat Daerah 86 Kota/Kabupaten JENEPONTO Provinsi SULAWESI SELATAN,POINT(119.88993245813168 -5.587639280764099),Jessica Carter Harris,41010102/4010942/3010204,70401027100816,berkah-indah-bumi-surya-farma-pharma,176
Nusantara Sehat Mutiara Lestari Bersama Sehat,Jl. Durian Sari Komplek 14 Kota/Kabupaten KAPUAS HULU Provinsi KALIMANTAN BARAT,POINT(112.39108192693432 1.1084436575105894),Megan Williams Anderson,632817/9110192/187339,8251008441006,nusantara-sehat-mutiara-lestari-bersama-sehat,649
Terang Surya Bintang Bumi Sejahtera Medik,Jl. Apel Indah Blok 54 Kota/Kabupaten SINTANG Provinsi KALIMANTAN BARAT,POINT(112.83237281235988 -0.3541236824008571),Michael Jackson Harris,51101410/592553/894134,1061010110081540,terang-surya-bintang-bumi-sejahtera-medik,355
Mutiara Berkah Medic Tenaga Sehat Medik,Jl. Sirih Pintar Cluster 20 Kota/Kabupaten KAPUAS HULU Provinsi KALIMANTAN BARAT,POINT(112.84332624775342 0.703182751869619),Allison Jones Thomas,711637/227744/964313,10013829069010,mutiara-berkah-medic-tenaga-sehat-medik,415
Badan Apotik Sejahtera Sehat Sejahtera Apotek,Jl. Gedung Cermat Daerah 44 Kota/Kabupaten GIANYAR Provinsi BALI,POINT(115.25859277798024 -8.33800904229531),Katie Williams Johnson,160249/656112/280327,383518300736,badan-apotik-sejahtera-sehat-sejahtera-apotek,812
Bakti Tubuh Mawar Jaya Sejahtera Pharm,Jl. Gedung Pendek Cluster 14 Kota/Kabupaten BONE Provinsi SULAWESI SELATAN,POINT(119.95680778522797 -4.573733662385526),Katie Lewis Wilson,145755/3105029/8910321,228975907217,bakti-tubuh-mawar-jaya-sejahtera-pharm,644
Toko Sehat Sentorsa Tubuh Sehat Jaya,Jl. Balai Besar Cluster 9 Kota/Kabupaten MALANG Provinsi JAWA TIMUR,POINT(112.77500930016532 -8.222753197855164),Jessica Johnson Williams,3219107/2989104/273034,10100801658597,toko-sehat-sentorsa-tubuh-sehat-jaya,317
Prima Obat Bumi Prima Pharm Apotik,Jl. Tembok Pendek Komplek 38 Kota/Kabupaten MANOKWARI SELATAN Provinsi PAPUA BARAT,POINT(133.8374084883942 -1.541110501984523),Matt Harris Smith,193790/4106028/184831,540418333313,prima-obat-bumi-prima-pharm-apotik,496
Murni Medical Prima Sejahtera Sejahtera Apotek,Jl. Kota Pendek Blok 64 Kota/Kabupaten BOLAANG MONGONDOW Provinsi SULAWESI UTARA,POINT(123.92533670698856 0.5705202001767695),Mark Jackson Wilson,829151/7321020/30410710,102581033170810,murni-medical-prima-sejahtera-sejahtera-apotek,582
Tenaga Toko Sehat Surya Apotek Apotik,Jl. Tembok Sejahtera Daerah 96 Kota/Kabupaten SERUYAN Provinsi KALIMANTAN TENGAH,POINT(111.73143744129132 -1.3676078155154343),Megan Harris Robinson,3261102/542442/180313,10854011410206,tenaga-toko-sehat-surya-apotek-apotik,296
Obat Bakti Jaya Terang Pharma Sejahtera,Jl. Gedung Sari Cluster 33 Kota/Kabupaten SAROLANGUN Provinsi JAMBI,POINT(103.07582420448094 -2.114441549977469),Rachel Jackson Robinson,147958/751212/1110339,68130101011860,obat-bakti-jaya-terang-pharma-sejahtera,63
Tenaga Amanah Prima Medic Apotik Pharm,Jl. Sirih Tinggi Cluster 39 Kota/Kabupaten BANYUWANGI Provinsi JAWA TIMUR,POINT(114.22155632407822 -8.458294506027912),Sarah Nelson Smith,2216101/747220/8310475,9106410515128,tenaga-amanah-prima-medic-apotik-pharm,271
Surya Murni Surya Sentorsa Sehat Pharm,Jl. Jeruk Kecil Blok 98 Kota/Kabupaten SOLOK Provinsi SUMATERA BARAT,POINT(100.8141891655379 -1.2131135504849428),Allison Jackson Garcia,1101194/101028510/258330,2207302100819,surya-murni-surya-sentorsa-sehat-pharm,38
Bahagia Harmoni Nusantara Toko Sejahtera Medika,Jl. Gedung Sejahtera Blok 86 Kota/Kabupaten BONDOWOSO Provinsi JAWA TIMUR,POINT(113.87908538633012 -7.830676062528043),Chris Carter Thomas,172227/8541024/713177,812113053074,bahagia-harmoni-nusantara-toko-sejahtera-medika,362
Badan Jaya Surya Cemerlang Farma Apotik,Jl. Jeruk Cerdas Daerah 8 Kota/Kabupaten MAPPI Provinsi PAPUA,POINT(139.9518122382158 -7.178889643625768),Michael Hill Smith,9910142/960284/108331010,8203621055108,badan-jaya-surya-cemerlang-farma-apotik,6
Mutiara Indah Mawar Tenaga Bersama Sejahtera,Jl. Gunung Kecil Wilayah 12 Kota/Kabupaten GAYO LUES Provinsi ACEH,POINT(96.83530838727518 4.18105402835792),Michael Brown Miller,1026130/884263/130691,158597686120,mutiara-indah-mawar-tenaga-bersama-sejahtera,497
Mawar Lestari Tubuh Apotik Sejahtera Medika,Jl. Kebun Indah Daerah 17 Kota/Kabupaten MAPPI Provinsi PAPUA,POINT(139.13443862025508 -6.201123103534611),Brittany Adams Davis,101429/778297/853275,2010508021106,mawar-lestari-tubuh-apotik-sejahtera-medika,548
Prima Terang Nusantara Indah Pharma Medika,Jl. Anjing Tinggi Cluster 51 Kota/Kabupaten FAKFAK Provinsi PAPUA BARAT,POINT(132.8180755603804 -2.8362839053531843),Lauren Harris Thompson,528561/8622410/3103579,541740068096,prima-terang-nusantara-indah-pharma-medika,395
Obat Resep Amanah Bahagia Medika Pharma,Jl. Durian Cermat Komplek 90 Kota/Kabupaten ACEH TIMUR Provinsi ACEH,POINT(97.5368669969132 4.511576145931668),David Anderson Anderson,399162/732057/626302,705392228410,obat-resep-amanah-bahagia-medika-pharma,394
Harmoni Makmur Sehat Medical Bersama Medika,Jl. Kebun Sari Blok 50 Kota/Kabupaten SANGGAU Provinsi KALIMANTAN BARAT,POINT(110.7487869044869 0.6211050448550175),Chris Clark Martinez,215057/632801/303346,10838380100108,harmoni-makmur-sehat-medical-bersama-medika,770
Sentorsa Badan Medic Berkah Apotek Farma,Jl. Kota Cepat Cluster 84 Kota/Kabupaten TEGAL Provinsi JAWA TENGAH,POINT(109.18460208019816 -7.090227674402635),David Nelson Wilson,1076128/632049/794543,510656710810010,sentorsa-badan-medic-berkah-apotek-farma,491
Surya Apotik Harmoni Mutiara Apotek Pharma,Jl. Mangga Cepat Blok 4 Kota/Kabupaten KUBU RAYA Provinsi KALIMANTAN BARAT,POINT(109.68143643734275 -0.4211727898042454),Matt Jones Jones,502618/4217410/3310406,781700603859,surya-apotik-harmoni-mutiara-apotek-pharma,662
Sehat Cemerlang Badan Prima Farma Apotek,Jl. Gunung Sejahtera Cluster 66 Kota/Kabupaten TANJUNG JABUNG BARAT Provinsi JAMBI,POINT(102.94844436190591 -1.1280143067999262),Tom Johnson Miller,2310431/702221/270732,162260873032,sehat-cemerlang-badan-prima-farma-apotek,338
Medic Surya Bakti Lestari Sejahtera Pharm,Jl. Jeruk Cepat Wilayah 59 Kota/Kabupaten LAHAT Provinsi SUMATERA SELATAN,POINT(103.4743492680965 -3.693276179937678),Jason Roberts Miller,1017190/1010236/10381084,180686422053,medic-surya-bakti-lestari-sejahtera-pharm,661
Mawar Mutiara Indah Obat Pharma Medika,Jl. Mangga Pendek Daerah 28 Kota/Kabupaten MAMBERAMO RAYA Provinsi PAPUA,POINT(137.16944744020282 -2.322430162640517),Lauren Jones White,941253/3581102/394416,16611086100912,mawar-mutiara-indah-obat-pharma-medika,482
Sejahtera Apotik Mawar Lestari Jaya Sehat,Jl. Duku Cermat Wilayah 20 Kota/Kabupaten MUSI BANYUASIN Provinsi SUMATERA SELATAN,POINT(103.83411091240647 -2.5528080019160164),Rachel Jackson Moore,6107513/144192/1022253,257078660391,sejahtera-apotik-mawar-lestari-jaya-sehat,10
Obat Nusantara Apotik Sentorsa Medika Sejahtera,Jl. Anjing Pintar Daerah 71 Kota/Kabupaten MAYBRAT Provinsi PAPUA BARAT,POINT(132.4659204588812 -1.3769435888340666),Rachel Harris Johnson,314696/5128510/563635,688001129671,obat-nusantara-apotik-sentorsa-medika-sejahtera,15
Prima Bumi Sehat Medical Bersama Pharm,Jl. Balai Sari Komplek 40 Kota/Kabupaten MIMIKA Provinsi PAPUA,POINT(136.11588873443503 -4.494345077117151),Megan Adams Thompson,8010701/5026210/136232,105164518043,prima-bumi-sehat-medical-bersama-pharm,10
Badan Sentorsa Toko Medical Sejahtera Sejahtera,Jl. Ikan Cepat Wilayah 16 Kota/Kabupaten CIREBON Provinsi JAWA BARAT,POINT(108.3809631126138 -6.742798198844441),Allison Jackson Garcia,111277/955462/316847,100388174303,badan-sentorsa-toko-medical-sejahtera-sejahtera,203
Sehat Prima Indah Medic Sejahtera Sejahtera,Jl. Tembok Kecil Blok 86 Kota/Kabupaten WONOGIRI Provinsi JAWA TENGAH,POINT(111.00885794962548 -7.865612933642067),Sarah Roberts Miller,4100196/623599/254322,1017169995809,sehat-prima-indah-medic-sejahtera-sejahtera,24
Nusantara Cemerlang Toko Makmur Medik Apotek,Jl. Gajah Cermat Blok 19 Kota/Kabupaten LABUHANBATU Provinsi SUMATERA UTARA,POINT(99.78474853047804 2.1399775234429885),John Harris Thomas,181012/118921/4373210,163110148074,nusantara-cemerlang-toko-makmur-medik-apotek,263
Badan Nusantara Medic Bakti Medik Jaya,Jl. Tembok Jenius Blok 3 Kota/Kabupaten KUTAI TIMUR Provinsi KALIMANTAN TIMUR,POINT(117.2697670552176 0.6230726153282689),Rachel Anderson Garcia,918538/922001/9206310,6713808410021,badan-nusantara-medic-bakti-medik-jaya,80
Toko Kimia Resep Tenaga Pharma Sejahtera,Jl. Jeruk Cerdas Blok 13 Kota/Kabupaten SIGI Provinsi SULAWESI TENGAH,POINT(120.17750192674696 -1.1320212708049144),Alex Nelson Davis,1105105/293123/9338110,1057079808310,toko-kimia-resep-tenaga-pharma-sejahtera,46
Sejahtera Surya Sehat Jaya Sejahtera Farma,Jl. Kota Cepat Wilayah 54 Kota/Kabupaten INDRAGIRI HULU Provinsi RIAU,POINT(102.31755156307054 -0.5029328355732119),Ashley Adams Williams,5172101/1251017/928304,521190648251,sejahtera-surya-sehat-jaya-sejahtera-farma,414
Lestari Surya Apotik Tubuh Sehat Apotek,Jl. Jeruk Sejahtera Komplek 27 Kota/Kabupaten BULUNGAN Provinsi KALIMANTAN UTARA,POINT(116.98211803638752 3.008119973506382),Matt Clark Miller,1086521/762697/5101632,508386016813,lestari-surya-apotik-tubuh-sehat-apotek,532
Kimia Medical Harmoni Bakti Sejahtera Apotek,Jl. Gajah Tinggi Wilayah 98 Kota/Kabupaten KERINCI Provinsi JAMBI,POINT(101.439892744176 -2.3685135335232026),Matt Nelson Wilson,243183/323324/309724,707786627187,kimia-medical-harmoni-bakti-sejahtera-apotek,414
Prima Surya Cemerlang Sehat Pharm Sejahtera,Jl. Kota Pintar Blok 82 Kota/Kabupaten TANA TIDUNG Provinsi KALIMANTAN UTARA,POINT(117.6884478148952 3.67765643461132),Chris White Harris,2911054/2510229/6051053,1601098128018,prima-surya-cemerlang-sehat-pharm-sejahtera,604
Mawar Terang Bintang Mutiara Pharm Sehat,Jl. Kebun Tinggi Komplek 21 Kota/Kabupaten KAYONG UTARA Provinsi KALIMANTAN BARAT,POINT(109.44558749478962 -1.1492364129023225),Katie Williams Harris,1018659/728445/359438,8149101409856,mawar-terang-bintang-mutiara-pharm-sehat,513
Bakti Jaya Surya Makmur Medika Jaya,Jl. Kebun Indah Cluster 72 Kota/Kabupaten KAPUAS Provinsi KALIMANTAN TENGAH,POINT(114.48989193923067 -1.6960906200267267),Mark Carter Robinson,812349/294122/591039,108054918857,bakti-jaya-surya-makmur-medika-jaya,297
Jaya Obat Prima Harmoni Bersama Pharma,Jl. Apel Besar Daerah 92 Kota/Kabupaten SOLOK SELATAN Provinsi SUMATERA BARAT,POINT(101.31483296125508 -1.283158606280276),Ashley Carter Jackson,1186010/844729/474033,2535361001284,jaya-obat-prima-harmoni-bersama-pharma,728
Jaya Amanah Medic Tubuh Bersama Sejahtera,Jl. Balai Cerdas Daerah 29 Kota/Kabupaten SINTANG Provinsi KALIMANTAN BARAT,POINT(111.5892943553786 0.8788216284221804),Emily Anderson Williams,118135/925888/375338,757187768040,jaya-amanah-medic-tubuh-bersama-sejahtera,644
Badan Cemerlang Tenaga Jaya Jaya Sejahtera,Jl. Kucing Kecil Cluster 2 Kota/Kabupaten YAHUKIMO Provinsi PAPUA,POINT(139.1454473988928 -4.416517889474513),Lauren Johnson Martinez,4516104/572779/3107891,700182677773,badan-cemerlang-tenaga-jaya-jaya-sejahtera,28
Harmoni Mawar Amanah Farmasi Farma Pharma,Jl. Gajah Pendek Blok 63 Kota/Kabupaten KOLAKA TIMUR Provinsi SULAWESI TENGGARA,POINT(121.14630236106998 -3.387152580426938),John Carter Robinson,1053012/8211104/6030110,162400180824,harmoni-mawar-amanah-farmasi-farma-pharma,648
Prima Jaya Amanah Indah Farma Sejahtera,Jl. Apel Cermat Wilayah 35 Kota/Kabupaten MALUKU TENGAH Provinsi MALUKU,POINT(129.2333337744435 -3.149062147974372),Chris Nelson Jackson,6101015/2321011/232135,559008971106,prima-jaya-amanah-indah-farma-sejahtera,526
Sejahtera Badan Prima Surya Sejahtera Medika,Jl. Sirih Cerdas Blok 17 Kota/Kabupaten TANJUNG JABUNG TIMUR Provinsi JAMBI,POINT(103.60018597017071 -1.0247525542075628),Rachel Jones Robinson,106312/6121057/4310312,4041048350213,sejahtera-badan-prima-surya-sejahtera-medika,588
Jaya Sehat Murni Farmasi Sejahtera Bersama,Jl. Gunung Sejahtera Komplek 33 Kota/Kabupaten SIMEULUE Provinsi ACEH,POINT(96.04451250379957 2.680446188214736),Katie Williams Moore,327391/1028802/7210243,32210101008536,jaya-sehat-murni-farmasi-sejahtera-bersama,383
Surya Terang Murni Tenaga Bersama Pharm,Jl. Pisang Cerah Komplek 61 Kota/Kabupaten HALMAHERA TENGAH Provinsi MALUKU UTARA,POINT(128.2240314387319 0.4547517918649237),Chris Parker Martin,443916/344213/1036692,986855116090,surya-terang-murni-tenaga-bersama-pharm,259
Lestari Bintang Sejahtera Prima Medik Medika,Jl. Apel Pintar Daerah 29 Kota/Kabupaten MAPPI Provinsi PAPUA,POINT(139.29193164757058 -6.561706955898861),Emily Johnson Martinez,415470/222706/218533,10760889041001,lestari-bintang-sejahtera-prima-medik-medika,118
Apotik Jaya Bahagia Tenaga Medik Apotik,Jl. Gunung Jenius Cluster 91 Kota/Kabupaten BONDOWOSO Provinsi JAWA TIMUR,POINT(114.06851362007956 -7.902346664962085),Ashley Johnson Robinson,311010110/792628/3715103,1000003708819,apotik-jaya-bahagia-tenaga-medik-apotik,59
Badan Apotik Mutiara Berkah Bersama Pharma,Jl. Tembok Pendek Komplek 6 Kota/Kabupaten PADANG LAWAS UTARA Provinsi SUMATERA UTARA,POINT(99.614747887222 1.9901572365366016),Steve Jackson Martinez,484891/12810210/6331053,870348189426,badan-apotik-mutiara-berkah-bersama-pharma,191
Sehat Sentorsa Kimia Nusantara Medika Medik,Jl. Kuda Kecil Komplek 77 Kota/Kabupaten KAPUAS Provinsi KALIMANTAN TENGAH,POINT(114.37991822244732 -3.0279271786246778),Tom Brown Taylor,911278/186244/623836,258046899201,sehat-sentorsa-kimia-nusantara-medika-medik,817
Obat Lestari Murni Mawar Medik Apotik,Jl. Gajah Pendek Komplek 51 Kota/Kabupaten MOROWALI UTARA Provinsi SULAWESI TENGAH,POINT(121.50103485539056 -2.0731896059036288),Tom Brown Taylor,761707/212477/1037090,1013561078803,obat-lestari-murni-mawar-medik-apotik,663
Medical Jaya Indah Farmasi Jaya Pharma,Jl. Anjing Cepat Wilayah 17 Kota/Kabupaten KUTAI TIMUR Provinsi KALIMANTAN TIMUR,POINT(117.01035295573246 0.7150715930116434),Jessica Williams Jones,6766110/930923/232226,801853021122,medical-jaya-indah-farmasi-jaya-pharma,173
Sentorsa Obat Sejahtera Mawar Sejahtera Medik,Jl. Rambutan Sejahtera Blok 88 Kota/Kabupaten MALINAU Provinsi KALIMANTAN UTARA,POINT(115.62116313454617 3.188568071519544),Emily Jones Martin,547184/412097/944333,8731038152580,sentorsa-obat-sejahtera-mawar-sejahtera-medik,89
Makmur Prima Medical Lestari Farma Medik,Jl. Ikan Indah Blok 80 Kota/Kabupaten MALINAU Provinsi KALIMANTAN UTARA,POINT(116.283932442448 2.5986578718310387),Ashley Parker Martin,116740/4742102/1008338,208816041681,makmur-prima-medical-lestari-farma-medik,403
Badan Amanah Mutiara Kimia Farma Apotik,Jl. Gajah Indah Komplek 65 Kota/Kabupaten MAMUJU Provinsi SULAWESI BARAT,POINT(119.70001062546189 -2.5455657905015414),Steve Taylor Brown,376041/219320/3100614,81101037013876,badan-amanah-mutiara-kimia-farma-apotik,584
Murni Apotik Makmur Nusantara Pharm Farma,Jl. Sawah Cerdas Wilayah 32 Kota/Kabupaten GORONTALO Provinsi GORONTALO,POINT(122.61110713501012 0.7753413867630581),Chris Smith Robinson,816391/456542/1103439,101178613103,murni-apotik-makmur-nusantara-pharm-farma,777
Sentorsa Berkah Farmasi Sejahtera Medika Sejahtera,Jl. Kuda Cepat Wilayah 39 Kota/Kabupaten HULU SUNGAI TENGAH Provinsi KALIMANTAN SELATAN,POINT(115.3991842738428 -2.601534587688615),Katie Nelson Taylor,6195310/442504/350453,102489954059,sentorsa-berkah-farmasi-sejahtera-medika-sejahtera,174
Medic Prima Sejahtera Sehat Pharma Bersama,Jl. Sirih Jenius Blok 90 Kota/Kabupaten SERUYAN Provinsi KALIMANTAN TENGAH,POINT(112.13421533167848 -2.194883667913581),Chris Smith Martin,3101767/221040/9621003,107876397262,medic-prima-sejahtera-sehat-pharma-bersama,23
Indah Bahagia Surya Bakti Jaya Apotik,Jl. Gedung Kecil Blok 47 Kota/Kabupaten SIAK Provinsi RIAU,POINT(102.165398171574 0.9956095549826554),Matt Hill Smith,127740/20810610/732825,210810919408010,indah-bahagia-surya-bakti-jaya-apotik,458
Farmasi Cemerlang Toko Terang Sejahtera Jaya,Jl. Balai Pintar Daerah 89 Kota/Kabupaten PANIAI Provinsi PAPUA,POINT(136.29404699146298 -3.79372095724258),Emily Johnson Martinez,140141/3109262/331610,490048509561,farmasi-cemerlang-toko-terang-sejahtera-jaya,640
Surya Sehat Bakti Medic Sejahtera Medika,Jl. Gedung Jenius Komplek 53 Kota/Kabupaten MUSI BANYUASIN Provinsi SUMATERA SELATAN,POINT(103.68993945871804 -1.9980078595476252),Sarah Lewis Miller,3491107/347722/10391083,170686311079,surya-sehat-bakti-medic-sejahtera-medika,992
Prima Tenaga Cemerlang Amanah Apotik Pharm,Jl. Anjing Jenius Daerah 16 Kota/Kabupaten ROKAN HULU Provinsi RIAU,POINT(100.90408921511552 1.301282797874638),Matt Smith Robinson,181217/630672/388360,8014510714753,prima-tenaga-cemerlang-amanah-apotik-pharm,902
Apotik Tenaga Bintang Jaya Sejahtera Farma,Jl. Kebun Kecil Wilayah 78 Kota/Kabupaten SIAK Provinsi RIAU,POINT(101.75203820289543 1.0860882730645829),Michael Williams Johnson,118165/4291047/6103899,2188438510071,apotik-tenaga-bintang-jaya-sejahtera-farma,41
Farmasi Prima Sejahtera Obat Sejahtera Pharm,Jl. Duku Cermat Daerah 67 Kota/Kabupaten SIDENRENG RAPPANG Provinsi SULAWESI SELATAN,POINT(119.75904858287792 -3.995849396725541),Lauren Jackson White,815631/904172/324340,210058154810,farmasi-prima-sejahtera-obat-sejahtera-pharm,54
Surya Lestari Medical Bintang Pharm Sejahtera,Jl. Sirih Cepat Daerah 54 Kota/Kabupaten TULUNGAGUNG Provinsi JAWA TIMUR,POINT(111.91571812772926 -8.235765043933473),Brittany Hill Wilson,716708/9920104/796633,4162803324610,surya-lestari-medical-bintang-pharm-sejahtera,622
Farmasi Sentorsa Apotik Indah Sehat Sejahtera,Jl. Sirih Kecil Blok 51 Kota/Kabupaten KAPUAS Provinsi KALIMANTAN TENGAH,POINT(113.80792860234132 -0.6491677226770971),Jason Johnson Smith,844319/286028/2310481,422104091010108,farmasi-sentorsa-apotik-indah-sehat-sejahtera,269
Makmur Harmoni Prima Resep Apotik Apotek,Jl. Ikan Pendek Cluster 88 Kota/Kabupaten PANIAI Provinsi PAPUA,POINT(136.31208749338742 -3.520703874284038),Allison Harris Harris,512499/2051910/950038,718113983506,makmur-harmoni-prima-resep-apotik-apotek,702
Sehat Murni Harmoni Obat Pharma Pharm,Jl. Kucing Sari Wilayah 20 Kota/Kabupaten BERAU Provinsi KALIMANTAN TIMUR,POINT(117.42876943467552 2.2823148750362545),Tom Thomas Jones,1100432/23010109/9103410,89108102018034,sehat-murni-harmoni-obat-pharma-pharm,534
Bahagia Mutiara Medical Resep Bersama Pharma,Jl. Gunung Sejahtera Daerah 5 Kota/Kabupaten WAROPEN Provinsi PAPUA,POINT(136.90300629928845 -2.441732604076101),Mark Harris Johnson,1121073/264167/627934,30101714510086,bahagia-mutiara-medical-resep-bersama-pharma,261
Bakti Sentorsa Apotik Harmoni Bersama Apotik,Jl. Anjing Cepat Blok 56 Kota/Kabupaten SUMBA TENGAH Provinsi NUSA TENGGARA TIMUR,POINT(119.49093367027524 -9.527693470653386),Katie Jackson Thompson,2199107/231842/370459,1093180876109,bakti-sentorsa-apotik-harmoni-bersama-apotik,539
Apotik Sejahtera Prima Jaya Sejahtera Apotek,Jl. Sawah Tinggi Blok 27 Kota/Kabupaten BULUKUMBA Provinsi SULAWESI SELATAN,POINT(120.29018326479104 -5.512694182941022),Alex Jones Miller,871612/482605/367306,615516861400,apotik-sejahtera-prima-jaya-sejahtera-apotek,959
Sentorsa Sejahtera Medical Resep Medik Apotek,Jl. Sirih Cerdas Daerah 55 Kota/Kabupaten BANGGAI Provinsi SULAWESI TENGAH,POINT(122.17277975292546 -1.1139016116002889),Ashley Hill Jackson,6901001/252753/437685,160893826021,sentorsa-sejahtera-medical-resep-medik-apotek,55
Murni Jaya Kimia Indah Jaya Sejahtera,Jl. Kebun Sari Cluster 25 Kota/Kabupaten MALUKU BARAT DAYA Provinsi MALUKU,POINT(126.12093267759708 -7.821149150257156),John Clark Williams,760510/631920/1004123,1010011208108,murni-jaya-kimia-indah-jaya-sejahtera,62
Lestari Medical Prima Tubuh Jaya Apotik,Jl. Ikan Sejahtera Komplek 53 Kota/Kabupaten MUARA ENIM Provinsi SUMATERA SELATAN,POINT(103.94125820976508 -3.768189784358401),Michael Parker Jackson,351719/9210920/831794,938836018416,lestari-medical-prima-tubuh-jaya-apotik,325
Bakti Resep Obat Farmasi Jaya Apotek,Jl. Balai Tinggi Cluster 77 Kota/Kabupaten BULUNGAN Provinsi KALIMANTAN UTARA,POINT(116.19652082613705 2.195740183738282),Emily Hill Wilson,4181017/943205/733440,118020870534,bakti-resep-obat-farmasi-jaya-apotek,229
Kimia Murni Lestari Amanah Medik Sejahtera,Jl. Gunung Jenius Wilayah 52 Kota/Kabupaten PASER Provinsi KALIMANTAN TIMUR,POINT(116.2703307929187 -1.610705573706884),Rachel Lewis Taylor,398190/411721/174113,1708483410791,kimia-murni-lestari-amanah-medik-sejahtera,812
Jaya Lestari Bumi Indah Pharma Sehat,Jl. Sawah Jenius Komplek 48 Kota/Kabupaten MAMBERAMO RAYA Provinsi PAPUA,POINT(138.1791314568167 -2.7492822592458754),John Parker Martin,191054/5210636/3577510,9032810105184,jaya-lestari-bumi-indah-pharma-sehat,86
Badan Surya Prima Amanah Farma Apotik,Jl. Pisang Sejahtera Blok 57 Kota/Kabupaten PESISIR BARAT Provinsi LAMPUNG,POINT(104.38525446178608 -5.5753164775902),Sarah Harris Thomas,76101110/2100114/378000,81080916010600,badan-surya-prima-amanah-farma-apotik,935
Prima Sentorsa Medic Toko Medika Jaya,Jl. Balai Cerah Daerah 60 Kota/Kabupaten BANGGAI Provinsi SULAWESI TENGAH,POINT(122.56976429361764 -0.8432539806998918),Jason Lewis Williams,531119/2023105/5316710,3064128501001,prima-sentorsa-medic-toko-medika-jaya,81
Bumi Kimia Resep Obat Pharma Medik,Jl. Sawah Cerdas Daerah 21 Kota/Kabupaten MAMBERAMO RAYA Provinsi PAPUA,POINT(137.5345109514461 -1.5897896991976062),Lauren Roberts Taylor,6310821/520324/3841032,2850310226105,bumi-kimia-resep-obat-pharma-medik,174
Medical Bakti Tubuh Farmasi Apotik Pharma,Jl. Sirih Cerah Cluster 23 Kota/Kabupaten LANGKAT Provinsi SUMATERA UTARA,POINT(97.92486696877958 3.8376384093758986),Megan Martinez Miller,816592/599392/676317,660601686518,medical-bakti-tubuh-farmasi-apotik-pharma,750
Indah Apotik Prima Sentorsa Sejahtera Pharma,Jl. Sirih Cerdas Komplek 51 Kota/Kabupaten MIMIKA Provinsi PAPUA,POINT(136.50960970185335 -4.483141174866839),Jason Nelson Garcia,819365/932642/5831018,202011109186,indah-apotik-prima-sentorsa-sejahtera-pharma,42
Surya Murni Bahagia Amanah Farma Medika,Jl. Kebun Jenius Cluster 69 Kota/Kabupaten CILACAP Provinsi JAWA TENGAH,POINT(108.90810281607531 -7.420246728688594),Jason Johnson Williams,190371/886632/613761,41058737010211,surya-murni-bahagia-amanah-farma-medika,387
Indah Bahagia Bakti Obat Pharma Farma,Jl. Kebun Sejahtera Daerah 40 Kota/Kabupaten ASMAT Provinsi PAPUA,POINT(138.5406481912409 -5.840166546319048),Brittany Thomas Robinson,3106185/687262/5431049,4601103348115,indah-bahagia-bakti-obat-pharma-farma,403
Mutiara Sejahtera Sehat Bakti Jaya Bersama,Jl. Pisang Cepat Komplek 89 Kota/Kabupaten MAMBERAMO RAYA Provinsi PAPUA,POINT(138.0641898103087 -2.6990087006186965),Michael Martinez Davis,1019399/2310559/384038,261382810841,mutiara-sejahtera-sehat-bakti-jaya-bersama,227
Sehat Surya Cemerlang Indah Pharma Apotik,Jl. Sawah Cerah Daerah 67 Kota/Kabupaten ASMAT Provinsi PAPUA,POINT(139.0153060120112 -5.487451740567412),Ashley Harris Martinez,142884/254002/504137,8406732041016,sehat-surya-cemerlang-indah-pharma-apotik,79
Mawar Prima Mutiara Bakti Sejahtera Farma,Jl. Kucing Cepat Daerah 74 Kota/Kabupaten LABUHANBATU UTARA Provinsi SUMATERA UTARA,POINT(99.56190667956606 2.16307485654424),Steve Adams Thomas,913440/238751/683743,831014880828,mawar-prima-mutiara-bakti-sejahtera-farma,28
Terang Amanah Berkah Mawar Medika Sejahtera,Jl. Ikan Kecil Daerah 77 Kota/Kabupaten MOROWALI Provinsi SULAWESI TENGAH,POINT(122.24721188540762 -2.970299029997208),Katie Hill Martin,202041/447282/51103108,4185401023044,terang-amanah-berkah-mawar-medika-sejahtera,748
Harmoni Medical Medic Bakti Jaya Bersama,Jl. Gunung Cermat Blok 82 Kota/Kabupaten POSO Provinsi SULAWESI TENGAH,POINT(120.31469727162128 -1.3154894000105235),Michael Taylor Smith,701331/540012/8833108,738510102815,harmoni-medical-medic-bakti-jaya-bersama,148
Jaya Makmur Resep Surya Bersama Jaya,Jl. Ikan Besar Blok 48 Kota/Kabupaten OGAN KOMERING ILIR Provinsi SUMATERA SELATAN,POINT(104.95103887860694 -3.862042218507545),Michael Smith Brown,177832/708782/613453,10310891610917,jaya-makmur-resep-surya-bersama-jaya,11
Tenaga Jaya Jaya Lestari Medika Sejahtera,Jl. Kota Jenius Daerah 22 Kota/Kabupaten PURWOREJO Provinsi JAWA TENGAH,POINT(109.88081119164544 -7.590176129148873),Jessica White White,395321/1231031/914383,6781006131033,tenaga-jaya-jaya-lestari-medika-sejahtera,233
Surya Apotik Harmoni Bakti Bersama Apotik,Jl. Duku Cerdas Wilayah 36 Kota/Kabupaten BOLAANG MONGONDOW Provinsi SULAWESI UTARA,POINT(123.805190481534 0.4892203203985694),Mark Nelson Thompson,214059/927259/846638,344280471905,surya-apotik-harmoni-bakti-bersama-apotik,4
Cemerlang Toko Medical Jaya Sehat Bersama,Jl. Duku Cermat Komplek 77 Kota/Kabupaten KOLAKA UTARA Provinsi SULAWESI TENGGARA,POINT(121.31239955405044 -2.9925085929685427),Sarah Harris Jones,1991021/3291099/431793,311982400148,cemerlang-toko-medical-jaya-sehat-bersama,364
Farmasi Bumi Apotik Surya Sejahtera Medika,Jl. Apel Besar Blok 97 Kota/Kabupaten BARITO SELATAN Provinsi KALIMANTAN TENGAH,POINT(114.7357749075087 -1.4466399806553074),Megan Brown Taylor,3510212/1046251/95710310,1390008010824,farmasi-bumi-apotik-surya-sejahtera-medika,729
Mawar Apotik Badan Tubuh Jaya Medika,Jl. Kuda Cepat Blok 27 Kota/Kabupaten KONAWE UTARA Provinsi SULAWESI TENGGARA,POINT(122.19996881193876 -3.669911936884708),Michael Anderson Williams,1052451/6810312/613538,217268605608,mawar-apotik-badan-tubuh-jaya-medika,968
Cemerlang Sehat Jaya Harmoni Jaya Sejahtera,Jl. Anjing Indah Komplek 11 Kota/Kabupaten BERAU Provinsi KALIMANTAN TIMUR,POINT(116.65212426244928 1.7355117400307891),Megan Parker White,8146510/294336/238903,91342610381010,cemerlang-sehat-jaya-harmoni-jaya-sejahtera,458
Mutiara Obat Bintang Nusantara Medika Pharm,Jl. Kota Besar Wilayah 61 Kota/Kabupaten TELUK BINTUNI Provinsi PAPUA BARAT,POINT(132.56696535699948 -1.8928529449913896),Rachel Martinez Moore,433180/2803310/900503,2213054881099,mutiara-obat-bintang-nusantara-medika-pharm,277
Bintang Prima Amanah Bakti Pharm Sejahtera,Jl. Apel Kecil Blok 57 Kota/Kabupaten NABIRE Provinsi PAPUA,POINT(135.78466997336756 -3.7111149503054746),Michael Williams Davis,5210471/6102295/339454,2310217018368,bintang-prima-amanah-bakti-pharm-sejahtera,642
Terang Resep Sejahtera Kimia Jaya Sejahtera,Jl. Durian Besar Wilayah 6 Kota/Kabupaten TELUK BINTUNI Provinsi PAPUA BARAT,POINT(132.86772340532397 -2.1474272819948954),David White Smith,580315/8121010/4010533,7601840510044,terang-resep-sejahtera-kimia-jaya-sejahtera,7
Mawar Bumi Tenaga Sejahtera Jaya Bersama,Jl. Ikan Cermat Komplek 97 Kota/Kabupaten ENDE Provinsi NUSA TENGGARA TIMUR,POINT(121.72440209354788 -8.82154023568111),John Hill Moore,170583/6682610/30109109,3861309810216,mawar-bumi-tenaga-sejahtera-jaya-bersama,527
Lestari Medical Nusantara Medic Pharm Sejahtera,Jl. Ikan Kecil Wilayah 92 Kota/Kabupaten DOGIYAI Provinsi PAPUA,POINT(135.14105183152824 -4.127963414581746),John Taylor Martin,534621/442234/10735310,804067017805,lestari-medical-nusantara-medic-pharm-sejahtera,817
Sentorsa Terang Resep Bumi Pharm Sejahtera,Jl. Kota Tinggi Blok 59 Kota/Kabupaten SOLOK SELATAN Provinsi SUMATERA BARAT,POINT(101.30316931425986 -1.3459600157609604),Megan Hill Garcia,4272110/1082299/390602,62438101028010,sentorsa-terang-resep-bumi-pharm-sejahtera,214
Berkah Bakti Jaya Indah Farma Sejahtera,Jl. Gunung Cerah Blok 97 Kota/Kabupaten BENGKALIS Provinsi RIAU,POINT(101.96766353635218 1.4035335643247642),Rachel Jones Jackson,218541/127869/489630,81068120261059,berkah-bakti-jaya-indah-farma-sejahtera,131
Amanah Tenaga Cemerlang Bakti Bersama Jaya,Jl. Gunung Cerah Blok 94 Kota/Kabupaten SINTANG Provinsi KALIMANTAN BARAT,POINT(112.70255455439636 -0.5471363034786432),Lauren Roberts Anderson,661845/303092/530290,7176588006110,amanah-tenaga-cemerlang-bakti-bersama-jaya,124
Sehat Sentorsa Bakti Obat Sejahtera Pharm,Jl. Mangga Tinggi Komplek 32 Kota/Kabupaten JEPARA Provinsi JAWA TENGAH,POINT(110.73934364094092 -6.574183799098052),Brittany Anderson Thompson,417315/272677/899368,7408183571101,sehat-sentorsa-bakti-obat-sejahtera-pharm,807
Makmur Toko Berkah Murni Apotek Pharma,Jl. Kucing Cerah Komplek 81 Kota/Kabupaten HALMAHERA TIMUR Provinsi MALUKU UTARA,POINT(128.2970016985562 1.395525005320506),Sarah Roberts Wilson,128700/229663/823850,8107710822110,makmur-toko-berkah-murni-apotek-pharma,81
Lestari Prima Amanah Jaya Bersama Sehat,Jl. Duku Cepat Cluster 74 Kota/Kabupaten KAPUAS Provinsi KALIMANTAN TENGAH,POINT(114.28613146540648 -2.2734047147515213),Steve Johnson Anderson,187136/512556/41032107,10103155508371,lestari-prima-amanah-jaya-bersama-sehat,324
Cemerlang Tenaga Badan Harmoni Pharma Medik,Jl. Rambutan Cerah Komplek 94 Kota/Kabupaten MALUKU TENGAH Provinsi MALUKU,POINT(129.47911014024731 -3.0105496256639013),Steve Nelson Jackson,1625100/784232/697432,300825242125,cemerlang-tenaga-badan-harmoni-pharma-medik,766
Medic Nusantara Jaya Makmur Farma Pharm,Jl. Gedung Indah Wilayah 46 Kota/Kabupaten MUKOMUKO Provinsi BENGKULU,POINT(101.63395755017577 -2.9230742641082283),Lauren Roberts Williams,1015510/5951052/583634,4710310187034,medic-nusantara-jaya-makmur-farma-pharm,960
Jaya Tubuh Prima Berkah Farma Pharma,Jl. Mangga Besar Daerah 95 Kota/Kabupaten JEMBER Provinsi JAWA TIMUR,POINT(113.78834041507103 -8.348298655084697),Matt Brown Wilson,145897/221385/474853,48109180191066,jaya-tubuh-prima-berkah-farma-pharma,207
Farmasi Tenaga Badan Prima Jaya Bersama,Jl. Gajah Jenius Blok 36 Kota/Kabupaten SIGI Provinsi SULAWESI TENGAH,POINT(119.91699999438733 -1.3480110829925973),Michael Adams Martin,3031001/1032143/97107310,268130124886,farmasi-tenaga-badan-prima-jaya-bersama,403
Jaya Farmasi Obat Bintang Apotek Medika,Jl. Mangga Jenius Cluster 9 Kota/Kabupaten MERAUKE Provinsi PAPUA,POINT(140.95380295373758 -8.195395384522154),Michael Martinez Thomas,252815/173201/325752,896511863101,jaya-farmasi-obat-bintang-apotek-medika,566
Indah Harmoni Bintang Medic Apotik Jaya,Jl. Kuda Besar Blok 76 Kota/Kabupaten SINTANG Provinsi KALIMANTAN BARAT,POINT(111.347724292387 -0.0517021259208618),Tom Smith Thompson,641935/792171/166310,790866052142,indah-harmoni-bintang-medic-apotik-jaya,38
Resep Nusantara Terang Sehat Sejahtera Pharm,Jl. Kuda Jenius Daerah 77 Kota/Kabupaten MALINAU Provinsi KALIMANTAN UTARA,POINT(115.0613136828468 1.8314377983800405),John Martinez Martinez,4410155/238948/1086673,4150108618849,resep-nusantara-terang-sehat-sejahtera-pharm,635
Sehat Medic Cemerlang Kimia Bersama Pharma,Jl. Gunung Indah Daerah 23 Kota/Kabupaten KUTAI TIMUR Provinsi KALIMANTAN TIMUR,POINT(116.67508255282324 0.4121086210042932),Steve White Jackson,626841/852799/3010607,787973121400,sehat-medic-cemerlang-kimia-bersama-pharma,726
Sejahtera Obat Nusantara Indah Apotik Sejahtera,Jl. Kota Besar Komplek 63 Kota/Kabupaten LOMBOK UTARA Provinsi NUSA TENGGARA BARAT,POINT(116.19510541923104 -8.390170816000166),Steve Jones Wilson,6101990/2904106/8093103,1187924100108,sejahtera-obat-nusantara-indah-apotik-sejahtera,357
Prima Sentorsa Tubuh Bumi Medika Bersama,Jl. Kuda Tinggi Komplek 76 Kota/Kabupaten KUTAI KARTANEGARA Provinsi KALIMANTAN TIMUR,POINT(117.16288269175436 -0.0645402935990873),Jessica Harris Robinson,7431110/7910328/133357,1920108093115,prima-sentorsa-tubuh-bumi-medika-bersama,660
Farmasi Bahagia Medic Sehat Pharm Apotek,Jl. Gedung Sejahtera Daerah 53 Kota/Kabupaten ASMAT Provinsi PAPUA,POINT(137.89484900098884 -4.765677299268796),Lauren Clark Davis,1000016/497231/913913,148625010283,farmasi-bahagia-medic-sehat-pharm-apotek,42
Medic Tubuh Lestari Terang Pharma Medika,Jl. Tembok Besar Cluster 6 Kota/Kabupaten MOJOKERTO Provinsi JAWA TIMUR,POINT(112.45350383972745 -7.517338092170988),Jason Thomas Brown,6211011/10361023/10010938,807418141485,medic-tubuh-lestari-terang-pharma-medika,430
Murni Surya Indah Mawar Jaya Medik,Jl. Gajah Indah Wilayah 86 Kota/Kabupaten MURUNG RAYA Provinsi KALIMANTAN TENGAH,POINT(114.02951552756788 0.5016185364729733),John Hill Martin,177644/666256/638560,840129006240,murni-surya-indah-mawar-jaya-medik,434
Resep Kimia Indah Apotik Sejahtera Pharma,Jl. Durian Tinggi Blok 2 Kota/Kabupaten KAIMANA Provinsi PAPUA BARAT,POINT(133.43143284521582 -3.605621978495216),Michael Nelson Thompson,8416310/426252/737377,2911852108100,resep-kimia-indah-apotik-sejahtera-pharma,70
Prima Sejahtera Tenaga Amanah Sejahtera Sejahtera,Jl. Sawah Indah Wilayah 97 Kota/Kabupaten SUKABUMI Provinsi JAWA BARAT,POINT(106.53845868921124 -7.395603437656669),Lauren Jackson Thomas,869814/584247/306955,102381901810105,prima-sejahtera-tenaga-amanah-sejahtera-sejahtera,39
Nusantara Bumi Harmoni Bahagia Jaya Pharm,Jl. Gunung Sejahtera Daerah 48 Kota/Kabupaten MUNA Provinsi SULAWESI TENGGARA,POINT(122.58171253253312 -5.078332040949908),Mark Clark Thompson,166919/7108423/6533102,113712872087,nusantara-bumi-harmoni-bahagia-jaya-pharm,150
Mawar Apotik Prima Bintang Sejahtera Apotik,Jl. Kucing Sari Wilayah 86 Kota/Kabupaten SIDENRENG RAPPANG Provinsi SULAWESI SELATAN,POINT(120.07721817571336 -3.8437994343705935),David Hill Martin,2715910/9231102/10103073,10800880651010,mawar-apotik-prima-bintang-sejahtera-apotik,25
Obat Terang Surya Mawar Medik Jaya,Jl. Ikan Cerdas Blok 11 Kota/Kabupaten SINTANG Provinsi KALIMANTAN BARAT,POINT(111.3738946995356 0.1702684195705792),Megan Carter Moore,8100110/299456/1068230,904460750182,obat-terang-surya-mawar-medik-jaya,78
Medical Tenaga Mutiara Sentorsa Sejahtera Medika,Jl. Rambutan Cermat Wilayah 80 Kota/Kabupaten KAPUAS HULU Provinsi KALIMANTAN BARAT,POINT(113.59941103471324 0.6954267307079807),Katie Parker Thompson,146500/515102/283056,1830104471002,medical-tenaga-mutiara-sentorsa-sejahtera-medika,128
Sentorsa Resep Bakti Surya Medik Sejahtera,Jl. Balai Indah Komplek 54 Kota/Kabupaten KUTAI TIMUR Provinsi KALIMANTAN TIMUR,POINT(116.2447821650494 1.733683837630208),Alex Roberts Martinez,458571/120678/320614,181950768874,sentorsa-resep-bakti-surya-medik-sejahtera,253
Makmur Jaya Surya Jaya Jaya Apotek,Jl. Kebun Cerdas Cluster 29 Kota/Kabupaten TANJUNG JABUNG BARAT Provinsi JAMBI,POINT(102.83773887829072 -1.0081816945717126),Chris Jones Thompson,91001014/342634/360341,407155280804,makmur-jaya-surya-jaya-jaya-apotek,60
Terang Badan Prima Surya Farma Jaya,Jl. Gedung Jenius Blok 86 Kota/Kabupaten MERAUKE Provinsi PAPUA,POINT(139.13775804408192 -8.058901659893893),Tom Taylor Anderson,238101/725894/7610935,618089925484,terang-badan-prima-surya-farma-jaya,912
Tenaga Murni Sehat Prima Farma Sejahtera,Jl. Mangga Pendek Daerah 20 Kota/Kabupaten MANGGARAI TIMUR Provinsi NUSA TENGGARA TIMUR,POINT(120.69983890022078 -8.677121818628981),Allison Smith Jackson,4102119/223381/321344,870620076101,tenaga-murni-sehat-prima-farma-sejahtera,361
Harmoni Lestari Berkah Sentorsa Apotek Pharma,Jl. Sirih Kecil Komplek 51 Kota/Kabupaten BOVEN DIGOEL Provinsi PAPUA,POINT(140.43126453894686 -6.895921241447764),Jessica Lewis Jones,136910/1095121/31085710,1002840921881,harmoni-lestari-berkah-sentorsa-apotek-pharma,902
Harmoni Tubuh Sentorsa Toko Sejahtera Sejahtera,Jl. Tembok Tinggi Cluster 57 Kota/Kabupaten KETAPANG Provinsi KALIMANTAN BARAT,POINT(110.44616938633712 -0.7751173595400722),Lauren Brown Williams,260811/221856/240387,876492001173,harmoni-tubuh-sentorsa-toko-sejahtera-sejahtera,906
Jaya Berkah Makmur Indah Jaya Apotik,Jl. Kucing Sejahtera Komplek 16 Kota/Kabupaten DEIYAI Provinsi PAPUA,POINT(136.39460285805956 -4.134635916640899),Katie Clark Martin,1011041/91010323/1310152,21301080881016,jaya-berkah-makmur-indah-jaya-apotik,937
Mawar Medical Sehat Prima Jaya Sejahtera,Jl. Gedung Pendek Cluster 50 Kota/Kabupaten BATANGHARI Provinsi JAMBI,POINT(102.92754678030803 -1.699812801268834),Rachel Nelson Jackson,591666/199022/575438,901153240816,mawar-medical-sehat-prima-jaya-sejahtera,604
Medical Kimia Bahagia Surya Medik Pharm,Jl. Duku Cerah Wilayah 58 Kota/Kabupaten MANDAILING NATAL Provinsi SUMATERA UTARA,POINT(99.23573989093896 0.4584929730944296),Steve Jones Johnson,1111041/259695/101083610,553303902814,medical-kimia-bahagia-surya-medik-pharm,19
Murni Harmoni Prima Sehat Sehat Pharma,Jl. Ikan Tinggi Wilayah 3 Kota/Kabupaten KOTA PADANG Provinsi SUMATERA BARAT,POINT(100.39371696764312 -1.0033596056070309),Allison Carter Moore,510531/632649/1053746,362853201105,murni-harmoni-prima-sehat-sehat-pharma,741
Bumi Mawar Indah Harmoni Pharm Bersama,Jl. Durian Besar Wilayah 2 Kota/Kabupaten MOROWALI Provinsi SULAWESI TENGAH,POINT(122.25713973662305 -2.972363904712541),Alex Harris Johnson,8107104/712224/726738,82310428110048,bumi-mawar-indah-harmoni-pharm-bersama,291
Jaya Cemerlang Amanah Harmoni Jaya Medika,Jl. Gedung Tinggi Daerah 91 Kota/Kabupaten GARUT Provinsi JAWA BARAT,POINT(107.48400830365168 -7.42201124269247),Chris Lewis Harris,526160/505528/176336,837438061050,jaya-cemerlang-amanah-harmoni-jaya-medika,38
Harmoni Nusantara Obat Kimia Apotik Bersama,Jl. Gunung Cepat Wilayah 44 Kota/Kabupaten WAY KANAN Provinsi LAMPUNG,POINT(104.59193492273428 -4.612113822391202),Tom Anderson Taylor,417882/238567/893812,789253187090,harmoni-nusantara-obat-kimia-apotik-bersama,58
Amanah Kimia Surya Badan Apotik Farma,Jl. Tembok Pendek Cluster 96 Kota/Kabupaten MALINAU Provinsi KALIMANTAN UTARA,POINT(115.43705998648984 2.78182515600559),Alex Clark Taylor,4131086/844872/507953,6101534060875,amanah-kimia-surya-badan-apotik-farma,159
Obat Sejahtera Jaya Badan Apotik Sejahtera,Jl. Anjing Sejahtera Daerah 37 Kota/Kabupaten BERAU Provinsi KALIMANTAN TIMUR,POINT(116.99396393713197 2.2590540809655053),Katie Thomas Miller,185186/6102962/3761038,3262680341041,obat-sejahtera-jaya-badan-apotik-sejahtera,81
Farmasi Surya Toko Cemerlang Sejahtera Sejahtera,Jl. Anjing Cerdas Daerah 74 Kota/Kabupaten PASAMAN BARAT Provinsi SUMATERA BARAT,POINT(99.6020281671324 0.4152276807085471),Mark Roberts Thomas,1086137/182027/226301,581104453860,farmasi-surya-toko-cemerlang-sejahtera-sejahtera,122
Bumi Cemerlang Amanah Nusantara Sehat Apotek,Jl. Kuda Cerdas Blok 29 Kota/Kabupaten INDRAMAYU Provinsi JAWA BARAT,POINT(108.03903780268683 -6.381119548511322),Jessica Jones Jackson,179634/107522/397600,739801924299,bumi-cemerlang-amanah-nusantara-sehat-apotek,964
Indah Surya Bintang Harmoni Medika Farma,Jl. Kuda Cerdas Cluster 91 Kota/Kabupaten SARMI Provinsi PAPUA,POINT(139.47343421237585 -2.361613656742902),Mark Williams Taylor,1024391/9501024/875347,4090181078534,indah-surya-bintang-harmoni-medika-farma,54
Sentorsa Nusantara Terang Murni Apotik Bersama,Jl. Tembok Besar Wilayah 95 Kota/Kabupaten KUTAI KARTANEGARA Provinsi KALIMANTAN TIMUR,POINT(116.69735705135584 -0.5266985398588719),Katie Anderson Robinson,189048/2416410/913920,14510530110108,sentorsa-nusantara-terang-murni-apotik-bersama,515
Lestari Jaya Mutiara Indah Jaya Apotik,Jl. Gajah Pendek Daerah 85 Kota/Kabupaten TOJO UNA-UNA Provinsi SULAWESI TENGAH,POINT(121.40252814313418 -1.0360163311023118),Jessica Jones Jones,9341061/1025420/13210108,4876941018034,lestari-jaya-mutiara-indah-jaya-apotik,111
Apotik Jaya Resep Medic Medika Farma,Jl. Gedung Pintar Wilayah 60 Kota/Kabupaten KAPUAS HULU Provinsi KALIMANTAN BARAT,POINT(113.77168908599462 1.048590371320266),Brittany Martinez Martinez,9601017/126897/229357,1105842976506,apotik-jaya-resep-medic-medika-farma,223
Tubuh Resep Cemerlang Badan Pharma Sehat,Jl. Tembok Cerah Wilayah 18 Kota/Kabupaten MUARO JAMBI Provinsi JAMBI,POINT(103.4883031695183 -1.996581779962236),John Nelson Davis,641473/602132/12103310,4834010211138,tubuh-resep-cemerlang-badan-pharma-sehat,630
Lestari Medical Berkah Badan Farma Sejahtera,Jl. Gajah Indah Blok 60 Kota/Kabupaten PANIAI Provinsi PAPUA,POINT(136.11580414033023 -3.619920243205317),Megan Thomas Jones,137797/693206/571376,10563841108890,lestari-medical-berkah-badan-farma-sejahtera,968
Bahagia Mawar Indah Tenaga Pharm Pharma,Jl. Kota Pintar Blok 29 Kota/Kabupaten OGAN KOMERING ULU SELATAN Provinsi SUMATERA SELATAN,POINT(103.70555895970566 -4.610800709180106),Lauren Williams Anderson,7111510/721963/21010359,191530840706,bahagia-mawar-indah-tenaga-pharm-pharma,4
Farmasi Mawar Mutiara Berkah Jaya Medika,Jl. Kuda Besar Wilayah 51 Kota/Kabupaten KUANTAN SINGINGI Provinsi RIAU,POINT(101.64984805241248 -0.7583363366106983),Katie Nelson Williams,398714/282302/332955,854270061351,farmasi-mawar-mutiara-berkah-jaya-medika,312
Farmasi Jaya Harmoni Surya Farma Bersama,Jl. Pisang Sejahtera Wilayah 81 Kota/Kabupaten CIAMIS Provinsi JAWA BARAT,POINT(108.49189301633535 -7.333533531985101),Ashley Clark Garcia,3141710/842250/144863,411063851052010,farmasi-jaya-harmoni-surya-farma-bersama,957
Lestari Bahagia Apotik Amanah Medik Farma,Jl. Kucing Jenius Komplek 39 Kota/Kabupaten KUBU RAYA Provinsi KALIMANTAN BARAT,POINT(109.57530448103653 -0.5688747289986988),Ashley Brown Davis,215196/7102491/1018937,501220381687,lestari-bahagia-apotik-amanah-medik-farma,168
Mawar Jaya Berkah Amanah Apotik Bersama,Jl. Jeruk Kecil Komplek 57 Kota/Kabupaten INTAN JAYA Provinsi PAPUA,POINT(136.6165589943385 -3.344794345432973),Mark Hill Miller,687184/692347/504693,197564343880,mawar-jaya-berkah-amanah-apotik-bersama,435
Cemerlang Medic Terang Bintang Sejahtera Jaya,Jl. Mangga Indah Cluster 56 Kota/Kabupaten PULANG PISAU Provinsi KALIMANTAN TENGAH,POINT(113.797552760617 -2.4284977215232466),David Brown Martinez,1716101/2102805/3851086,588861381180,cemerlang-medic-terang-bintang-sejahtera-jaya,549
Terang Bumi Medical Kimia Sehat Bersama,Jl. Jeruk Cermat Wilayah 11 Kota/Kabupaten SORONG Provinsi PAPUA BARAT,POINT(131.2140844022287 -1.4557197659299437),Steve Johnson Smith,1771014/469028/6276310,1105648028512,terang-bumi-medical-kimia-sehat-bersama,241
Murni Farmasi Sejahtera Kimia Sehat Farma,Jl. Balai Kecil Wilayah 96 Kota/Kabupaten MAMUJU Provinsi SULAWESI BARAT,POINT(119.035965961609 -2.56702470047944),John Thomas Jackson,6801109/229890/3811098,4343471010848,murni-farmasi-sejahtera-kimia-sehat-farma,559
Bahagia Prima Amanah Sejahtera Apotek Pharma,Jl. Durian Pintar Komplek 56 Kota/Kabupaten MAPPI Provinsi PAPUA,POINT(138.94600118682797 -5.850562717023046),Lauren Anderson Moore,413062/235072/338913,325057851186,bahagia-prima-amanah-sejahtera-apotek-pharma,553
Badan Harmoni Tenaga Lestari Pharma Sejahtera,Jl. Gunung Pendek Komplek 98 Kota/Kabupaten DAIRI Provinsi SUMATERA UTARA,POINT(98.50692849486374 2.648355440363238),Brittany Taylor Jones,869641/258868/234161,8108662516082,badan-harmoni-tenaga-lestari-pharma-sejahtera,127
Badan Toko Cemerlang Indah Bersama Pharma,Jl. Pisang Kecil Cluster 10 Kota/Kabupaten MALAKA Provinsi NUSA TENGGARA TIMUR,POINT(125.06558786428695 -9.45645604279907),David Nelson Thompson,292171/242079/496339,8711110399806,badan-toko-cemerlang-indah-bersama-pharma,966
Murni Cemerlang Obat Apotik Jaya Apotik,Jl. Apel Cepat Cluster 19 Kota/Kabupaten KOLAKA Provinsi SULAWESI TENGGARA,POINT(121.567555381123 -4.516210436345198),Steve White Wilson,377115/470527/438226,10021031118024,murni-cemerlang-obat-apotik-jaya-apotik,394
Bintang Apotik Cemerlang Farmasi Pharma Jaya,Jl. Sawah Sejahtera Daerah 73 Kota/Kabupaten PAHUWATO Provinsi GORONTALO,POINT(122.06981773701044 0.6737668574477027),John White Moore,5461101/6991042/331152,801717415901,bintang-apotik-cemerlang-farmasi-pharma-jaya,439
Medical Apotik Bahagia Amanah Sejahtera Farma,Jl. Balai Jenius Komplek 66 Kota/Kabupaten PULAU MOROTAI Provinsi MALUKU UTARA,POINT(128.32484162396548 2.114372573017965),John Carter Harris,116861/682719/4810632,7746211910380,medical-apotik-bahagia-amanah-sejahtera-farma,76
Farmasi Sejahtera Harmoni Cemerlang Bersama Sehat,Jl. Kuda Sari Wilayah 90 Kota/Kabupaten ASAHAN Provinsi SUMATERA UTARA,POINT(99.42155887197072 2.7573218009591844),Megan Nelson Brown,1984110/3810260/895735,8638901929101,farmasi-sejahtera-harmoni-cemerlang-bersama-sehat,98
Bintang Surya Kimia Indah Apotek Bersama,Jl. Apel Pendek Komplek 25 Kota/Kabupaten LAMPUNG BARAT Provinsi LAMPUNG,POINT(104.33110718611442 -4.932423701930061),Lauren Smith Williams,9141101/579248/666031,1000163481284,bintang-surya-kimia-indah-apotek-bersama,335
Terang Surya Bintang Nusantara Bersama Jaya,Jl. Kebun Cepat Blok 5 Kota/Kabupaten KUPANG Provinsi NUSA TENGGARA TIMUR,POINT(124.17765865919156 -10.140644948909936),Emily Johnson Jackson,126538/9421059/8310439,868802891416,terang-surya-bintang-nusantara-bersama-jaya,312
Surya Bumi Nusantara Bakti Jaya Pharm,Jl. Kebun Sejahtera Cluster 28 Kota/Kabupaten JEPARA Provinsi JAWA TENGAH,POINT(110.81996213836273 -6.52089973696596),Michael Clark Wilson,317916/362624/1057293,681027860120,surya-bumi-nusantara-bakti-jaya-pharm,236
Amanah Mutiara Badan Medic Bersama Jaya,Jl. Kebun Indah Cluster 84 Kota/Kabupaten PANDEGLANG Provinsi BANTEN,POINT(105.90074148602083 -6.497524878531957),Emily White Martinez,10710311/5990102/337650,1740981061030,amanah-mutiara-badan-medic-bersama-jaya,461
Prima Surya Mutiara Cemerlang Apotik Apotek,Jl. Kebun Cerdas Wilayah 7 Kota/Kabupaten KOTA TARAKAN Provinsi KALIMANTAN UTARA,POINT(117.61560335739796 3.4326759425054),Allison White Wilson,1041712/10209107/379530,41010061857880,prima-surya-mutiara-cemerlang-apotik-apotek,527
Bumi Farmasi Indah Obat Farma Medik,Jl. Duku Kecil Wilayah 29 Kota/Kabupaten KOTA DUMAI Provinsi RIAU,POINT(101.575127144481 1.5914916816896554),Emily White Taylor,5610615/790210/934215,4271054062181,bumi-farmasi-indah-obat-farma-medik,473
Mawar Medic Lestari Indah Medika Apotek,Jl. Kuda Kecil Komplek 82 Kota/Kabupaten KEPAHIANG Provinsi BENGKULU,POINT(102.7846328921527 -3.5897552385717297),John Hill Miller,9610177/2610050/793843,896818949103,mawar-medic-lestari-indah-medika-apotek,469
Prima Kimia Terang Sehat Bersama Farma,Jl. Kucing Pintar Komplek 8 Kota/Kabupaten BARITO SELATAN Provinsi KALIMANTAN TENGAH,POINT(114.88135620790544 -2.163071324043008),Sarah Jackson Williams,9164106/8510412/7434210,8025641010339,prima-kimia-terang-sehat-bersama-farma,999
Murni Badan Jaya Medic Sehat Apotik,Jl. Kuda Jenius Wilayah 96 Kota/Kabupaten DONGGALA Provinsi SULAWESI TENGAH,POINT(120.06085735410848 0.3854068226586911),Michael Jones Martinez,774715/993226/1080639,31105080510076,murni-badan-jaya-medic-sehat-apotik,542
Medic Murni Mutiara Berkah Jaya Apotik,Jl. Sawah Pendek Daerah 26 Kota/Kabupaten HULU SUNGAI TENGAH Provinsi KALIMANTAN SELATAN,POINT(115.39786890294904 -2.616589776340108),Allison Roberts Smith,1051741/584012/737543,825194396010,medic-murni-mutiara-berkah-jaya-apotik,202
Jaya Mawar Kimia Berkah Pharma Pharm,Jl. Apel Pendek Cluster 55 Kota/Kabupaten MUSI BANYUASIN Provinsi SUMATERA SELATAN,POINT(103.6453101043837 -1.893422307210601),Ashley Roberts Thomas,1068173/894260/3341005,7411033008190,jaya-mawar-kimia-berkah-pharma-pharm,526
Resep Sehat Surya Makmur Medik Medika,Jl. Gajah Besar Daerah 75 Kota/Kabupaten BANDUNG Provinsi JAWA BARAT,POINT(107.76996980551785 -7.06329633194488),Michael Roberts Thompson,781990/203043/787350,511645833202,resep-sehat-surya-makmur-medik-medika,180
Badan Lestari Berkah Sentorsa Pharm Jaya,Jl. Gajah Indah Daerah 75 Kota/Kabupaten NAGAN RAYA Provinsi ACEH,POINT(96.32153178409988 4.314445804711649),Jason Lewis Smith,61010152/8510512/719369,8830498180105,badan-lestari-berkah-sentorsa-pharm-jaya,573
Resep Mutiara Jaya Berkah Jaya Farma,Jl. Pisang Cepat Daerah 41 Kota/Kabupaten MANDAILING NATAL Provinsi SUMATERA UTARA,POINT(99.30361490543022 0.9233296833267168),Jessica Harris Moore,3103071/813214/212333,8548501610695,resep-mutiara-jaya-berkah-jaya-farma,56
Bintang Cemerlang Medical Resep Jaya Bersama,Jl. Sawah Cerah Cluster 91 Kota/Kabupaten KATINGAN Provinsi KALIMANTAN TENGAH,POINT(112.31929568508744 -1.087346081011196),Matt Smith Johnson,3016101/244275/1040731,485088689301,bintang-cemerlang-medical-resep-jaya-bersama,41
Mutiara Sejahtera Mawar Badan Sehat Medika,Jl. Kuda Besar Cluster 13 Kota/Kabupaten KEPULAUAN MERANTI Provinsi RIAU,POINT(102.75921725678768 0.9014237165284538),Katie Hill Thomas,103676/927142/112532,3101698510140,mutiara-sejahtera-mawar-badan-sehat-medika,198
Surya Indah Farmasi Bahagia Bersama Apotek,Jl. Pisang Cepat Cluster 94 Kota/Kabupaten HALMAHERA TENGAH Provinsi MALUKU UTARA,POINT(127.89957739098192 0.4089234783705304),Steve Jackson Miller,651759/7229310/574973,5784512880110,surya-indah-farmasi-bahagia-bersama-apotek,176
Berkah Cemerlang Kimia Surya Pharma Sejahtera,Jl. Anjing Kecil Daerah 93 Kota/Kabupaten KOTAWARINGIN TIMUR Provinsi KALIMANTAN TENGAH,POINT(112.78471009311004 -1.3778323245906758),Chris Adams Thomas,10861081/828816/953157,96761040586110,berkah-cemerlang-kimia-surya-pharma-sejahtera,41
Indah Badan Nusantara Tenaga Bersama Medika,Jl. Duku Tinggi Blok 96 Kota/Kabupaten SARMI Provinsi PAPUA,POINT(139.42100020799012 -3.2876280280789736),Brittany Anderson Garcia,507819/410652/232414,584904497105,indah-badan-nusantara-tenaga-bersama-medika,117
Kimia Amanah Sentorsa Nusantara Sejahtera Pharma,Jl. Apel Sejahtera Cluster 96 Kota/Kabupaten ASAHAN Provinsi SUMATERA UTARA,POINT(99.60874873838308 2.589854571025752),Megan Hill Thomas,9103109/222546/379333,1943708041008,kimia-amanah-sentorsa-nusantara-sejahtera-pharma,410
Badan Resep Bahagia Sejahtera Sejahtera Medik,Jl. Durian Cermat Cluster 19 Kota/Kabupaten MALUKU TENGAH Provinsi MALUKU,POINT(128.98676147005847 -2.8943590570217346),Mark Hill Davis,404731/407297/333528,1890949701510,badan-resep-bahagia-sejahtera-sejahtera-medik,226
Amanah Mutiara Berkah Sejahtera Sejahtera Pharm,Jl. Kuda Kecil Wilayah 14 Kota/Kabupaten LUWU Provinsi SULAWESI SELATAN,POINT(120.0699198268372 -2.813121376410299),Sarah Harris Smith,121830/2104310/10917103,115808533598,amanah-mutiara-berkah-sejahtera-sejahtera-pharm,321
Bakti Mawar Harmoni Apotik Sejahtera Medika,Jl. Sirih Besar Cluster 56 Kota/Kabupaten BERAU Provinsi KALIMANTAN TIMUR,POINT(117.91892797184192 1.3467520699998143),Tom Nelson Moore,617719/10101432/133085,943706911587,bakti-mawar-harmoni-apotik-sejahtera-medika,103
Tubuh Medic Bintang Bumi Sejahtera Apotik,Jl. Sirih Sejahtera Daerah 77 Kota/Kabupaten BANGKA SELATAN Provinsi KEPULAUAN BANGKA BELITUNG,POINT(106.49730965332984 -3.041814618344805),Steve Parker White,1015041/414726/632344,10210056682109,tubuh-medic-bintang-bumi-sejahtera-apotik,515
Lestari Bumi Harmoni Mawar Apotek Jaya,Jl. Balai Pendek Komplek 12 Kota/Kabupaten MUSI BANYUASIN Provinsi SUMATERA SELATAN,POINT(103.53626562386908 -2.742054104780827),Katie Williams Brown,715154/362695/10368106,11071130109186,lestari-bumi-harmoni-mawar-apotek-jaya,769
Sehat Obat Jaya Medic Sejahtera Apotik,Jl. Sirih Cerdas Daerah 100 Kota/Kabupaten KAPUAS HULU Provinsi KALIMANTAN BARAT,POINT(113.51210160764612 0.6166572644219563),John Harris Johnson,615137/233754/6116103,458098150691,sehat-obat-jaya-medic-sejahtera-apotik,154
Bakti Apotik Jaya Surya Jaya Apotek,Jl. Anjing Cepat Cluster 95 Kota/Kabupaten NABIRE Provinsi PAPUA,POINT(135.29200168515894 -3.707054892680096),Megan White Taylor,231181/917722/235302,8112294104410,bakti-apotik-jaya-surya-jaya-apotek,744
Apotik Resep Bintang Mawar Sejahtera Farma,Jl. Anjing Cerdas Komplek 89 Kota/Kabupaten KETAPANG Provinsi KALIMANTAN BARAT,POINT(110.55707223424066 -1.9331417879810413),Steve Adams Thomas,331701/1037322/1050383,91093220483101,apotik-resep-bintang-mawar-sejahtera-farma,378
Bakti Mawar Apotik Bumi Medika Medik,Jl. Rambutan Cermat Cluster 89 Kota/Kabupaten PUNCAK Provinsi PAPUA,POINT(137.58057725575748 -3.918973541281866),Jason Jackson Thompson,881778/1004823/330465,568171800223,bakti-mawar-apotik-bumi-medika-medik,692
Bintang Berkah Surya Medic Medika Apotek,Jl. Tembok Sari Komplek 96 Kota/Kabupaten BELITUNG TIMUR Provinsi KEPULAUAN BANGKA BELITUNG,POINT(108.16996437161131 -2.973069154193535),Sarah Carter Miller,293172/618322/956943,874308698117,bintang-berkah-surya-medic-medika-apotek,694
Medical Murni Makmur Prima Sehat Medik,Jl. Kucing Jenius Cluster 83 Kota/Kabupaten LINGGA Provinsi KEPULAUAN RIAU,POINT(104.41196375580628 -0.4989600935512026),Megan Taylor Harris,115259/213986/335372,107878910742,medical-murni-makmur-prima-sehat-medik,410
Surya Sejahtera Tubuh Sentorsa Sejahtera Bersama,Jl. Tembok Indah Cluster 74 Kota/Kabupaten BATU BARA Provinsi SUMATERA UTARA,POINT(99.48213459964846 3.3442839791430536),Sarah Brown Jackson,1602010/7102939/1310361,5361055076281,surya-sejahtera-tubuh-sentorsa-sejahtera-bersama,191
Amanah Indah Sentorsa Prima Medika Pharma,Jl. Sirih Pendek Wilayah 85 Kota/Kabupaten SUMBA TIMUR Provinsi NUSA TENGGARA TIMUR,POINT(120.29687357515628 -9.823266216230078),Ashley Hill Smith,10101618/859268/3305310,1050197810448,amanah-indah-sentorsa-prima-medika-pharma,352
Prima Indah Tenaga Bakti Pharma Apotik,Jl. Pisang Cepat Daerah 80 Kota/Kabupaten MERAUKE Provinsi PAPUA,POINT(140.73682840651296 -7.196095617204405),Jason Taylor Garcia,567112/2110855/1033380,43031081108610,prima-indah-tenaga-bakti-pharma-apotik,154
Indah Tubuh Sehat Prima Sejahtera Bersama,Jl. Jeruk Indah Komplek 85 Kota/Kabupaten CIANJUR Provinsi JAWA BARAT,POINT(107.1818986916016 -6.758327206065032),Alex Jackson Martinez,711736/4392101/859123,1917801074810,indah-tubuh-sehat-prima-sejahtera-bersama,249
Sejahtera Resep Terang Mawar Jaya Apotik,Jl. Sawah Cerdas Blok 83 Kota/Kabupaten KETAPANG Provinsi KALIMANTAN BARAT,POINT(110.8568743851504 -1.4394576183946342),Katie Jackson Anderson,416514/315210/593670,670814650078,sejahtera-resep-terang-mawar-jaya-apotik,696
Makmur Prima Nusantara Jaya Sehat Farma,Jl. Durian Kecil Cluster 65 Kota/Kabupaten PURBALINGGA Provinsi JAWA TENGAH,POINT(109.39026890053536 -7.203607131079172),Alex Parker Thompson,187778/367332/989435,81101044310281,makmur-prima-nusantara-jaya-sehat-farma,425
Farmasi Tenaga Toko Surya Sejahtera Apotek,Jl. Sawah Sari Wilayah 34 Kota/Kabupaten MAHAKAM ULU Provinsi KALIMANTAN TIMUR,POINT(114.7438841635183 0.8525918182906906),Alex Parker Brown,2101569/201271/304287,6199208102470,farmasi-tenaga-toko-surya-sejahtera-apotek,513
Prima Prima Badan Berkah Sehat Sejahtera,Jl. Pisang Indah Wilayah 63 Kota/Kabupaten KLATEN Provinsi JAWA TENGAH,POINT(110.59220104260535 -7.740289684281486),Jason Clark Moore,712048/2052101/280389,885872481204,prima-prima-badan-berkah-sehat-sejahtera,365
Sejahtera Tenaga Sentorsa Jaya Pharma Apotik,Jl. Durian Cermat Wilayah 83 Kota/Kabupaten CILACAP Provinsi JAWA TENGAH,POINT(108.68984305222658 -7.389005803214718),David Martinez Martinez,110895/289644/10647310,185234780966,sejahtera-tenaga-sentorsa-jaya-pharma-apotik,338
Cemerlang Makmur Berkah Bintang Sejahtera Bersama,Jl. Apel Cerdas Komplek 78 Kota/Kabupaten DOGIYAI Provinsi PAPUA,POINT(135.6457425946626 -4.202226936451412),Ashley Brown Thomas,51018110/251010610/549395,1027480410528,cemerlang-makmur-berkah-bintang-sejahtera-bersama,246
Sejahtera Nusantara Apotik Bintang Jaya Farma,Jl. Sirih Cerah Daerah 18 Kota/Kabupaten FAKFAK Provinsi PAPUA BARAT,POINT(133.57472925509484 -3.0301587617636727),David Taylor Davis,9077101/891522/3844610,1818510276600,sejahtera-nusantara-apotik-bintang-jaya-farma,103
Kimia Sentorsa Apotik Medic Sejahtera Jaya,Jl. Kebun Cepat Daerah 76 Kota/Kabupaten KEEROM Provinsi PAPUA,POINT(140.52008645987922 -3.1233080163174947),Rachel Clark Moore,121938/932190/4385105,446485916708,kimia-sentorsa-apotik-medic-sejahtera-jaya,397
Farmasi Mutiara Medical Tubuh Sejahtera Medika,Jl. Durian Jenius Komplek 46 Kota/Kabupaten SORONG Provinsi PAPUA BARAT,POINT(131.5590425196273 -1.0405958730426246),Lauren Johnson Moore,10376101/2581042/4139100,13056110062108,farmasi-mutiara-medical-tubuh-sejahtera-medika,309
Kimia Apotik Indah Makmur Apotek Medika,Jl. Kuda Cepat Daerah 44 Kota/Kabupaten PENAJAM PASER UTARA Provinsi KALIMANTAN TIMUR,POINT(116.64747344412832 -0.9064402412937104),Jason Thomas Martinez,605118/7451027/4106932,814298411104,kimia-apotik-indah-makmur-apotek-medika,746
Sejahtera Nusantara Obat Resep Pharm Apotek,Jl. Gajah Sejahtera Daerah 45 Kota/Kabupaten SUMBAWA Provinsi NUSA TENGGARA BARAT,POINT(118.0821698831534 -8.763759903629289),Megan Anderson Moore,861357/880529/1066303,269718206509,sejahtera-nusantara-obat-resep-pharm-apotek,642
Jaya Amanah Nusantara Sejahtera Medika Medik,Jl. Gunung Pendek Blok 28 Kota/Kabupaten MALINAU Provinsi KALIMANTAN UTARA,POINT(115.56244800352356 1.636717415177106),Mark Martinez Johnson,7710401/482865/303970,70891071248101,jaya-amanah-nusantara-sejahtera-medika-medik,810
Sentorsa Terang Farmasi Jaya Apotik Medik,Jl. Kebun Kecil Blok 9 Kota/Kabupaten BANYUASIN Provinsi SUMATERA SELATAN,POINT(104.77640568730172 -2.564658369037552),David Jones Jones,729138/929147/993871,362104978290,sentorsa-terang-farmasi-jaya-apotik-medik,395
Tenaga Sentorsa Prima Medical Medik Pharm,Jl. Sirih Cerdas Komplek 7 Kota/Kabupaten ACEH TENGAH Provinsi ACEH,POINT(97.23869800033354 4.303708307710444),John Parker Robinson,958311/1310522/10102338,910801081102405,tenaga-sentorsa-prima-medical-medik-pharm,81
Harmoni Indah Sejahtera Bakti Apotek Pharma,Jl. Gedung Cermat Komplek 33 Kota/Kabupaten PELALAWAN Provinsi RIAU,POINT(102.26710107583943 0.0404900249671715),Matt Lewis White,176176/325832/3851025,181810686870,harmoni-indah-sejahtera-bakti-apotek-pharma,435
Tubuh Kimia Murni Indah Bersama Medika,Jl. Jeruk Jenius Blok 68 Kota/Kabupaten MERAUKE Provinsi PAPUA,POINT(140.33497312954648 -8.03319542087112),Michael Clark Jackson,293174/1053221/973398,4100118610515,tubuh-kimia-murni-indah-bersama-medika,571
Cemerlang Prima Jaya Kimia Sejahtera Farma,Jl. Anjing Sejahtera Wilayah 29 Kota/Kabupaten KUTAI BARAT Provinsi KALIMANTAN TIMUR,POINT(115.45120525093375 -0.8260969026271834),Rachel Lewis Garcia,1106290/1042295/324795,48864108011019,cemerlang-prima-jaya-kimia-sejahtera-farma,21
Makmur Murni Tenaga Sentorsa Apotek Pharma,Jl. Gajah Cermat Wilayah 17 Kota/Kabupaten ACEH TENGAH Provinsi ACEH,POINT(96.48783859641529 4.87620001223625),Jason Lewis Brown,563113/626812/3541013,68121061051109,makmur-murni-tenaga-sentorsa-apotek-pharma,672
Berkah Obat Bahagia Bakti Sejahtera Apotik,Jl. Apel Tinggi Daerah 81 Kota/Kabupaten SERUYAN Provinsi KALIMANTAN TENGAH,POINT(112.18678115899192 -2.5127747793212247),Emily Smith Williams,8710612/223972/395153,1081480185358,berkah-obat-bahagia-bakti-sejahtera-apotik,120
Prima Amanah Tubuh Indah Jaya Sejahtera,Jl. Jeruk Sejahtera Komplek 36 Kota/Kabupaten KUTAI KARTANEGARA Provinsi KALIMANTAN TIMUR,POINT(116.93091920121452 -0.853946711283319),Steve Williams Robinson,104814/352765/41031104,5112581080842,prima-amanah-tubuh-indah-jaya-sejahtera,119
Harmoni Prima Sejahtera Terang Medik Pharma,Jl. Pisang Indah Wilayah 90 Kota/Kabupaten KAPUAS HULU Provinsi KALIMANTAN BARAT,POINT(113.34631361891216 0.4492196264795502),David Carter Martin,185352/6203106/260237,218780665102,harmoni-prima-sejahtera-terang-medik-pharma,875
Badan Obat Bumi Terang Sejahtera Pharm,Jl. Sawah Cerdas Cluster 54 Kota/Kabupaten LABUHANBATU SELATAN Provinsi SUMATERA UTARA,POINT(100.1124622053884 1.7533833975733495),Allison White Martin,1105117/1032724/364062,5482021011017,badan-obat-bumi-terang-sejahtera-pharm,381
Kimia Terang Bumi Murni Medik Jaya,Jl. Gajah Cerah Blok 94 Kota/Kabupaten SAMBAS Provinsi KALIMANTAN BARAT,POINT(109.52689533985652 1.3066427349533942),Ashley Anderson Smith,917807/442394/1039294,918999003306,kimia-terang-bumi-murni-medik-jaya,871
Sentorsa Medical Makmur Jaya Farma Bersama,Jl. Rambutan Tinggi Blok 73 Kota/Kabupaten PELALAWAN Provinsi RIAU,POINT(101.99006692035982 -0.0149535554773905),Alex Johnson Wilson,324178/472934/737116,561682266302,sentorsa-medical-makmur-jaya-farma-bersama,945
Toko Bintang Lestari Resep Apotek Medika,Jl. Sirih Cepat Blok 62 Kota/Kabupaten TANGERANG Provinsi BANTEN,POINT(106.47422318205854 -6.256553666484972),Lauren Hill Harris,188128/602960/883142,107814681026,toko-bintang-lestari-resep-apotek-medika,752
Berkah Farmasi Toko Medic Apotek Medika,Jl. Gedung Kecil Blok 96 Kota/Kabupaten KOTAWARINGIN BARAT Provinsi KALIMANTAN TENGAH,POINT(111.9614243959142 -2.2199085153441924),Ashley Hill Robinson,711475/10731042/3310315,55108100410164,berkah-farmasi-toko-medic-apotek-medika,879
Harmoni Prima Medical Farmasi Farma Sehat,Jl. Sawah Tinggi Komplek 24 Kota/Kabupaten MAHAKAM ULU Provinsi KALIMANTAN TIMUR,POINT(114.6769063334482 0.8197393472414625),Brittany Harris Williams,441533/775233/7103032,472800806178,harmoni-prima-medical-farmasi-farma-sehat,763
Harmoni Bintang Indah Bumi Medik Sehat,Jl. Sawah Cepat Blok 2 Kota/Kabupaten KUANTAN SINGINGI Provinsi RIAU,POINT(101.75452654944864 -0.5672401802392937),Brittany Smith Garcia,10101344/292171/3988010,651001010810512,harmoni-bintang-indah-bumi-medik-sehat,349
Jaya Medical Amanah Sentorsa Sejahtera Jaya,Jl. Gedung Sari Komplek 55 Kota/Kabupaten KUTAI KARTANEGARA Provinsi KALIMANTAN TIMUR,POINT(116.40851006892964 -0.0426075277465152),Emily Clark Moore,301133/2351090/610105103,1998891009278,jaya-medical-amanah-sentorsa-sejahtera-jaya,227
Sehat Medical Amanah Farmasi Medik Pharm,Jl. Gunung Cermat Blok 22 Kota/Kabupaten KUBU RAYA Provinsi KALIMANTAN BARAT,POINT(109.26628837961486 -0.1898326144845654),Allison Brown Miller,247199/2012610/1058330,793185621780,sehat-medical-amanah-farmasi-medik-pharm,380
Bumi Resep Bahagia Lestari Medik Medika,Jl. Kuda Pendek Cluster 86 Kota/Kabupaten KOTAWARINGIN TIMUR Provinsi KALIMANTAN TENGAH,POINT(112.7607668767088 -1.658546151135342),Alex Parker Miller,1610349/1033726/385347,86100594109011,bumi-resep-bahagia-lestari-medik-medika,513
Surya Badan Apotik Medical Apotek Pharma,Jl. Rambutan Tinggi Cluster 2 Kota/Kabupaten SINTANG Provinsi KALIMANTAN BARAT,POINT(112.88616038033985 -0.4076995362922595),Tom Lewis Brown,907130/421283/237617,8602818741102,surya-badan-apotik-medical-apotek-pharma,382
Bumi Medic Badan Harmoni Jaya Medika,Jl. Kota Tinggi Cluster 54 Kota/Kabupaten KUTAI KARTANEGARA Provinsi KALIMANTAN TIMUR,POINT(115.63980553914126 0.817359447825643),Brittany Martinez Brown,540217/846221/401513,358211770568,bumi-medic-badan-harmoni-jaya-medika,64
Bakti Surya Bumi Terang Sejahtera Sehat,Jl. Kucing Sari Daerah 87 Kota/Kabupaten GROBOGAN Provinsi JAWA TENGAH,POINT(110.97144584462596 -7.253196311846795),Steve Smith Thomas,5112105/592776/324293,52018001062104,bakti-surya-bumi-terang-sejahtera-sehat,465
Medic Jaya Harmoni Cemerlang Pharma Jaya,Jl. Kucing Kecil Wilayah 38 Kota/Kabupaten SOLOK Provinsi SUMATERA BARAT,POINT(100.68344746930283 -0.7016473953576075),Mark Nelson Robinson,318244/222724/263452,183418080116,medic-jaya-harmoni-cemerlang-pharma-jaya,180
Mutiara Indah Jaya Obat Bersama Medika,Jl. Mangga Pintar Komplek 46 Kota/Kabupaten MUARO JAMBI Provinsi JAMBI,POINT(103.96546845523903 -1.5742874666318638),Megan Williams Martin,160240/912307/51038310,7006388710617,mutiara-indah-jaya-obat-bersama-medika,50
Tenaga Sejahtera Makmur Terang Bersama Pharma,Jl. Kebun Cepat Wilayah 59 Kota/Kabupaten SIDENRENG RAPPANG Provinsi SULAWESI SELATAN,POINT(119.85688849092402 -3.892362590346545),Tom Martinez Thompson,981856/39810102/973649,62010496481104,tenaga-sejahtera-makmur-terang-bersama-pharma,96
Tenaga Sehat Murni Prima Pharma Bersama,Jl. Tembok Sejahtera Daerah 80 Kota/Kabupaten KONAWE UTARA Provinsi SULAWESI TENGGARA,POINT(121.9691760058409 -3.5532975269559204),Katie Jackson Thomas,1110987/928814/1019673,2832981088101,tenaga-sehat-murni-prima-pharma-bersama,365
Medic Surya Surya Jaya Sehat Farma,Jl. Anjing Sari Cluster 7 Kota/Kabupaten TELUK BINTUNI Provinsi PAPUA BARAT,POINT(133.29019763102997 -1.7872096720197934),Chris Johnson Thomas,357184/1012742/2307610,106105768901,medic-surya-surya-jaya-sehat-farma,887
Makmur Apotik Medical Bumi Apotek Medika,Jl. Gunung Pintar Blok 56 Kota/Kabupaten KOTAWARINGIN BARAT Provinsi KALIMANTAN TENGAH,POINT(111.79559316924572 -2.047061964851276),David Johnson Jackson,424512/205986/3841075,1540087107012,makmur-apotik-medical-bumi-apotek-medika,320
Toko Prima Medic Jaya Sejahtera Sejahtera,Jl. Sirih Indah Blok 79 Kota/Kabupaten BERAU Provinsi KALIMANTAN TIMUR,POINT(118.53184205291444 2.1453776382577043),Ashley Jackson Thomas,4113106/138821/32101022,564871909881,toko-prima-medic-jaya-sejahtera-sejahtera,644
Mutiara Berkah Amanah Toko Pharma Farma,Jl. Sirih Kecil Daerah 30 Kota/Kabupaten BOLAANG MONGONDOW UTARA Provinsi SULAWESI UTARA,POINT(123.63749474519145 0.5793589150689726),Brittany Harris Taylor,857411/823948/635102,801925170085,mutiara-berkah-amanah-toko-pharma-farma,465
Medic Berkah Prima Medical Farma Bersama,Jl. Gunung Cerdas Komplek 1 Kota/Kabupaten BANTAENG Provinsi SULAWESI SELATAN,POINT(120.04827990650932 -5.519342094174926),Ashley Carter Brown,4110813/1242010/3106083,911382034100,medic-berkah-prima-medical-farma-bersama,629
Cemerlang Kimia Mutiara Tenaga Farma Pharm,Jl. Duku Indah Blok 20 Kota/Kabupaten TELUK BINTUNI Provinsi PAPUA BARAT,POINT(134.05004291006222 -2.5253214573235088),Steve Parker Taylor,102718/223962/500053,965198993400,cemerlang-kimia-mutiara-tenaga-farma-pharm,614
Farmasi Harmoni Badan Jaya Sehat Bersama,Jl. Gedung Indah Komplek 62 Kota/Kabupaten DEIYAI Provinsi PAPUA,POINT(136.41893158823862 -4.20610345615931),Sarah Williams Thomas,1031628/262210/9310504,7033718706100,farmasi-harmoni-badan-jaya-sehat-bersama,510
Badan Jaya Mawar Jaya Apotek Sejahtera,Jl. Anjing Kecil Wilayah 45 Kota/Kabupaten BREBES Provinsi JAWA TENGAH,POINT(109.04845260715486 -7.29000711307811),Mark Brown Thomas,146821/757230/914463,1018208118188,badan-jaya-mawar-jaya-apotek-sejahtera,259
Mutiara Tenaga Cemerlang Medic Pharma Sejahtera,Jl. Kebun Cepat Wilayah 29 Kota/Kabupaten KUTAI TIMUR Provinsi KALIMANTAN TIMUR,POINT(116.5247313046942 0.8019372996661343),Emily Nelson Robinson,441510/762897/352387,80181069106464,mutiara-tenaga-cemerlang-medic-pharma-sejahtera,511
Toko Bakti Bumi Indah Farma Medika,Jl. Kota Cerdas Cluster 8 Kota/Kabupaten BERAU Provinsi KALIMANTAN TIMUR,POINT(117.85310530852352 2.326265871750385),Lauren Thomas Moore,642213/2282410/759035,10105961008853,toko-bakti-bumi-indah-farma-medika,383
Indah Surya Bumi Resep Apotik Sejahtera,Jl. Apel Tinggi Wilayah 21 Kota/Kabupaten MERAUKE Provinsi PAPUA,POINT(139.74375710104644 -7.718457206375913),John Thomas Johnson,425126/285892/830122,102314801010138,indah-surya-bumi-resep-apotik-sejahtera,150
Farmasi Indah Bakti Sehat Apotek Bersama,Jl. Gunung Sari Daerah 89 Kota/Kabupaten MAHAKAM ULU Provinsi KALIMANTAN TIMUR,POINT(114.50167864662944 0.6956061952737222),Sarah Adams Jackson,4111037/5162102/471013,9243010134888,farmasi-indah-bakti-sehat-apotek-bersama,118
Surya Medical Bumi Apotik Sejahtera Jaya,Jl. Durian Cerah Daerah 88 Kota/Kabupaten INDRAGIRI HILIR Provinsi RIAU,POINT(103.05693251278794 -0.50355021905877),John Harris Jones,414575/192045/384044,8793110462049,surya-medical-bumi-apotik-sejahtera-jaya,626
Toko Bakti Resep Mutiara Farma Pharm,Jl. Duku Tinggi Komplek 69 Kota/Kabupaten GUNUNG MAS Provinsi KALIMANTAN TENGAH,POINT(113.62255192643714 -0.4525451749272147),Matt Adams Smith,711099/2103677/339369,885581785047,toko-bakti-resep-mutiara-farma-pharm,351
Terang Bumi Cemerlang Tenaga Jaya Sehat,Jl. Sirih Jenius Cluster 99 Kota/Kabupaten KUANTAN SINGINGI Provinsi RIAU,POINT(101.15265014435032 -0.5232506076663466),John Roberts Thompson,918640/8210042/9399010,4033873310218,terang-bumi-cemerlang-tenaga-jaya-sehat,97
Tenaga Lestari Nusantara Sentorsa Jaya Apotek,Jl. Jeruk Kecil Komplek 65 Kota/Kabupaten KEPULAUAN MENTAWAI Provinsi SUMATERA BARAT,POINT(98.92170888596212 -0.951553188704846),Emily Johnson Williams,525319/521162/267663,40811006210810,tenaga-lestari-nusantara-sentorsa-jaya-apotek,154
Mawar Bahagia Toko Surya Apotek Sejahtera,Jl. Kebun Cermat Wilayah 1 Kota/Kabupaten PULAU TALIABU Provinsi MALUKU UTARA,POINT(124.92476012186108 -1.876187759113609),Jessica Taylor Jackson,711191/512735/10483910,621441894103,mawar-bahagia-toko-surya-apotek-sejahtera,598
Tubuh Terang Indah Medic Medika Pharm,Jl. Sawah Sari Blok 65 Kota/Kabupaten KAMPAR Provinsi RIAU,POINT(100.78769423690086 0.6327164463637587),Jessica Nelson Miller,787181/1032057/759231,86108031081810,tubuh-terang-indah-medic-medika-pharm,573
Amanah Mutiara Jaya Surya Jaya Sehat,Jl. Apel Cermat Blok 91 Kota/Kabupaten BENGKULU SELATAN Provinsi BENGKULU,POINT(102.84368738132602 -4.349819051174526),Chris Thomas Jackson,9511016/273604/151283,2303897041021,amanah-mutiara-jaya-surya-jaya-sehat,227
Tenaga Toko Badan Sentorsa Farma Apotek,Jl. Jeruk Cerah Cluster 80 Kota/Kabupaten WAY KANAN Provinsi LAMPUNG,POINT(104.37537086566392 -4.54245617807623),Chris Jones Brown,888147/31023610/11046103,8443310050501,tenaga-toko-badan-sentorsa-farma-apotek,305
Obat Makmur Jaya Sehat Medika Medik,Jl. Jeruk Jenius Komplek 10 Kota/Kabupaten KAIMANA Provinsi PAPUA BARAT,POINT(133.95176451518935 -2.974841944169984),Allison Taylor Taylor,900201/631205/4631000,9871018808487,obat-makmur-jaya-sehat-medika-medik,566
Mutiara Farmasi Tenaga Murni Sejahtera Farma,Jl. Mangga Pintar Blok 64 Kota/Kabupaten KUTAI TIMUR Provinsi KALIMANTAN TIMUR,POINT(117.8553696044942 1.4734040554725762),Alex Anderson Robinson,902511/360442/4133103,643181058839,mutiara-farmasi-tenaga-murni-sejahtera-farma,501
Surya Bahagia Prima Tubuh Sehat Medik,Jl. Balai Cermat Komplek 56 Kota/Kabupaten INDRAGIRI HULU Provinsi RIAU,POINT(102.15948901804218 -0.5042935800702395),Rachel Taylor Thompson,969491/1221006/9321034,4107872708130,surya-bahagia-prima-tubuh-sehat-medik,2
Toko Prima Prima Makmur Jaya Sejahtera,Jl. Jeruk Cermat Daerah 36 Kota/Kabupaten MERAUKE Provinsi PAPUA,POINT(140.21167760942734 -7.434167053183009),Michael Smith Martin,2771010/663192/10103330,30610512810101010,toko-prima-prima-makmur-jaya-sejahtera,584
Toko Resep Amanah Prima Sehat Pharm,Jl. Durian Cepat Wilayah 37 Kota/Kabupaten MAMBERAMO RAYA Provinsi PAPUA,POINT(137.7883210177379 -1.8211958375306576),Brittany Jones Jones,10121013/988124/584636,8001076360108,toko-resep-amanah-prima-sehat-pharm,968
Tubuh Mutiara Bintang Berkah Apotek Bersama,Jl. Anjing Sejahtera Cluster 5 Kota/Kabupaten KOTA DUMAI Provinsi RIAU,POINT(101.47851029576512 1.5840618297999622),Jason Jones Taylor,1100181/338272/813081,238893102624,tubuh-mutiara-bintang-berkah-apotek-bersama,458
Kimia Bumi Jaya Sejahtera Apotek Pharm,Jl. Ikan Cermat Cluster 63 Kota/Kabupaten ACEH TENGAH Provinsi ACEH,POINT(96.67408736292089 4.669885686857766),Emily Martinez Jackson,8752110/271672/106453,61810107205569,kimia-bumi-jaya-sejahtera-apotek-pharm,131
Harmoni Lestari Prima Terang Bersama Medika,Jl. Duku Kecil Cluster 83 Kota/Kabupaten TAPANULI TENGAH Provinsi SUMATERA UTARA,POINT(98.8821773564612 1.7219067277837947),Rachel Smith Johnson,784271/211952/206308,3814911054057,harmoni-lestari-prima-terang-bersama-medika,548
Prima Nusantara Tubuh Bintang Apotik Pharm,Jl. Gajah Cerdas Blok 73 Kota/Kabupaten MUSI RAWAS UTARA Provinsi SUMATERA SELATAN,POINT(102.72428327735427 -2.930970066848051),Allison Thomas Smith,314110/1392310/2510463,892510638651,prima-nusantara-tubuh-bintang-apotik-pharm,762
Prima Sentorsa Lestari Jaya Sejahtera Apotek,Jl. Apel Kecil Daerah 12 Kota/Kabupaten SARMI Provinsi PAPUA,POINT(138.15208514659258 -1.8090430450798856),Rachel Carter Williams,10881015/428680/394114,146104306280,prima-sentorsa-lestari-jaya-sejahtera-apotek,159
Sehat Indah Obat Badan Sejahtera Pharm,Jl. Durian Tinggi Komplek 12 Kota/Kabupaten DAIRI Provinsi SUMATERA UTARA,POINT(98.4744570085522 2.7747965595746216),Michael Martinez Jackson,8533110/608288/753054,983814270423,sehat-indah-obat-badan-sejahtera-pharm,85
Jaya Apotik Obat Murni Sejahtera Jaya,Jl. Tembok Cermat Blok 42 Kota/Kabupaten BANDUNG Provinsi JAWA BARAT,POINT(107.66575984388098 -7.278774163498981),Matt Roberts Garcia,212587/823146/2510139,93081091981109,jaya-apotik-obat-murni-sejahtera-jaya,266
Farmasi Sehat Murni Sejahtera Sehat Apotik,Jl. Kebun Besar Daerah 77 Kota/Kabupaten KONAWE SELATAN Provinsi SULAWESI TENGGARA,POINT(122.29948208999672 -4.336662541650819),Katie Jackson Robinson,1063715/6910325/844143,61945413101080,farmasi-sehat-murni-sejahtera-sehat-apotik,278
Tenaga Badan Bintang Bakti Apotek Bersama,Jl. Kuda Cerdas Cluster 79 Kota/Kabupaten MAHAKAM ULU Provinsi KALIMANTAN TIMUR,POINT(114.57823339842096 0.8151569684763231),Megan Thomas Davis,1510706/585825/379132,1986695010818,tenaga-badan-bintang-bakti-apotek-bersama,614
Terang Harmoni Amanah Sejahtera Apotek Jaya,Jl. Pisang Kecil Komplek 76 Kota/Kabupaten KAPUAS HULU Provinsi KALIMANTAN BARAT,POINT(113.65542287584884 0.7030788299005177),Tom White Harris,944313/101081024/337296,165259003896,terang-harmoni-amanah-sejahtera-apotek-jaya,332
Sehat Bintang Bakti Bumi Medik Apotek,Jl. Kuda Sari Komplek 18 Kota/Kabupaten PRINGSEWU Provinsi LAMPUNG,POINT(104.92311361395453 -5.346349316807015),Steve Williams Jones,284012/955271/309991,671990628764,sehat-bintang-bakti-bumi-medik-apotek,182
Sentorsa Prima Toko Bahagia Pharm Medika,Jl. Apel Sejahtera Daerah 12 Kota/Kabupaten ASMAT Provinsi PAPUA,POINT(137.93957953320592 -4.879129761391988),Lauren Parker Taylor,3346101/995332/376030,90101038558154,sentorsa-prima-toko-bahagia-pharm-medika,748
Jaya Sejahtera Berkah Bahagia Sehat Bersama,Jl. Anjing Cerah Wilayah 83 Kota/Kabupaten TOLIKARA Provinsi PAPUA,POINT(138.1962528014847 -3.466635894930471),Alex Nelson Jones,16510010/5061102/315936,84058373110210,jaya-sejahtera-berkah-bahagia-sehat-bersama,706
Medic Sentorsa Medical Makmur Sejahtera Apotik,Jl. Gedung Cermat Blok 59 Kota/Kabupaten MAMBERAMO TENGAH Provinsi PAPUA,POINT(139.27432191963447 -3.727065947283063),Rachel Thomas Smith,541811/3281099/328292,1821007141898,medic-sentorsa-medical-makmur-sejahtera-apotik,724
Jaya Sehat Resep Cemerlang Medik Farma,Jl. Anjing Kecil Komplek 42 Kota/Kabupaten SERUYAN Provinsi KALIMANTAN TENGAH,POINT(112.11531264198136 -1.923790553549166),Katie Martinez Thompson,81066101/838267/10941310,10172083483410,jaya-sehat-resep-cemerlang-medik-farma,150
Sentorsa Berkah Cemerlang Badan Medika Bersama,Jl. Sirih Sari Komplek 62 Kota/Kabupaten NABIRE Provinsi PAPUA,POINT(135.72964812457224 -3.126235739050574),John Johnson Smith,551715/221720/313048,815577094408,sentorsa-berkah-cemerlang-badan-medika-bersama,741
Berkah Surya Prima Sehat Medik Apotik,Jl. Sirih Besar Daerah 94 Kota/Kabupaten HALMAHERA SELATAN Provinsi MALUKU UTARA,POINT(127.40308603960784 -0.451291824528246),Lauren Thomas Williams,164618/130228/935803,2622011061989,berkah-surya-prima-sehat-medik-apotik,580
Surya Sejahtera Prima Terang Sehat Jaya,Jl. Duku Kecil Daerah 86 Kota/Kabupaten BANGKA BARAT Provinsi KEPULAUAN BANGKA BELITUNG,POINT(105.61279033836328 -1.8547947418237327),Tom Brown Davis,970801/383425/506963,7560881026641,surya-sejahtera-prima-terang-sehat-jaya,156
Mawar Surya Toko Obat Farma Apotek,Jl. Sirih Cepat Wilayah 39 Kota/Kabupaten KUPANG Provinsi NUSA TENGGARA TIMUR,POINT(124.0325723903445 -9.74696551579761),Mark White Jackson,543601/264091/753437,133060385130,mawar-surya-toko-obat-farma-apotek,221
Bakti Farmasi Apotik Medic Jaya Apotik,Jl. Kota Jenius Wilayah 8 Kota/Kabupaten NIAS SELATAN Provinsi SUMATERA UTARA,POINT(98.42616971625462 -0.4048022149200143),Ashley Parker Miller,784116/290044/330613,207215808594,bakti-farmasi-apotik-medic-jaya-apotik,278
Surya Terang Medical Badan Jaya Farma,Jl. Apel Cepat Wilayah 49 Kota/Kabupaten KOTA BANJARBARU Provinsi KALIMANTAN SELATAN,POINT(114.79838293760965 -3.4577939495938885),Ashley Nelson Moore,160102/286575/834235,2011055208071,surya-terang-medical-badan-jaya-farma,28
Sentorsa Bintang Surya Surya Sejahtera Apotek,Jl. Pisang Pendek Komplek 40 Kota/Kabupaten LABUHANBATU SELATAN Provinsi SUMATERA UTARA,POINT(99.9255256938644 1.9542912183551573),Lauren Clark Thompson,9941110/10942910/1538710,60106811053005,sentorsa-bintang-surya-surya-sejahtera-apotek,576
Makmur Terang Jaya Toko Sejahtera Medika,Jl. Apel Tinggi Komplek 24 Kota/Kabupaten KATINGAN Provinsi KALIMANTAN TENGAH,POINT(113.56605135095585 -3.098337218026243),Ashley Harris Jackson,1100037/251220/315191,7186050109381,makmur-terang-jaya-toko-sejahtera-medika,34
Sentorsa Berkah Surya Apotik Medik Pharma,Jl. Sirih Jenius Blok 33 Kota/Kabupaten OGAN KOMERING ILIR Provinsi SUMATERA SELATAN,POINT(105.65262836555095 -3.292511438075258),Allison Martinez Miller,7610241/742267/737964,1400310786852,sentorsa-berkah-surya-apotik-medik-pharma,118
Surya Berkah Prima Murni Apotek Medik,Jl. Tembok Cepat Daerah 14 Kota/Kabupaten ASMAT Provinsi PAPUA,POINT(138.01273556059255 -4.9573147020012485),Alex Anderson Davis,727991/522167/388535,6378001810819,surya-berkah-prima-murni-apotek-medik,336
Mawar Terang Apotik Harmoni Sejahtera Farma,Jl. Apel Cerdas Komplek 94 Kota/Kabupaten SERUYAN Provinsi KALIMANTAN TENGAH,POINT(112.39372294557955 -3.218853505972138),David Clark Anderson,806146/202867/386350,1018708703606,mawar-terang-apotik-harmoni-sejahtera-farma,614
Makmur Bumi Cemerlang Apotik Medika Farma,Jl. Sawah Indah Cluster 24 Kota/Kabupaten ROKAN HILIR Provinsi RIAU,POINT(101.05823202349106 1.8582885486677387),Chris Nelson Anderson,418695/139232/503738,7665410058178,makmur-bumi-cemerlang-apotik-medika-farma,385
Medic Sentorsa Bumi Surya Apotek Pharm,Jl. Gunung Pendek Blok 2 Kota/Kabupaten SUMBA TIMUR Provinsi NUSA TENGGARA TIMUR,POINT(120.66995380444672 -10.088940751777566),David Taylor Jones,618406/8121086/389615,867390911217,medic-sentorsa-bumi-surya-apotek-pharm,147
Bumi Bakti Obat Prima Apotek Sejahtera,Jl. Gedung Indah Komplek 57 Kota/Kabupaten KOTAWARINGIN TIMUR Provinsi KALIMANTAN TENGAH,POINT(112.69649579538678 -1.473490008724628),Jason Taylor Anderson,208416/245480/519793,3107210311548,bumi-bakti-obat-prima-apotek-sejahtera,207
Toko Sehat Amanah Sentorsa Apotek Sejahtera,Jl. Sirih Pendek Komplek 46 Kota/Kabupaten MURUNG RAYA Provinsi KALIMANTAN TENGAH,POINT(114.50532826493595 0.543063026906399),Matt Lewis Harris,513311/2101238/683544,817278112180,toko-sehat-amanah-sentorsa-apotek-sejahtera,151
Harmoni Badan Prima Sentorsa Medik Sehat,Jl. Rambutan Kecil Komplek 66 Kota/Kabupaten TEBO Provinsi JAMBI,POINT(102.21242268503268 -0.9952792030978088),Chris Williams Smith,10611014/488902/8752310,1041598097263,harmoni-badan-prima-sentorsa-medik-sehat,898
Bakti Jaya Harmoni Obat Sehat Apotik,Jl. Kucing Indah Cluster 64 Kota/Kabupaten BONE Provinsi SULAWESI SELATAN,POINT(120.0215100685708 -4.8678262829262975),Emily Roberts Harris,907871/815882/366386,1081910892330,bakti-jaya-harmoni-obat-sehat-apotik,268
Prima Amanah Badan Cemerlang Apotik Apotek,Jl. Tembok Jenius Daerah 38 Kota/Kabupaten KETAPANG Provinsi KALIMANTAN BARAT,POINT(110.17554946348363 -0.5552728086583727),John Jones Garcia,233317/908672/10601038,403101091853100,prima-amanah-badan-cemerlang-apotik-apotek,151
Medical Badan Medic Terang Apotik Pharm,Jl. Sawah Cerdas Cluster 33 Kota/Kabupaten KAPUAS HULU Provinsi KALIMANTAN BARAT,POINT(112.13959401781644 0.5825704277986876),Katie Thomas Harris,435123/250084/76100310,1386106488608,medical-badan-medic-terang-apotik-pharm,164
Bintang Sejahtera Medic Terang Sejahtera Apotik,Jl. Kebun Indah Cluster 51 Kota/Kabupaten MAYBRAT Provinsi PAPUA BARAT,POINT(132.31624690975988 -1.2745651425150246),Mark Harris Robinson,1410464/2212110/273813,1192210680887,bintang-sejahtera-medic-terang-sejahtera-apotik,346
Surya Mutiara Surya Tubuh Sejahtera Apotik,Jl. Gajah Pintar Blok 50 Kota/Kabupaten TAMBRAUW Provinsi PAPUA BARAT,POINT(132.36505102465776 -0.3866647509301675),Ashley Roberts Taylor,831791/860827/1032702,175410881042,surya-mutiara-surya-tubuh-sejahtera-apotik,361
Jaya Indah Berkah Sentorsa Bersama Pharm,Jl. Durian Pendek Daerah 23 Kota/Kabupaten MERAUKE Provinsi PAPUA,POINT(138.94646065578615 -7.273973426095344),Allison Williams Anderson,126194/1094203/6533310,433911804230,jaya-indah-berkah-sentorsa-bersama-pharm,25
Tubuh Toko Medic Badan Sejahtera Medik,Jl. Duku Cepat Wilayah 82 Kota/Kabupaten KAMPAR Provinsi RIAU,POINT(101.0314478370005 -0.1539941297049001),David White Taylor,1114710/547272/610210103,1909543105878,tubuh-toko-medic-badan-sejahtera-medik,479
Badan Resep Toko Prima Farma Pharma,Jl. Duku Pendek Blok 55 Kota/Kabupaten ASMAT Provinsi PAPUA,POINT(138.70500968372238 -4.799353745839703),Katie Jones White,434017/210243/820366,578680111828,badan-resep-toko-prima-farma-pharma,308
Obat Berkah Terang Prima Sehat Pharm,Jl. Ikan Pendek Blok 52 Kota/Kabupaten MEMPAWAH Provinsi KALIMANTAN BARAT,POINT(109.0838355331401 0.3802371294333166),Lauren Nelson Martinez,112581/467921/576430,943838150811,obat-berkah-terang-prima-sehat-pharm,442
Apotik Sehat Prima Bintang Apotik Apotek,Jl. Gajah Pendek Cluster 78 Kota/Kabupaten SOPPENG Provinsi SULAWESI SELATAN,POINT(119.94175904287714 -4.454940634866992),Lauren Brown Anderson,390129/621523/575632,1082433938011,apotik-sehat-prima-bintang-apotik-apotek,167
Terang Sejahtera Medic Apotik Sejahtera Medik,Jl. Durian Cepat Wilayah 82 Kota/Kabupaten BANGKA SELATAN Provinsi KEPULAUAN BANGKA BELITUNG,POINT(106.2111576429876 -2.741274980572729),Brittany Williams Smith,265417/132123/302023,6183650900010,terang-sejahtera-medic-apotik-sejahtera-medik,221
Mutiara Mawar Toko Berkah Sehat Jaya,Jl. Anjing Sari Blok 63 Kota/Kabupaten TANA TIDUNG Provinsi KALIMANTAN UTARA,POINT(116.78451431737872 3.42984888449824),Lauren Jones Moore,641509/175721/9215310,1931305881009,mutiara-mawar-toko-berkah-sehat-jaya,726
Kimia Harmoni Bakti Apotik Farma Pharma,Jl. Durian Pintar Blok 12 Kota/Kabupaten KUTAI KARTANEGARA Provinsi KALIMANTAN TIMUR,POINT(115.66933653009605 0.5441536510741951),Jason Roberts Wilson,781046/736422/348343,5119041874510,kimia-harmoni-bakti-apotik-farma-pharma,830
Nusantara Medical Medic Obat Jaya Bersama,Jl. Mangga Sari Blok 22 Kota/Kabupaten MERAUKE Provinsi PAPUA,POINT(138.75045944955644 -7.455728302475724),Matt Adams Robinson,10179106/351122/580143,140026749118,nusantara-medical-medic-obat-jaya-bersama,365
Bintang Berkah Mutiara Harmoni Jaya Apotik,Jl. Gunung Tinggi Komplek 31 Kota/Kabupaten MUARA ENIM Provinsi SUMATERA SELATAN,POINT(103.8593330786179 -3.744108655363197),Katie Thomas Anderson,916894/429222/7234101,11038514651050,bintang-berkah-mutiara-harmoni-jaya-apotik,159
Jaya Nusantara Resep Prima Pharma Bersama,Jl. Pisang Pendek Komplek 13 Kota/Kabupaten MURUNG RAYA Provinsi KALIMANTAN TENGAH,POINT(114.55559511375876 -0.3237133022798364),Rachel Jackson Thomas,660091/810412/927230,192178050799,jaya-nusantara-resep-prima-pharma-bersama,571
Harmoni Sejahtera Nusantara Bintang Sehat Medika,Jl. Kuda Kecil Daerah 41 Kota/Kabupaten PASER Provinsi KALIMANTAN TIMUR,POINT(116.1603963843729 -1.6492204148615652),Rachel Thomas Jones,2109127/9511023/351150,108140320385,harmoni-sejahtera-nusantara-bintang-sehat-medika,409
Murni Berkah Prima Apotik Medika Apotek,Jl. Tembok Cermat Daerah 89 Kota/Kabupaten MALANG Provinsi JAWA TIMUR,POINT(112.46035004160092 -8.294352068963661),Megan Brown Robinson,1099137/10111022/356250,8561521000284,murni-berkah-prima-apotik-medika-apotek,551
Bakti Medic Bahagia Surya Jaya Pharm,Jl. Rambutan Jenius Blok 8 Kota/Kabupaten PELALAWAN Provinsi RIAU,POINT(102.61353199498365 0.622463696552348),Steve Parker Smith,7811410/382327/51010321,9809710141792,bakti-medic-bahagia-surya-jaya-pharm,571
Sehat Mawar Terang Mutiara Farma Bersama,Jl. Duku Cerdas Cluster 49 Kota/Kabupaten PURWOREJO Provinsi JAWA TENGAH,POINT(109.8358590017389 -7.762695269903981),Katie Carter Martin,2018101/10301027/10310410,496797108081,sehat-mawar-terang-mutiara-farma-bersama,48
Bakti Harmoni Tenaga Resep Medik Sejahtera,Jl. Gedung Pendek Komplek 19 Kota/Kabupaten MUARA ENIM Provinsi SUMATERA SELATAN,POINT(103.61309995334672 -4.006300663653649),Sarah Brown Smith,8197101/22102103/9933107,8615013240710,bakti-harmoni-tenaga-resep-medik-sejahtera,499
Berkah Tenaga Sejahtera Terang Apotik Medika,Jl. Gajah Besar Blok 54 Kota/Kabupaten KETAPANG Provinsi KALIMANTAN BARAT,POINT(110.97598004606498 -0.7027139385906356),Ashley Smith Thompson,1081315/242160/3833610,847886917102,berkah-tenaga-sejahtera-terang-apotik-medika,171
Bahagia Mawar Indah Amanah Pharm Sejahtera,Jl. Gunung Cerdas Blok 1 Kota/Kabupaten MELAWI Provinsi KALIMANTAN BARAT,POINT(111.4020164138986 -1.1527179103655474),Katie Johnson Harris,1063512/3108162/704328,8001051126611,bahagia-mawar-indah-amanah-pharm-sejahtera,430
Jaya Bumi Bakti Cemerlang Sehat Bersama,Jl. Jeruk Kecil Daerah 42 Kota/Kabupaten MAMBERAMO TENGAH Provinsi PAPUA,POINT(139.141214416891 -3.637454240464506),Alex Hill Robinson,8106137/1108225/393213,459428989301,jaya-bumi-bakti-cemerlang-sehat-bersama,880
Lestari Sehat Indah Sejahtera Pharma Sehat,Jl. Sawah Besar Daerah 80 Kota/Kabupaten SORONG Provinsi PAPUA BARAT,POINT(131.6032636848078 -1.357743534042255),Matt Lewis Davis,328941/103222/242923,129270897229,lestari-sehat-indah-sejahtera-pharma-sehat,338
Resep Sentorsa Terang Medical Apotek Sehat,Jl. Jeruk Cermat Cluster 88 Kota/Kabupaten OGAN ILIR Provinsi SUMATERA SELATAN,POINT(104.6271620768089 -3.33172208248456),Michael Taylor Garcia,1106475/9452210/945830,153928190927,resep-sentorsa-terang-medical-apotek-sehat,3
Berkah Terang Kimia Cemerlang Pharma Bersama,Jl. Rambutan Cermat Wilayah 87 Kota/Kabupaten MERANGIN Provinsi JAMBI,POINT(101.87667580840076 -2.208136602734092),John Parker Davis,186666/273956/663945,170759132885,berkah-terang-kimia-cemerlang-pharma-bersama,238
Nusantara Sehat Berkah Lestari Pharma Sejahtera,Jl. Kebun Cerdas Daerah 22 Kota/Kabupaten BANYUASIN Provinsi SUMATERA SELATAN,POINT(104.51370852346408 -2.91391018401451),Brittany Adams Martinez,733160/701236/396040,210800311087107,nusantara-sehat-berkah-lestari-pharma-sejahtera,662
Mutiara Harmoni Apotik Bahagia Pharm Pharma,Jl. Tembok Cermat Komplek 19 Kota/Kabupaten INDRAGIRI HILIR Provinsi RIAU,POINT(103.4889594254736 0.1976130989938145),Megan Thomas Thomas,727115/279973/397605,33758011013109,mutiara-harmoni-apotik-bahagia-pharm-pharma,55
Lestari Tubuh Tenaga Bakti Apotik Pharm,Jl. Sirih Tinggi Blok 4 Kota/Kabupaten KETAPANG Provinsi KALIMANTAN BARAT,POINT(110.22201684417202 -1.5057784040092417),Jason Nelson Garcia,2671091/9256104/131062,588051829101,lestari-tubuh-tenaga-bakti-apotik-pharm,40
Bahagia Makmur Prima Berkah Medika Sejahtera,Jl. Apel Besar Daerah 31 Kota/Kabupaten KETAPANG Provinsi KALIMANTAN BARAT,POINT(110.48682285992788 -0.7176309741129181),Emily Jackson Wilson,8601109/935274/372324,1653688740510,bahagia-makmur-prima-berkah-medika-sejahtera,43
Surya Tubuh Resep Lestari Pharm Sehat,Jl. Gunung Cerdas Daerah 61 Kota/Kabupaten ASAHAN Provinsi SUMATERA UTARA,POINT(99.36275283380552 2.843710940295839),Mark Clark Martin,748185/927614/3338110,4083834102130,surya-tubuh-resep-lestari-pharm-sehat,968
Nusantara Medical Apotik Jaya Jaya Medik,Jl. Tembok Pendek Daerah 30 Kota/Kabupaten YAHUKIMO Provinsi PAPUA,POINT(139.97572365972206 -5.044648665913443),Matt Clark Miller,153316/824292/906132,317781565308,nusantara-medical-apotik-jaya-jaya-medik,336
Bahagia Surya Indah Tubuh Sehat Bersama,Jl. Kebun Cepat Komplek 10 Kota/Kabupaten KOTAWARINGIN BARAT Provinsi KALIMANTAN TENGAH,POINT(111.4955789390858 -2.7869866847931526),Sarah Williams Harris,86101091/4723110/528713,101197151862,bahagia-surya-indah-tubuh-sehat-bersama,117
Sentorsa Terang Nusantara Tenaga Apotik Pharma,Jl. Gunung Kecil Blok 11 Kota/Kabupaten MAPPI Provinsi PAPUA,POINT(139.44013371254624 -6.364641736675887),Brittany Carter Garcia,1011728/320707/380633,649680166000,sentorsa-terang-nusantara-tenaga-apotik-pharma,213
Tubuh Lestari Terang Prima Sejahtera Pharm,Jl. Balai Pintar Cluster 16 Kota/Kabupaten LAMPUNG TENGAH Provinsi LAMPUNG,POINT(104.95073545709226 -5.037740766369821),Mark Parker Robinson,196521/2891110/4631062,10185365510027,tubuh-lestari-terang-prima-sejahtera-pharm,663
Nusantara Obat Mawar Apotik Sejahtera Sehat,Jl. Kuda Kecil Daerah 80 Kota/Kabupaten JAYAWIJAYA Provinsi PAPUA,POINT(138.8227442985891 -3.811271701828158),Michael Thomas Moore,9310510/1051022/3410812,10610098995168,nusantara-obat-mawar-apotik-sejahtera-sehat,385
Mawar Terang Murni Farmasi Jaya Apotek,Jl. Sawah Jenius Wilayah 41 Kota/Kabupaten KUBU RAYA Provinsi KALIMANTAN BARAT,POINT(109.53379858581 -0.3793848679048341),Katie Nelson Smith,681431/220717/633451,318061902880,mawar-terang-murni-farmasi-jaya-apotek,558
Apotik Murni Makmur Jaya Sejahtera Sejahtera,Jl. Ikan Pendek Komplek 73 Kota/Kabupaten MURUNG RAYA Provinsi KALIMANTAN TENGAH,POINT(114.93211505675538 -0.6442921451899952),Ashley Jackson Davis,880841/722327/132478,168141172061,apotik-murni-makmur-jaya-sejahtera-sejahtera,923
Kimia Sehat Jaya Tubuh Jaya Apotek,Jl. Mangga Cerah Daerah 15 Kota/Kabupaten PASAMAN BARAT Provinsi SUMATERA BARAT,POINT(99.5193720807746 0.1338685791793512),David Jones Johnson,1015974/1062224/355329,696078470312,kimia-sehat-jaya-tubuh-jaya-apotek,376
Sejahtera Toko Cemerlang Kimia Jaya Apotik,Jl. Sirih Indah Wilayah 87 Kota/Kabupaten TIMOR TENGAH SELATAN Provinsi NUSA TENGGARA TIMUR,POINT(124.32451996085815 -10.03830054483577),Sarah Martinez Harris,81091091/527243/783600,362083016704,sejahtera-toko-cemerlang-kimia-jaya-apotik,49
Farmasi Terang Jaya Lestari Sejahtera Sehat,Jl. Kota Cerdas Wilayah 16 Kota/Kabupaten BOMBANA Provinsi SULAWESI TENGGARA,POINT(121.8811209111304 -5.086435078981683),Michael Anderson Davis,811793/2686102/7861035,902193836581,farmasi-terang-jaya-lestari-sejahtera-sehat,381
Jaya Apotik Tenaga Mawar Pharma Medika,Jl. Jeruk Pintar Cluster 97 Kota/Kabupaten NABIRE Provinsi PAPUA,POINT(134.86176093834436 -3.269203155410554),Lauren Adams Robinson,418376/10229109/1054533,885116987070,jaya-apotik-tenaga-mawar-pharma-medika,118
Bintang Bahagia Cemerlang Terang Pharm Farma,Jl. Apel Cepat Cluster 79 Kota/Kabupaten KAPUAS Provinsi KALIMANTAN TENGAH,POINT(114.31628901542337 -3.221655938436266),Katie Parker Jones,931359/352068/962366,3710102010810,bintang-bahagia-cemerlang-terang-pharm-farma,140
Sehat Tubuh Prima Mawar Medik Sejahtera,Jl. Gunung Jenius Komplek 53 Kota/Kabupaten MAHAKAM ULU Provinsi KALIMANTAN TIMUR,POINT(115.08481999043512 0.7136296324439364),Jason Brown Thomas,180169/4725010/674369,1910791410859,sehat-tubuh-prima-mawar-medik-sejahtera,338
Jaya Prima Apotik Nusantara Medik Bersama,Jl. Apel Sejahtera Komplek 1 Kota/Kabupaten MERAUKE Provinsi PAPUA,POINT(139.76430154755198 -7.551980924807963),Chris Nelson Brown,930551/122526/389880,634001289202,jaya-prima-apotik-nusantara-medik-bersama,45
Murni Lestari Kimia Apotik Pharm Sejahtera,Jl. Gedung Pendek Blok 20 Kota/Kabupaten MUSI BANYUASIN Provinsi SUMATERA SELATAN,POINT(104.28649550108511 -2.0210353087926745),Brittany Thomas Jackson,303816/229481/448113,3101010620890,murni-lestari-kimia-apotik-pharm-sejahtera,403
Bakti Sentorsa Nusantara Prima Apotek Medika,Jl. Gunung Cerdas Komplek 8 Kota/Kabupaten OGAN KOMERING ILIR Provinsi SUMATERA SELATAN,POINT(105.21522521887016 -3.7469277198302544),Steve Williams Williams,210978/293618/3410918,41059110015810,bakti-sentorsa-nusantara-prima-apotek-medika,9
Tenaga Prima Murni Kimia Farma Sehat,Jl. Gunung Kecil Wilayah 38 Kota/Kabupaten TABALONG Provinsi KALIMANTAN SELATAN,POINT(115.41119076458337 -1.797636691274695),John Jackson Garcia,311798/411427/936533,3761008440101,tenaga-prima-murni-kimia-farma-sehat,963
Murni Terang Obat Apotik Farma Jaya,Jl. Ikan Indah Cluster 4 Kota/Kabupaten SERUYAN Provinsi KALIMANTAN TENGAH,POINT(111.97139838984184 -3.4664535657761526),Alex Johnson Brown,523191/2110271/356409,3539505710810,murni-terang-obat-apotik-farma-jaya,193
Medic Jaya Makmur Badan Apotek Jaya,Jl. Gajah Pendek Komplek 82 Kota/Kabupaten INDRAGIRI HULU Provinsi RIAU,POINT(101.8907825415575 -0.7001247503382739),Jason Taylor Smith,631145/990725/307602,684482707681,medic-jaya-makmur-badan-apotek-jaya,222
Indah Prima Bakti Kimia Sejahtera Apotik,Jl. Jeruk Tinggi Blok 13 Kota/Kabupaten OGAN KOMERING ULU Provinsi SUMATERA SELATAN,POINT(104.01733746277772 -4.353834821315774),Michael Roberts Moore,178041/1081022/3010566,814939170755,indah-prima-bakti-kimia-sejahtera-apotik,217
Sejahtera Kimia Makmur Nusantara Bersama Medika,Jl. Sawah Jenius Wilayah 44 Kota/Kabupaten KAPUAS HULU Provinsi KALIMANTAN BARAT,POINT(111.84985458611445 0.7745774790305564),Chris Smith Moore,932175/892122/308837,837517900351,sejahtera-kimia-makmur-nusantara-bersama-medika,295
Kimia Apotik Terang Toko Medik Pharm,Jl. Tembok Cermat Daerah 42 Kota/Kabupaten NUNUKAN Provinsi KALIMANTAN UTARA,POINT(116.47876293952524 4.22567565443517),Lauren Hill Harris,3321081/2031012/10210183,294280314592,kimia-apotik-terang-toko-medik-pharm,363
Prima Prima Medic Surya Sehat Jaya,Jl. Sawah Cepat Blok 71 Kota/Kabupaten KAMPAR Provinsi RIAU,POINT(100.89976693635444 0.827709651576674),Allison Williams White,108974/3281107/234939,310106221085810,prima-prima-medic-surya-sehat-jaya,246
Murni Nusantara Prima Sejahtera Pharm Sejahtera,Jl. Gajah Jenius Wilayah 92 Kota/Kabupaten PADANG LAWAS UTARA Provinsi SUMATERA UTARA,POINT(99.67494586680468 1.4354606030500676),Megan Harris Wilson,522199/956250/737617,461996089815,murni-nusantara-prima-sejahtera-pharm-sejahtera,122
Amanah Resep Berkah Terang Medik Pharm,Jl. Jeruk Pintar Blok 13 Kota/Kabupaten PUNCAK Provinsi PAPUA,POINT(137.55142409563825 -3.1439988607706084),Megan Harris Harris,624891/428102/8102346,8691069715950,amanah-resep-berkah-terang-medik-pharm,940
Sehat Mutiara Lestari Amanah Apotek Jaya,Jl. Gunung Kecil Daerah 1 Kota/Kabupaten HALMAHERA SELATAN Provinsi MALUKU UTARA,POINT(127.74338900014132 -0.2983081742405638),Katie Thomas Anderson,5110627/1060210/7321043,471568930325,sehat-mutiara-lestari-amanah-apotek-jaya,387
Makmur Jaya Bahagia Badan Bersama Pharma,Jl. Anjing Pendek Wilayah 16 Kota/Kabupaten SINTANG Provinsi KALIMANTAN BARAT,POINT(113.29481419229754 0.0932765544617826),Jason Martinez Davis,119581/269558/347773,18580008108010,makmur-jaya-bahagia-badan-bersama-pharma,143
Mutiara Obat Terang Makmur Pharm Medik,Jl. Anjing Cerdas Wilayah 52 Kota/Kabupaten LUWU TIMUR Provinsi SULAWESI SELATAN,POINT(121.71543077745358 -2.5994283776647507),Megan Nelson Robinson,5991310/3810528/359302,6825435520101,mutiara-obat-terang-makmur-pharm-medik,511
Badan Nusantara Cemerlang Prima Pharm Medika,Jl. Rambutan Cerdas Daerah 75 Kota/Kabupaten WAROPEN Provinsi PAPUA,POINT(136.937004228538 -2.9297179699866795),Rachel Smith Robinson,1091695/492720/584773,711087330189,badan-nusantara-cemerlang-prima-pharm-medika,172
Lestari Medic Terang Medical Bersama Sejahtera,Jl. Balai Tinggi Daerah 60 Kota/Kabupaten OGAN KOMERING ILIR Provinsi SUMATERA SELATAN,POINT(104.95556271918451 -3.231151719762248),Matt Thomas Garcia,274819/1037622/111352,8515250184210,lestari-medic-terang-medical-bersama-sejahtera,164
Sentorsa Jaya Bintang Berkah Medik Pharm,Jl. Jeruk Cerah Cluster 25 Kota/Kabupaten LUWU TIMUR Provinsi SULAWESI SELATAN,POINT(121.11649285266763 -2.5763151680971124),Steve Taylor White,2106513/108124/3144103,900005682011,sentorsa-jaya-bintang-berkah-medik-pharm,355
Bumi Berkah Resep Sejahtera Pharma Sejahtera,Jl. Duku Indah Komplek 59 Kota/Kabupaten PEGUNUNGAN ARFAK Provinsi PAPUA BARAT,POINT(133.54281814951025 -0.998246641182604),Mark Parker Brown,138193/988263/893699,651787380612,bumi-berkah-resep-sejahtera-pharma-sejahtera,477
Surya Kimia Berkah Medic Apotik Sejahtera,Jl. Rambutan Tinggi Cluster 40 Kota/Kabupaten JAYAPURA Provinsi PAPUA,POINT(139.89758137686363 -3.126396993239907),David Brown Johnson,1578106/562228/873905,70800110611040,surya-kimia-berkah-medic-apotik-sejahtera,29
Farmasi Badan Berkah Makmur Medik Farma,Jl. Pisang Sejahtera Wilayah 79 Kota/Kabupaten MAPPI Provinsi PAPUA,POINT(139.08120022252876 -6.958589215150911),Rachel Jones White,845105/829943/331009,106032108110146,farmasi-badan-berkah-makmur-medik-farma,169
Jaya Nusantara Cemerlang Surya Apotik Medik,Jl. Apel Sejahtera Daerah 88 Kota/Kabupaten HULU SUNGAI SELATAN Provinsi KALIMANTAN SELATAN,POINT(115.07686086878115 -2.61496620728858),Mark Clark Garcia,1610160/4055102/414301,308241626034,jaya-nusantara-cemerlang-surya-apotik-medik,421
Murni Badan Farmasi Medic Sejahtera Sejahtera,Jl. Tembok Pintar Wilayah 47 Kota/Kabupaten BLITAR Provinsi JAWA TIMUR,POINT(112.29097514640344 -8.075356618939002),Alex Harris Jones,294196/2849102/2210377,97100681011418,murni-badan-farmasi-medic-sejahtera-sejahtera,370
Terang Mutiara Badan Sentorsa Medika Medik,Jl. Tembok Jenius Cluster 37 Kota/Kabupaten KATINGAN Provinsi KALIMANTAN TENGAH,POINT(113.5903969884188 -3.105538288188285),Mark Brown Miller,159118/260094/587133,918693601085,terang-mutiara-badan-sentorsa-medika-medik,467
Tenaga Surya Resep Mutiara Sehat Bersama,Jl. Kuda Cerdas Wilayah 79 Kota/Kabupaten MAMUJU TENGAH Provinsi SULAWESI BARAT,POINT(119.40999701181524 -1.8503455032743084),Megan Williams Anderson,1810883/852348/491993,7160101013838,tenaga-surya-resep-mutiara-sehat-bersama,110
Medic Lestari Prima Jaya Sejahtera Pharm,Jl. Tembok Kecil Daerah 90 Kota/Kabupaten MERAUKE Provinsi PAPUA,POINT(140.92774919184387 -8.48182193076003),David Johnson Thomas,165886/2896910/555643,4316007816210,medic-lestari-prima-jaya-sejahtera-pharm,24
Surya Sehat Prima Badan Apotik Medik,Jl. Sirih Sari Komplek 30 Kota/Kabupaten MELAWI Provinsi KALIMANTAN BARAT,POINT(111.63085740665689 -0.3124259482820779),Steve Jones Williams,110101100/1719210/8810930,203683511731,surya-sehat-prima-badan-apotik-medik,920
Makmur Cemerlang Sentorsa Resep Apotek Medik,Jl. Gajah Cepat Blok 28 Kota/Kabupaten MIMIKA Provinsi PAPUA,POINT(134.97950606969837 -4.143401008748835),Ashley Roberts Jones,792017/285463/3791064,1010119646482,makmur-cemerlang-sentorsa-resep-apotek-medik,981
Mutiara Berkah Tenaga Surya Jaya Medika,Jl. Balai Sejahtera Blok 93 Kota/Kabupaten PAKPAK BHARAT Provinsi SUMATERA UTARA,POINT(98.13440060805996 2.6971815706351947),Emily Thomas Moore,542501/9714210/10389109,8318880410278,mutiara-berkah-tenaga-surya-jaya-medika,215
Toko Makmur Sentorsa Farmasi Sejahtera Apotek,Jl. Duku Cerah Wilayah 14 Kota/Kabupaten BONE Provinsi SULAWESI SELATAN,POINT(120.27779317015832 -4.262447318785086),Jessica Jackson Williams,4110926/1042141/232783,605083898451,toko-makmur-sentorsa-farmasi-sejahtera-apotek,489
Mawar Obat Bahagia Medic Apotek Pharma,Jl. Sirih Cepat Cluster 49 Kota/Kabupaten TULANG BAWANG Provinsi LAMPUNG,POINT(105.71557752771166 -4.392163060024845),Chris Brown Brown,2910124/2100579/3010347,7082190010571,mawar-obat-bahagia-medic-apotek-pharma,409
Cemerlang Lestari Apotik Bumi Jaya Bersama,Jl. Gedung Sari Komplek 31 Kota/Kabupaten KATINGAN Provinsi KALIMANTAN TENGAH,POINT(112.87645732321204 -0.5653794036116278),Lauren Anderson Jones,824741/2887710/352878,8621703628210,cemerlang-lestari-apotik-bumi-jaya-bersama,192
Jaya Prima Prima Lestari Apotik Bersama,Jl. Kebun Cepat Wilayah 28 Kota/Kabupaten MINAHASA Provinsi SULAWESI UTARA,POINT(124.57473672603186 1.3737102523266491),Allison Williams Thompson,10110111/10250105/390326,2230318551078,jaya-prima-prima-lestari-apotik-bersama,5
Mutiara Mawar Amanah Indah Bersama Apotik,Jl. Anjing Jenius Blok 65 Kota/Kabupaten SITUBONDO Provinsi JAWA TIMUR,POINT(113.96953934964844 -7.6726461579394),Jason Martinez Thomas,11109110/8526310/535782,187051880372,mutiara-mawar-amanah-indah-bersama-apotik,342
Terang Medic Toko Prima Sehat Pharma,Jl. Mangga Cerah Cluster 58 Kota/Kabupaten BONE Provinsi SULAWESI SELATAN,POINT(120.08428337923966 -4.884387218568209),Sarah Johnson Anderson,9141058/683620/6536410,174428967082,terang-medic-toko-prima-sehat-pharma,788
Terang Nusantara Sehat Jaya Medika Apotik,Jl. Ikan Tinggi Blok 66 Kota/Kabupaten KETAPANG Provinsi KALIMANTAN BARAT,POINT(110.4475773787198 -0.4264885635439928),Ashley Anderson Wilson,8101613/986621/386095,21011100085084,terang-nusantara-sehat-jaya-medika-apotik,660
Indah Prima Terang Sehat Medika Farma,Jl. Kuda Sejahtera Cluster 90 Kota/Kabupaten HUMBANG HASUNDUTAN Provinsi SUMATERA UTARA,POINT(98.58892768097016 2.2409526130105046),Sarah Johnson Jackson,110724/221601/130586,158708688403,indah-prima-terang-sehat-medika-farma,603
Jaya Murni Kimia Terang Jaya Pharma,Jl. Apel Cepat Cluster 65 Kota/Kabupaten KOTABARU Provinsi KALIMANTAN SELATAN,POINT(115.95314599350289 -2.626725028256116),Lauren Carter Harris,327601/8206106/201346,3810751108892,jaya-murni-kimia-terang-jaya-pharma,220
Toko Jaya Medic Makmur Pharma Medika,Jl. Gunung Kecil Cluster 11 Kota/Kabupaten MANGGARAI TIMUR Provinsi NUSA TENGGARA TIMUR,POINT(120.52818744207954 -8.624875841539701),Michael Brown Harris,643142/3341021/988322,8761008013330,toko-jaya-medic-makmur-pharma-medika,672
Jaya Mawar Bakti Bahagia Pharma Apotik,Jl. Gunung Cerah Wilayah 98 Kota/Kabupaten KOTAWARINGIN TIMUR Provinsi KALIMANTAN TENGAH,POINT(112.4320005205388 -1.5372231244746644),Ashley Anderson Miller,1080133/107920/1030423,3106782814130,jaya-mawar-bakti-bahagia-pharma-apotik,55
Jaya Prima Surya Prima Farma Jaya,Jl. Rambutan Cepat Daerah 38 Kota/Kabupaten LANGKAT Provinsi SUMATERA UTARA,POINT(98.17481325313656 3.8081127656283336),Jessica Carter Thomas,1008801/524533/39101031,602122905981,jaya-prima-surya-prima-farma-jaya,321
Mawar Obat Resep Badan Sejahtera Pharm,Jl. Sawah Pendek Cluster 3 Kota/Kabupaten KAPUAS HULU Provinsi KALIMANTAN BARAT,POINT(112.57131686261364 0.5680516032385352),Jessica Clark Brown,5002110/532752/1634107,900544941348,mawar-obat-resep-badan-sejahtera-pharm,872
Amanah Mawar Surya Medical Sejahtera Apotik,Jl. Gajah Jenius Wilayah 79 Kota/Kabupaten OGAN KOMERING ILIR Provinsi SUMATERA SELATAN,POINT(105.51115306818129 -3.5134324104147128),Tom Anderson Harris,600811/2447102/5531013,8106879009101,amanah-mawar-surya-medical-sejahtera-apotik,178
Bintang Nusantara Kimia Harmoni Apotik Pharm,Jl. Gedung Cermat Blok 62 Kota/Kabupaten KETAPANG Provinsi KALIMANTAN BARAT,POINT(110.21440225071338 -1.4179053837120108),Jason Anderson Davis,771951/101020101/395020,880711158850,bintang-nusantara-kimia-harmoni-apotik-pharm,31
Murni Sejahtera Mutiara Bahagia Jaya Sejahtera,Jl. Apel Indah Komplek 26 Kota/Kabupaten LABUHANBATU SELATAN Provinsi SUMATERA UTARA,POINT(100.13477779728557 1.9767397398760025),Lauren Roberts Anderson,217254/102829/307002,8090958501108,murni-sejahtera-mutiara-bahagia-jaya-sejahtera,738
Berkah Bintang Amanah Resep Sehat Pharma,Jl. Duku Besar Wilayah 99 Kota/Kabupaten ACEH UTARA Provinsi ACEH,POINT(97.07214991697435 5.018010632590446),Mark Clark Miller,4171011/936203/6463104,310678874586,berkah-bintang-amanah-resep-sehat-pharma,78
Farmasi Harmoni Medic Cemerlang Medika Apotek,Jl. Balai Pintar Cluster 85 Kota/Kabupaten PULANG PISAU Provinsi KALIMANTAN TENGAH,POINT(114.2228608647047 -2.466075226124232),Ashley Carter Thompson,2215810/208845/1038210,889602106262,farmasi-harmoni-medic-cemerlang-medika-apotek,168
Mutiara Tenaga Obat Tubuh Bersama Apotek,Jl. Balai Pintar Cluster 74 Kota/Kabupaten MAMUJU UTARA Provinsi SULAWESI BARAT,POINT(119.4935456791344 -1.6450704494523052),Ashley Nelson White,216745/8912810/390093,50260810161021,mutiara-tenaga-obat-tubuh-bersama-apotek,122
Murni Jaya Surya Medic Sejahtera Sehat,Jl. Rambutan Cermat Wilayah 100 Kota/Kabupaten YALIMO Provinsi PAPUA,POINT(139.05678768852368 -4.031114653690626),Emily Harris Thompson,573197/294700/193441,662833121905,murni-jaya-surya-medic-sejahtera-sehat,108
Prima Terang Apotik Surya Bersama Pharm,Jl. Durian Cermat Daerah 73 Kota/Kabupaten BURU Provinsi MALUKU,POINT(126.55087632660944 -3.365894616443467),Michael Adams Robinson,656197/92103710/7394103,873189697460,prima-terang-apotik-surya-bersama-pharm,696
Medic Bintang Badan Obat Sehat Bersama,Jl. Tembok Cermat Blok 38 Kota/Kabupaten BARITO KUALA Provinsi KALIMANTAN SELATAN,POINT(114.7576480380538 -2.726112456496619),Michael Clark Johnson,315890/2299910/463663,2418001062346,medic-bintang-badan-obat-sehat-bersama,88
Badan Surya Sehat Lestari Sejahtera Pharm,Jl. Anjing Cerdas Komplek 60 Kota/Kabupaten INTAN JAYA Provinsi PAPUA,POINT(136.67856488025907 -3.741403933331672),Matt Hill Garcia,3011100/596412/236108,280934723104,badan-surya-sehat-lestari-sejahtera-pharm,613
Medical Sehat Surya Mawar Medika Farma,Jl. Balai Tinggi Daerah 98 Kota/Kabupaten POLEWALI MANDAR Provinsi SULAWESI BARAT,POINT(119.17488649394176 -3.337261093397584),Mark Johnson Taylor,1651084/3142210/9733710,5883810071109,medical-sehat-surya-mawar-medika-farma,295
Surya Amanah Jaya Sentorsa Apotik Apotek,Jl. Duku Sari Cluster 79 Kota/Kabupaten KAIMANA Provinsi PAPUA BARAT,POINT(134.18458741047635 -2.987893910846256),Matt Brown Martinez,242146/2041040/328600,389680861102,surya-amanah-jaya-sentorsa-apotik-apotek,414
Badan Surya Berkah Terang Farma Medika,Jl. Duku Cerah Wilayah 39 Kota/Kabupaten ACEH TIMUR Provinsi ACEH,POINT(97.75406701759168 4.858921275039373),Jason Hill Robinson,812451/662983/457963,503487143484,badan-surya-berkah-terang-farma-medika,574
Apotik Bahagia Mawar Amanah Pharm Medika,Jl. Tembok Indah Komplek 23 Kota/Kabupaten INDRAGIRI HILIR Provinsi RIAU,POINT(103.2639432623408 0.2105148369255562),Sarah Johnson Martinez,100165/7062105/63104010,81701011108059,apotik-bahagia-mawar-amanah-pharm-medika,84
Resep Makmur Toko Berkah Jaya Bersama,Jl. Pisang Cepat Wilayah 71 Kota/Kabupaten YAHUKIMO Provinsi PAPUA,POINT(139.05573122210473 -4.648009647506899),Jessica Parker Garcia,118921/288150/623893,481273840816,resep-makmur-toko-berkah-jaya-bersama,845
Lestari Berkah Terang Medic Sejahtera Farma,Jl. Gedung Besar Komplek 16 Kota/Kabupaten MUNA BARAT Provinsi SULAWESI TENGGARA,POINT(122.4508890257127 -4.7927801082232495),Ashley Thomas Moore,1117103/9223010/253352,8048082213110,lestari-berkah-terang-medic-sejahtera-farma,271
Farmasi Berkah Medic Nusantara Sehat Medik,Jl. Pisang Kecil Blok 26 Kota/Kabupaten TAPANULI UTARA Provinsi SUMATERA UTARA,POINT(99.036410223493 1.8828227857468176),Katie Jackson Garcia,580312/6224105/463048,501895219610,farmasi-berkah-medic-nusantara-sehat-medik,158
Toko Cemerlang Tenaga Mutiara Medika Sejahtera,Jl. Apel Kecil Komplek 41 Kota/Kabupaten MAPPI Provinsi PAPUA,POINT(139.90034359572934 -6.428441409404855),Rachel Adams Smith,818688/235936/1069330,8045011107053,toko-cemerlang-tenaga-mutiara-medika-sejahtera,561
Bahagia Kimia Berkah Bumi Pharm Farma,Jl. Gajah Sari Blok 30 Kota/Kabupaten SIGI Provinsi SULAWESI TENGAH,POINT(119.93423501157989 -1.1216512289216158),Mark Johnson Miller,2010172/524944/21310100,1610091084181010,bahagia-kimia-berkah-bumi-pharm-farma,117
Surya Nusantara Indah Prima Sejahtera Sehat,Jl. Duku Pendek Daerah 57 Kota/Kabupaten TELUK BINTUNI Provinsi PAPUA BARAT,POINT(133.2796217359244 -1.7054739115562365),Emily Jones Jackson,7111083/6221066/7103526,8558618310101,surya-nusantara-indah-prima-sejahtera-sehat,655
Mutiara Tenaga Badan Murni Sehat Pharm,Jl. Gajah Cermat Wilayah 74 Kota/Kabupaten KAPUAS HULU Provinsi KALIMANTAN BARAT,POINT(112.72658554342186 0.6107802849261059),Sarah Martinez Martin,10061100/2293010/1033310,371586896170,mutiara-tenaga-badan-murni-sehat-pharm,227
Medical Resep Bakti Surya Sehat Bersama,Jl. Durian Kecil Daerah 44 Kota/Kabupaten KARO Provinsi SUMATERA UTARA,POINT(98.22431132811148 3.0681280501688466),Tom Adams Brown,887571/6778210/953532,3074154689105,medical-resep-bakti-surya-sehat-bersama,90
Berkah Murni Terang Bakti Medika Pharm,Jl. Sirih Sari Daerah 98 Kota/Kabupaten SORONG SELATAN Provinsi PAPUA BARAT,POINT(132.30996643464044 -2.0200431241449337),Rachel Smith Thompson,551169/162047/335401,903008351313,berkah-murni-terang-bakti-medika-pharm,574
Cemerlang Sentorsa Prima Bumi Sejahtera Medik,Jl. Duku Cerah Daerah 62 Kota/Kabupaten ASMAT Provinsi PAPUA,POINT(138.7867976933724 -5.143559072279812),John Adams Moore,218774/722940/368074,3108280390471,cemerlang-sentorsa-prima-bumi-sejahtera-medik,897
Jaya Terang Prima Tenaga Pharma Apotek,Jl. Duku Cerdas Blok 97 Kota/Kabupaten KUTAI KARTANEGARA Provinsi KALIMANTAN TIMUR,POINT(116.09635596182298 1.31025746091324),Mark Taylor Martinez,180647/392015/7210493,111201074158,jaya-terang-prima-tenaga-pharma-apotek,312
Nusantara Resep Surya Bintang Medik Medika,Jl. Kuda Sejahtera Wilayah 24 Kota/Kabupaten PIDIE Provinsi ACEH,POINT(95.88054474769412 5.04256905455966),Allison Carter Jackson,275191/887328/194366,9578710383109,nusantara-resep-surya-bintang-medik-medika,286
Mawar Badan Terang Apotik Apotik Pharm,Jl. Kebun Kecil Wilayah 71 Kota/Kabupaten JAYAPURA Provinsi PAPUA,POINT(139.76694887306502 -3.471544803945756),Chris Adams Brown,4110478/6248410/4010837,4108210107525,mawar-badan-terang-apotik-apotik-pharm,787
Bahagia Sejahtera Harmoni Bakti Medika Pharma,Jl. Kuda Kecil Blok 80 Kota/Kabupaten MAMBERAMO TENGAH Provinsi PAPUA,POINT(138.68112895126288 -3.7627984725687664),Jessica Jackson Martin,101355/246966/153023,8607610141088,bahagia-sejahtera-harmoni-bakti-medika-pharma,206
Farmasi Bumi Jaya Amanah Pharm Bersama,Jl. Duku Jenius Daerah 67 Kota/Kabupaten BANGGAI Provinsi SULAWESI TENGAH,POINT(122.4893456515334 -1.096049521102941),Sarah White Williams,1268100/4210736/282364,7601102818044,farmasi-bumi-jaya-amanah-pharm-bersama,606
Berkah Bumi Bintang Bakti Medik Sehat,Jl. Ikan Indah Komplek 52 Kota/Kabupaten NUNUKAN Provinsi KALIMANTAN UTARA,POINT(117.0076458436758 4.0731172136535),Sarah Jones Miller,715617/6471210/307968,8752200212103,berkah-bumi-bintang-bakti-medik-sehat,932
Resep Amanah Makmur Tubuh Sejahtera Pharm,Jl. Mangga Cepat Daerah 46 Kota/Kabupaten OGAN KOMERING ILIR Provinsi SUMATERA SELATAN,POINT(105.7681572145519 -3.062977055410624),Steve Taylor Thompson,3371104/926340/255302,127535018901,resep-amanah-makmur-tubuh-sejahtera-pharm,326
Jaya Tubuh Prima Cemerlang Apotek Medik,Jl. Rambutan Kecil Cluster 75 Kota/Kabupaten HULU SUNGAI TENGAH Provinsi KALIMANTAN SELATAN,POINT(115.70792936587702 -2.581026794476589),Megan Roberts Harris,783918/7902101/855735,4097101435892,jaya-tubuh-prima-cemerlang-apotek-medik,27
Surya Bumi Sentorsa Medical Apotik Bersama,Jl. Ikan Besar Komplek 37 Kota/Kabupaten PULANG PISAU Provinsi KALIMANTAN TENGAH,POINT(113.78924455969845 -2.421182674582882),Steve Adams Taylor,6801018/620207/743390,8191061804764,surya-bumi-sentorsa-medical-apotik-bersama,362
Bakti Surya Jaya Apotik Medik Apotik,Jl. Tembok Kecil Cluster 13 Kota/Kabupaten MADIUN Provinsi JAWA TIMUR,POINT(111.524506839683 -7.702363239387227),David Jackson Johnson,3108115/227939/888043,2100112809540,bakti-surya-jaya-apotik-medik-apotik,228
Sehat Jaya Bintang Bahagia Sejahtera Apotek,Jl. Ikan Jenius Blok 74 Kota/Kabupaten TOLITOLI Provinsi SULAWESI TENGAH,POINT(120.36806087813513 0.8643320792752647),Alex Jones Martinez,902817/2581036/536384,861020839801,sehat-jaya-bintang-bahagia-sejahtera-apotek,492
Berkah Surya Lestari Mutiara Jaya Farma,Jl. Apel Pendek Daerah 84 Kota/Kabupaten BANGKA BARAT Provinsi KEPULAUAN BANGKA BELITUNG,POINT(105.61738169553564 -1.992050471401129),Emily Clark Martin,619112/5107257/523340,3510120748178,berkah-surya-lestari-mutiara-jaya-farma,383
Kimia Apotik Mawar Berkah Sehat Farma,Jl. Kucing Pintar Cluster 46 Kota/Kabupaten GARUT Provinsi JAWA BARAT,POINT(107.50343987256105 -7.497410986734252),Rachel Taylor Smith,9315103/212891/836136,910761095103810,kimia-apotik-mawar-berkah-sehat-farma,100
Terang Kimia Lestari Jaya Medika Jaya,Jl. Gajah Cerah Komplek 4 Kota/Kabupaten PAHUWATO Provinsi GORONTALO,POINT(122.0726377176147 0.8775965738745128),Brittany Taylor White,968132/216893/1510304,7722801016545,terang-kimia-lestari-jaya-medika-jaya,324
Bakti Berkah Medical Tubuh Sejahtera Farma,Jl. Gedung Kecil Cluster 5 Kota/Kabupaten LOMBOK TIMUR Provinsi NUSA TENGGARA BARAT,POINT(116.67103729510056 -8.363338068468654),David Parker Smith,190040/402182/924535,916369609812,bakti-berkah-medical-tubuh-sejahtera-farma,845
Apotik Resep Sejahtera Terang Pharma Medik,Jl. Durian Pintar Blok 37 Kota/Kabupaten MERAUKE Provinsi PAPUA,POINT(140.35256073318268 -8.199463229686941),Matt Williams Davis,9185510/422992/359610,778280067861,apotik-resep-sejahtera-terang-pharma-medik,697
Berkah Resep Murni Harmoni Bersama Sejahtera,Jl. Tembok Tinggi Blok 58 Kota/Kabupaten BERAU Provinsi KALIMANTAN TIMUR,POINT(117.7793679459208 1.5804665980594788),Allison Roberts Garcia,6011099/651243/934583,2406840101486,berkah-resep-murni-harmoni-bersama-sejahtera,425
Terang Bakti Kimia Bahagia Sehat Sejahtera,Jl. Duku Indah Cluster 30 Kota/Kabupaten PACITAN Provinsi JAWA TIMUR,POINT(111.04753988174758 -8.2087750447516),David Nelson Jackson,181470/352242/1401093,220814788001,terang-bakti-kimia-bahagia-sehat-sejahtera,794
Jaya Terang Bintang Prima Pharma Pharm,Jl. Tembok Pintar Cluster 89 Kota/Kabupaten MAMBERAMO RAYA Provinsi PAPUA,POINT(137.63258349509272 -3.0703055623976603),Matt Roberts White,778551/572006/3371063,310995050807,jaya-terang-bintang-prima-pharma-pharm,552
Toko Prima Surya Terang Sejahtera Jaya,Jl. Sawah Pendek Wilayah 25 Kota/Kabupaten ACEH TENGAH Provinsi ACEH,POINT(97.0714258954587 4.414756647167334),Steve Roberts Johnson,716273/220250/1045383,816001190120,toko-prima-surya-terang-sejahtera-jaya,77
Harmoni Tenaga Jaya Prima Apotek Bersama,Jl. Duku Tinggi Daerah 69 Kota/Kabupaten MAHAKAM ULU Provinsi KALIMANTAN TIMUR,POINT(114.54242380847305 1.0989658624242402),Steve Brown Jackson,1310223/37105210/104325,1102465016458,harmoni-tenaga-jaya-prima-apotek-bersama,993
